1 0
0.998026 0.0628319
0.992112 0.125416
0.982281 0.187504
0.968573 0.248853
0.951041 0.309219
0.929754 0.368364
0.904796 0.426055
0.876267 0.482064
0.844278 0.53617
0.808956 0.588159
0.770441 0.637826
0.728884 0.684976
0.684449 0.729421
0.637312 0.770986
0.58766 0.809508
0.535687 0.844834
0.4816 0.876824
0.425611 0.905353
0.367942 0.930308
0.30882 0.95159
0.24848 0.969115
0.187158 0.982815
0.125097 0.992634
0.0625428 0.998535
-0.0002585 1.00049
-0.0630588 0.998503
-0.12561 0.99257
-0.187666 0.982718
-0.24898 0.968987
-0.309312 0.95143
-0.368423 0.930118
-0.426079 0.905133
-0.482053 0.876575
-0.536124 0.844556
-0.588078 0.809204
-0.637711 0.770656
-0.684826 0.729067
-0.729238 0.684599
-0.77077 0.637428
-0.80926 0.587741
-0.844555 0.535733
-0.876516 0.481611
-0.905016 0.425587
-0.929944 0.367883
-0.9512 0.308727
-0.968701 0.248352
-0.982378 0.186996
-0.992177 0.124902
-0.998058 0.0623156
-1 -0.000517256
-0.997993 -0.0633481
-0.992047 -0.125929
-0.982184 -0.188012
-0.968444 -0.249354
-0.950881 -0.309711
-0.929563 -0.368845
-0.904576 -0.426523
-0.876018 -0.482517
-0.844001 -0.536607
-0.808652 -0.588578
-0.770111 -0.638225
-0.72853 -0.685353
-0.684072 -0.729775
-0.636914 -0.771316
-0.587241 -0.809812
-0.53525 -0.845111
-0.481146 -0.877073
-0.425143 -0.905573
-0.367461 -0.930498
-0.308329 -0.95175
-0.247979 -0.969244
-0.18665 -0.982912
-0.124584 -0.992699
-0.0620268 -0.998567
0.000775501 -1.00049
0.0635748 -0.99847
0.126123 -0.992505
0.188173 -0.982621
0.249481 -0.968858
0.309804 -0.95127
0.368903 -0.929927
0.426546 -0.904912
0.482506 -0.876325
0.53656 -0.844279
0.588496 -0.808899
0.638109 -0.770326
0.685203 -0.728712
0.729591 -0.684221
0.7711 -0.637029
0.809564 -0.587322
0.844832 -0.535296
0.876765 -0.481157
0.905236 -0.425119
0.930134 -0.367402
0.95136 -0.308235
0.96883 -0.247851
0.982475 -0.186488
0.992241 -0.124389
0.99809 -0.0617993
0.999999 0.00103451
0.997961 0.0638643
0.991982 0.126442
0.982087 0.18852
0.968315 0.249855
0.95072 0.310202
0.929372 0.369326
0.904355 0.426991
0.875768 0.48297
0.843723 0.537043
0.808348 0.588996
0.769781 0.638623
0.728175 0.685729
0.683695 0.730128
0.636515 0.771645
0.586823 0.810115
0.534814 0.845387
0.480693 0.877322
0.424675 0.905793
0.36698 0.930688
0.307837 0.951909
0.247478 0.969372
0.186142 0.983008
0.124071 0.992763
0.0615108 0.998599
-0.0012925 1.00049
-0.0640907 0.998437
-0.126636 0.992439
-0.188681 0.982523
-0.249982 0.968729
-0.310295 0.95111
-0.369384 0.929736
-0.427014 0.904692
-0.482958 0.876076
-0.536996 0.844001
-0.588914 0.808595
-0.638507 0.769996
-0.685579 0.728358
-0.729945 0.683844
-0.771429 0.63663
-0.809867 0.586903
-0.845108 0.534859
-0.877013 0.480704
-0.905456 0.424651
-0.930324 0.366921
-0.951519 0.307743
-0.968957 0.247349
-0.982571 0.18598
-0.992305 0.123876
-0.998122 0.0612831
-0.999999 -0.00155177
-0.997927 -0.0643805
-0.991916 -0.126955
-0.98199 -0.189028
-0.968186 -0.250355
-0.95056 -0.310694
-0.929181 -0.369806
-0.904135 -0.427459
-0.875518 -0.483423
-0.843446 -0.537479
-0.808043 -0.589414
-0.769451 -0.639021
-0.727821 -0.686106
-0.683318 -0.730482
-0.636116 -0.771974
-0.586404 -0.810419
-0.534377 -0.845664
-0.48024 -0.87757
-0.424207 -0.906013
-0.366499 -0.930878
-0.307345 -0.952068
-0.246977 -0.9695
-0.185634 -0.983104
-0.123558 -0.992827
-0.0609948 -0.998631
0.0018095 -1.00049
0.0646067 -0.998404
0.127149 -0.992373
0.189189 -0.982426
0.250482 -0.968599
0.310787 -0.950949
0.369864 -0.929545
0.427481 -0.904471
0.483411 -0.875826
0.537432 -0.843723
0.589332 -0.80829
0.638905 -0.769666
0.685955 -0.728003
0.730298 -0.683466
0.771757 -0.636231
0.81017 -0.586484
0.845385 -0.534422
0.877261 -0.48025
0.905675 -0.424182
0.930513 -0.36644
0.951678 -0.30725
0.969085 -0.246848
0.982667 -0.185472
0.992369 -0.123363
0.998154 -0.0607668
0.999998 0.00206902
0.997894 0.0648967
0.991851 0.127468
0.981892 0.189536
0.968056 0.250856
0.950399 0.311186
0.92899 0.370287
0.903914 0.427926
0.875269 0.483876
0.843168 0.537916
0.807739 0.589832
0.769121 0.639419
0.727466 0.686482
0.68294 0.730835
0.635717 0.772303
0.585985 0.810722
0.53394 0.84594
0.479786 0.877819
0.423739 0.906232
0.366018 0.931067
0.306853 0.952227
0.246476 0.969628
0.185126 0.9832
0.123045 0.992891
0.0604788 0.998662
-0.0023265 1.00049
-0.0651226 0.99837
-0.127662 0.992308
-0.189697 0.982328
-0.250983 0.96847
-0.311278 0.950788
-0.370344 0.929353
-0.427949 0.904249
-0.483863 0.875576
-0.537868 0.843445
-0.589749 0.807985
-0.639302 0.769335
-0.686331 0.727648
-0.730651 0.683088
-0.772086 0.635832
-0.810473 0.586065
-0.845661 0.533985
-0.877509 0.479796
-0.905894 0.423714
-0.930702 0.365958
-0.951836 0.306758
-0.969213 0.246347
-0.982763 0.184963
-0.992433 0.122849
-0.998185 0.0602505
-0.999997 -0.00258628
-0.99786 -0.0654128
-0.991785 -0.127981
-0.981794 -0.190044
-0.967927 -0.251357
-0.950238 -0.311677
-0.928799 -0.370767
-0.903692 -0.428394
-0.875018 -0.484329
-0.84289 -0.538352
-0.807434 -0.590249
-0.76879 -0.639817
-0.727111 -0.686858
-0.682562 -0.731188
-0.635318 -0.772632
-0.585566 -0.811025
-0.533502 -0.846216
-0.479333 -0.878067
-0.42327 -0.906451
-0.365537 -0.931256
-0.306361 -0.952386
-0.245975 -0.969755
-0.184618 -0.983296
-0.122532 -0.992955
-0.0599627 -0.998694
0.0028435 -1.00049
0.0656385 -0.998336
0.128174 -0.992241
0.190204 -0.982229
0.251483 -0.96834
0.311769 -0.950627
0.370825 -0.929162
0.428416 -0.904028
0.484316 -0.875325
0.538304 -0.843167
0.590167 -0.80768
0.6397 -0.769004
0.686707 -0.727293
0.731004 -0.68271
0.772415 -0.635432
0.810776 -0.585646
0.845936 -0.533547
0.877757 -0.479342
0.906113 -0.423245
0.930891 -0.365477
0.951995 -0.306266
0.96934 -0.245846
0.982858 -0.184455
0.992496 -0.122336
0.998216 -0.0597341
0.999995 0.00310353
0.997826 0.065929
