1 0
1 0
0.999961 0.00628319
0.999882 0.0125661
0.999763 0.0188486
0.999605 0.0251303
0.999408 0.031411
0.999171 0.0376904
0.998895 0.0439684
0.998579 0.0502446
0.998224 0.0565189
0.997829 0.0627909
0.997395 0.0690605
0.996922 0.0753273
0.996409 0.0815911
0.995857 0.0878517
0.995265 0.0941089
0.994635 0.100362
0.993965 0.106612
0.993255 0.112857
0.992507 0.119098
0.991719 0.125334
0.990892 0.131565
0.990026 0.137791
0.989121 0.144012
0.988176 0.150226
0.987193 0.156435
0.98617 0.162638
0.985109 0.168834
0.984009 0.175024
0.98287 0.181206
0.981692 0.187382
0.980475 0.19355
0.979219 0.19971
0.977925 0.205863
0.976592 0.212007
0.97522 0.218143
0.97381 0.224271
0.972362 0.230389
0.970875 0.236499
0.969349 0.242599
0.967785 0.248689
0.966183 0.25477
0.964543 0.260841
0.962865 0.266901
0.961148 0.272951
0.959394 0.27899
0.957602 0.285018
0.955771 0.291034
0.953903 0.297039
0.951997 0.303033
0.950054 0.309014
0.948073 0.314983
0.946054 0.32094
0.943999 0.326884
0.941905 0.332815
0.939775 0.338733
0.937607 0.344637
0.935402 0.350528
0.93316 0.356405
0.930882 0.362268
0.928566 0.368117
0.926214 0.373951
0.923825 0.37977
0.921399 0.385574
0.918937 0.391363
0.916439 0.397136
0.913904 0.402894
0.911333 0.408636
0.908727 0.414362
0.906084 0.420071
0.903405 0.425763
0.900691 0.431439
0.897941 0.437098
0.895155 0.442739
0.892334 0.448363
0.889477 0.453969
0.886586 0.459557
0.883659 0.465127
0.880697 0.470678
0.877701 0.476211
0.87467 0.481725
0.871604 0.48722
0.868503 0.492696
0.865368 0.498152
0.862199 0.503588
0.858996 0.509005
0.855759 0.514401
0.852488 0.519777
0.849183 0.525132
0.845844 0.530467
0.842472 0.535781
0.839067 0.541073
0.835628 0.546344
0.832156 0.551593
0.828652 0.55682
0.825114 0.562026
0.821544 0.567209
0.817941 0.572369
0.814306 0.577507
0.810639 0.582623
0.806939 0.587715
0.803208 0.592783
0.799444 0.597828
0.79565 0.60285
0.791823 0.607848
0.787965 0.612821
0.784076 0.617771
0.780156 0.622695
0.776205 0.627596
0.772223 0.632471
0.768211 0.637321
0.764168 0.642146
0.760095 0.646946
0.755992 0.651719
0.751858 0.656468
0.747695 0.66119
0.743503 0.665885
0.739281 0.670555
0.735029 0.675198
0.730749 0.679814
0.726439 0.684403
0.722101 0.688965
0.717734 0.6935
0.713339 0.698007
0.708915 0.702487
0.704464 0.706939
0.699984 0.711362
0.695477 0.715758
0.690942 0.720125
0.686379 0.724464
0.68179 0.728774
0.677173 0.733055
0.67253 0.737307
0.66786 0.741529
0.663163 0.745723
0.65844 0.749887
0.653692 0.754021
0.648917 0.758125
0.644116 0.762199
0.63929 0.766243
0.634439 0.770256
0.629562 0.774239
0.62466 0.778192
0.619734 0.782113
0.614783 0.786004
0.609808 0.789863
0.604809 0.793691
0.599785 0.797487
0.594738 0.801252
0.589667 0.804985
0.584573 0.808686
0.579456 0.812356
0.574315 0.815992
0.569152 0.819597
0.563967 0.823169
0.558759 0.826708
0.553529 0.830215
0.548276 0.833689
0.543003 0.83713
0.537707 0.840537
0.53239 0.843911
0.527053 0.847252
0.521694 0.850559
0.516315 0.853832
0.510915 0.857072
0.505495 0.860277
0.500054 0.863449
0.494594 0.866586
0.489115 0.869689
0.483616 0.872757
0.478098 0.875791
0.47256 0.87879
0.467005 0.881754
0.46143 0.884683
0.455837 0.887577
0.450227 0.890436
0.444598 0.89326
0.438952 0.896048
0.433288 0.8988
0.427607 0.901517
0.42191 0.904199
0.416195 0.906844
0.410464 0.909453
0.404717 0.912027
0.398953 0.914564
0.393174 0.917065
0.387379 0.91953
0.381569 0.921958
0.375744 0.924349
0.369904 0.926704
0.364049 0.929022
0.35818 0.931304
0.352296 0.933548
0.346399 0.935755
0.340488 0.937926
0.334563 0.940059
0.328625 0.942154
0.322674 0.944213
0.31671 0.946234
0.310734 0.948217
0.304745 0.950163
0.298745 0.952071
0.292732 0.953942
0.286708 0.955775
0.280672 0.957569
0.274626 0.959326
0.268568 0.961045
0.2625 0.962726
0.256421 0.964368
0.250333 0.965972
0.244234 0.967538
0.238125 0.969066
0.232008 0.970555
0.225881 0.972006
0.219745 0.973418
0.2136 0.974791
0.207447 0.976126
0.201285 0.977423
0.195116 0.97868
0.188939 0.979899
0.182754 0.981079
0.176562 0.982219
0.170364 0.983321
0.164158 0.984385
0.157946 0.985409
0.151728 0.986393
0.145503 0.987339
0.139273 0.988246
0.133037 0.989114
0.126797 0.989942
0.120551 0.990731
0.1143 0.991481
0.108045 0.992191
0.101785 0.992863
0.0955215 0.993495
0.0892541 0.994087
0.0829832 0.99464
0.0767091 0.995154
0.0704318 0.995628
0.0641518 0.996063
0.0578693 0.996458
0.0515844 0.996814
0.0452975 0.99713
0.0390088 0.997407
0.0327186 0.997645
0.0264271 0.997842
0.0201345 0.998001
0.0138411 0.998119
0.00754717 0.998199
0.00125295 0.998238
-0.00504133 0.998238
-0.0113354 0.998199
-0.017629 0.99812
-0.023922 0.998001
-0.0302139 0.997843
-0.0365047 0.997645
-0.0427941 0.997408
-0.0490817 0.997132
-0.0553674 0.996816
-0.0616509 0.99646
-0.067932 0.996065
-0.0742103 0.99563
-0.0804858 0.995156
-0.086758 0.994643
-0.0930268 0.99409
-0.0992919 0.993498
-0.105553 0.992866
-0.11181 0.992196
-0.118063 0.991486
-0.124311 0.990736
-0.130554 0.989948
-0.136791 0.98912
-0.143024 0.988253
-0.149251 0.987347
-0.155471 0.986402
-0.161686 0.985417
-0.167894 0.984394
-0.174096 0.983332
-0.180291 0.982231
-0.186478 0.981091
-0.192659 0.979912
-0.198831 0.978694
-0.204996 0.977438
-0.211152 0.976143
-0.217301 0.974809
-0.22344 0.973437
-0.229571 0.972026
-0.235693 0.970577
-0.241805 0.969089
-0.247908 0.967563
-0.254001 0.965999
-0.260084 0.964396
-0.266157 0.962755
-0.272219 0.961076
-0.27827 0.95936
-0.284311 0.957605
-0.29034 0.955812
-0.296357 0.953982
-0.302363 0.952113
-0.308357 0.950208
-0.314339 0.948264
-0.320308 0.946283
-0.326265 0.944265
-0.332209 0.942209
-0.338139 0.940116
-0.344056 0.937986
-0.34996 0.935818
-0.35585 0.933614
-0.361726 0.931373
-0.367587 0.929095
-0.373434 0.92678
-0.379266 0.924428
-0.385083 0.92204
-0.390885 0.919616
-0.396671 0.917155
-0.402442 0.914658
-0.408197 0.912124
-0.413935 0.909555
-0.419658 0.90695
-0.425364 0.904309
-0.431052 0.901632
-0.436724 0.898919
-0.442379 0.896171
-0.448016 0.893388
-0.453635 0.890569
-0.459237 0.887715
-0.46482 0.884826
-0.470385 0.881902
-0.475932 0.878943
-0.481459 0.875949
-0.486968 0.872921
-0.492457 0.869858
-0.497927 0.866761
-0.503377 0.86363
-0.508807 0.860464
-0.514218 0.857265
-0.519607 0.854032
-0.524977 0.850765
-0.530325 0.847464
-0.535653 0.84413
-0.54096 0.840762
-0.546245 0.837362
-0.551508 0.833928
-0.55675 0.830461
-0.56197 0.826962
-0.567168 0.823429
-0.572343 0.819865
-0.577495 0.816268
-0.582625 0.812638
-0.587732 0.808977
-0.592816 0.805284
-0.597876 0.801559
-0.602912 0.797802
-0.607925 0.794014
-0.612914 0.790194
-0.617878 0.786343
-0.622819 0.782462
-0.627734 0.778549
-0.632625 0.774605
-0.637491 0.770631
-0.642332 0.766627
-0.647147 0.762592
-0.651937 0.758527
-0.656701 0.754433
-0.661439 0.750308
-0.666151 0.746154
-0.670837 0.741971
-0.675496 0.737758
-0.680129 0.733516
-0.684735 0.729245
-0.689314 0.724945
-0.693865 0.720617
-0.698389 0.716261
-0.702886 0.711876
-0.707355 0.707463
-0.711796 0.703022
-0.716209 0.698553
-0.720594 0.694057
-0.72495 0.689533
-0.729278 0.684983
-0.733577 0.680405
-0.737847 0.6758
-0.742088 0.671169
-0.7463 0.666511
-0.750482 0.661827
-0.754635 0.657117
-0.758758 0.652381
-0.762851 0.64762
-0.766914 0.642832
-0.770946 0.63802
-0.774949 0.633182
-0.77892 0.628319
-0.782861 0.623432
-0.786771 0.61852
-0.790651 0.613583
-0.794499 0.608623
-0.798315 0.603638
-0.802101 0.59863
-0.805854 0.593598
-0.809576 0.588542
-0.813266 0.583464
-0.816924 0.578362
-0.82055 0.573238
-0.824143 0.568091
-0.827704 0.562922
-0.831232 0.55773
-0.834728 0.552517
-0.838191 0.547281
-0.84162 0.542025
-0.845017 0.536747
-0.84838 0.531447
-0.85171 0.526127
-0.855006 0.520786
-0.858269 0.515425
-0.861497 0.510043
-0.864692 0.504641
-0.867853 0.499219
-0.870979 0.493778
-0.874072 0.488317
-0.87713 0.482837
-0.880153 0.477338
-0.883142 0.47182
-0.886095 0.466283
-0.889014 0.460729
-0.891898 0.455156
-0.894747 0.449565
-0.897561 0.443956
-0.900339 0.43833
-0.903082 0.432687
-0.905789 0.427026
-0.908461 0.421349
-0.911097 0.415655
-0.913697 0.409945
-0.916261 0.404219
-0.918789 0.398477
-0.921281 0.392719
-0.923736 0.386946
-0.926155 0.381157
-0.928538 0.375354
-0.930884 0.369535
-0.933194 0.363702
-0.935467 0.357855
-0.937703 0.351994
-0.939902 0.346119
-0.942064 0.34023
-0.944189 0.334328
-0.946277 0.328413
-0.948328 0.322485
-0.950341 0.316544
-0.952317 0.31059
-0.954256 0.304625
-0.956156 0.298647
-0.95802 0.292658
-0.959845 0.286657
-0.961633 0.280645
-0.963383 0.274622
-0.965096 0.268588
-0.96677 0.262543
-0.968406 0.256489
-0.970004 0.250424
-0.971564 0.244349
-0.973085 0.238265
-0.974569 0.232171
-0.976014 0.226068
-0.977421 0.219956
-0.978789 0.213836
-0.980119 0.207707
-0.98141 0.20157
-0.982662 0.195425
-0.983876 0.189272
-0.985052 0.183112
-0.986188 0.176945
-0.987286 0.170771
-0.988345 0.16459
-0.989365 0.158402
-0.990346 0.152209
-0.991288 0.146009
-0.992191 0.139804
-0.993056 0.133593
-0.993881 0.127377
-0.994667 0.121156
-0.995414 0.11493
-0.996122 0.108699
-0.99679 0.102465
-0.99742 0.096226
-0.99801 0.0899835
-0.998561 0.0837375
-0.999073 0.0774881
-0.999545 0.0712358
-0.999978 0.0649806
-1.00037 0.0587229
-1.00073 0.0524628
-1.00104 0.0462007
-1.00132 0.0399368
-1.00155 0.0336713
-1.00175 0.0274045
-1.00191 0.0211366
-1.00203 0.0148679
-1.00211 0.00859863
-1.00215 0.00232899
-1.00215 -0.00394074
-1.00211 -0.0102103
-1.00203 -0.0164795
-1.00191 -0.022748
-1.00175 -0.0290156
-1.00156 -0.0352821
-1.00132 -0.0415472
-1.00104 -0.0478107
-1.00073 -0.0540723
-1.00038 -0.0603318
-0.999982 -0.0665889
-0.999549 -0.0728433
-0.999077 -0.0790949
-0.998566 -0.0853435
-0.998015 -0.0915886
-0.997425 -0.0978302
-0.996796 -0.104068
-0.996128 -0.110301
-0.995421 -0.116531
-0.994674 -0.122755
-0.993889 -0.128975
-0.993064 -0.13519
-0.9922 -0.1414
-0.991298 -0.147604
-0.990356 -0.153802
-0.989376 -0.159994
-0.988356 -0.16618
-0.987298 -0.172359
-0.986201 -0.178531
-0.985065 -0.184697
-0.98389 -0.190855
-0.982677 -0.197006
-0.981425 -0.203149
-0.980135 -0.209284
-0.978806 -0.215411
-0.977438 -0.221529
-0.976033 -0.227638
-0.974588 -0.233739
-0.973106 -0.239831
-0.971585 -0.245913
-0.970026 -0.251985
-0.968429 -0.258047
-0.966794 -0.2641
-0.965121 -0.270142
-0.96341 -0.276173
-0.961661 -0.282193
-0.959874 -0.288203
-0.95805 -0.294201
-0.956188 -0.300187
-0.954288 -0.306162
-0.952351 -0.312125
-0.950376 -0.318075
-0.948364 -0.324013
-0.946315 -0.329938
-0.944228 -0.33585
-0.942105 -0.341749
-0.939944 -0.347635
-0.937747 -0.353507
-0.935512 -0.359365
-0.933241 -0.365209
-0.930933 -0.371038
-0.928589 -0.376853
-0.926208 -0.382653
-0.92379 -0.388438
-0.921337 -0.394208
-0.918847 -0.399962
-0.916321 -0.405701
-0.913759 -0.411423
-0.911161 -0.41713
-0.908527 -0.42282
-0.905857 -0.428493
-0.903152 -0.43415
-0.900412 -0.439789
-0.897636 -0.445412
-0.894824 -0.451016
-0.891978 -0.456603
-0.889096 -0.462172
-0.88618 -0.467723
-0.883228 -0.473256
-0.880242 -0.47877
-0.877221 -0.484265
-0.874166 -0.489741
-0.871077 -0.495197
-0.867953 -0.500635
-0.864795 -0.506052
-0.861603 -0.51145
-0.858377 -0.516827
-0.855117 -0.522185
-0.851824 -0.527521
-0.848497 -0.532837
-0.845137 -0.538132
-0.841744 -0.543406
-0.838318 -0.548659
-0.834858 -0.553889
-0.831366 -0.559099
-0.827841 -0.564286
-0.824283 -0.569451
-0.820694 -0.574593
-0.817071 -0.579713
-0.813417 -0.58481
-0.809731 -0.589884
-0.806012 -0.594935
-0.802263 -0.599963
-0.798481 -0.604967
-0.794668 -0.609947
-0.790824 -0.614903
-0.786949 -0.619835
-0.783043 -0.624742
-0.779106 -0.629625
-0.775138 -0.634484
-0.77114 -0.639317
-0.767111 -0.644125
-0.763053 -0.648908
-0.758964 -0.653665
-0.754845 -0.658396
-0.750697 -0.663102
-0.746519 -0.667781
-0.742312 -0.672435
-0.738076 -0.677061
-0.73381 -0.681661
-0.729516 -0.686235
-0.725193 -0.690781
-0.720841 -0.6953
-0.716461 -0.699792
-0.712053 -0.704256
-0.707617 -0.708692
-0.703153 -0.713101
-0.698661 -0.717481
-0.694142 -0.721834
-0.689596 -0.726157
-0.685022 -0.730453
-0.680421 -0.734719
-0.675794 -0.738957
-0.67114 -0.743165
-0.666459 -0.747344
-0.661753 -0.751494
-0.65702 -0.755614
-0.652261 -0.759705
-0.647477 -0.763765
-0.642667 -0.767796
-0.637832 -0.771796
-0.632972 -0.775766
-0.628087 -0.779705
-0.623177 -0.783614
-0.618242 -0.787491
-0.613284 -0.791338
-0.608301 -0.795153
-0.603294 -0.798938
-0.598263 -0.80269
-0.593209 -0.806411
-0.588131 -0.810101
-0.58303 -0.813758
-0.577907 -0.817384
-0.57276 -0.820977
-0.567591 -0.824538
-0.5624 -0.828066
-0.557186 -0.831562
-0.551951 -0.835025
-0.546693 -0.838455
-0.541414 -0.841852
-0.536114 -0.845215
-0.530793 -0.848546
-0.525451 -0.851843
-0.520088 -0.855107
-0.514704 -0.858336
-0.509301 -0.861532
-0.503877 -0.864694
-0.498433 -0.867822
-0.49297 -0.870916
-0.487487 -0.873976
-0.481985 -0.877
-0.476464 -0.879991
-0.470925 -0.882947
-0.465366 -0.885867
-0.45979 -0.888753
-0.454195 -0.891604
-0.448582 -0.89442
-0.442952 -0.897201
-0.437304 -0.899946
-0.431639 -0.902655
-0.425957 -0.905329
-0.420258 -0.907968
-0.414543 -0.91057
-0.408811 -0.913137
-0.403063 -0.915667
-0.397299 -0.918162
-0.39152 -0.92062
-0.385725 -0.923042
-0.379914 -0.925428
-0.374089 -0.927777
-0.368249 -0.930089
-0.362395 -0.932365
-0.356526 -0.934604
-0.350643 -0.936806
-0.344747 -0.938971
-0.338837 -0.941099
-0.332913 -0.94319
-0.326976 -0.945244
-0.321026 -0.94726
-0.315064 -0.949239
-0.309089 -0.95118
-0.303102 -0.953084
-0.297104 -0.954951
-0.291093 -0.95678
-0.285071 -0.958571
-0.279037 -0.960324
-0.272993 -0.962039
-0.266938 -0.963716
-0.260872 -0.965355
-0.254796 -0.966956
-0.24871 -0.968519
-0.242614 -0.970044
-0.236509 -0.97153
-0.230394 -0.972978
-0.22427 -0.974388
-0.218137 -0.975759
-0.211996 -0.977091
-0.205846 -0.978385
-0.199688 -0.979641
-0.193522 -0.980857
-0.187349 -0.982035
-0.181168 -0.983174
-0.17498 -0.984274
-0.168785 -0.985336
-0.162584 -0.986358
-0.156376 -0.987342
-0.150162 -0.988286
-0.143941 -0.989192
-0.137716 -0.990058
-0.131484 -0.990885
-0.125248 -0.991673
-0.119007 -0.992422
-0.112761 -0.993132
-0.10651 -0.993802
-0.100255 -0.994433
-0.0939967 -0.995025
-0.0877343 -0.995578
-0.0814685 -0.996091
-0.0751994 -0.996565
-0.0689273 -0.996999
-0.0626525 -0.997394
-0.0563753 -0.99775
-0.0500958 -0.998066
-0.0438143 -0.998343
-0.0375311 -0.99858
-0.0312464 -0.998778
-0.0249605 -0.998936
-0.0186736 -0.999055
-0.0123859 -0.999134
-0.00609779 -0.999174
0.000190588 -0.999174
0.00647896 -0.999135
0.0127671 -0.999056
0.0190547 -0.998938
0.0253415 -0.99878
0.0316274 -0.998583
0.037912 -0.998346
0.0441951 -0.99807
0.0504765 -0.997754
0.0567558 -0.997399
0.0630329 -0.997004
0.0693076 -0.99657
0.0755794 -0.996096
0.0818483 -0.995583
0.088114 -0.995031
0.0943761 -0.994439
0.100635 -0.993808
0.106889 -0.993138
0.113139 -0.992428
0.119385 -0.99168
0.125626 -0.990891
0.131862 -0.990064
0.138093 -0.989197
0.144318 -0.988292
0.150538 -0.987347
0.156752 -0.986363
0.162959 -0.98534
0.16916 -0.984278
0.175354 -0.983177
0.181542 -0.982037
0.187722 -0.980859
0.193895 -0.979641
0.20006 -0.978385
0.206217 -0.97709
0.212366 -0.975756
0.218507 -0.974384
0.224639 -0.972973
0.230762 -0.971524
0.236876 -0.970036
0.24298 -0.96851
0.249075 -0.966945
0.25516 -0.965342
0.261235 -0.963701
0.2673 -0.962022
0.273354 -0.960304
0.279397 -0.958549
0.285429 -0.956755
0.29145 -0.954924
0.29746 -0.953055
0.303457 -0.951148
0.309443 -0.949204
0.315416 -0.947221
0.321377 -0.945202
0.327325 -0.943145
0.33326 -0.94105
0.339182 -0.938919
0.34509 -0.93675
0.350985 -0.934544
0.356866 -0.932301
0.362732 -0.930021
0.368585 -0.927704
0.374422 -0.92535
0.380245 -0.92296
0.386053 -0.920533
0.391846 -0.91807
0.397623 -0.91557
0.403384 -0.913034
0.409129 -0.910462
0.414858 -0.907854
0.420571 -0.90521
0.426267 -0.90253
0.431946 -0.899814
0.437608 -0.897063
0.443253 -0.894276
0.44888 -0.891453
0.454489 -0.888596
0.46008 -0.885703
0.465653 -0.882775
0.471208 -0.879811
0.476744 -0.876814
0.482261 -0.873781
0.487759 -0.870714
0.493237 -0.867612
0.498696 -0.864476
0.504135 -0.861305
0.509555 -0.8581
0.514954 -0.854862
0.520332 -0.851589
0.52569 -0.848283
0.531028 -0.844943
0.536344 -0.84157
0.541639 -0.838163
0.546912 -0.834723
0.552164 -0.83125
0.557393 -0.827744
0.562601 -0.824205
0.567787 -0.820634
0.57295 -0.81703
0.57809 -0.813393
0.583207 -0.809725
0.588301 -0.806024
0.593372 -0.802291
0.598419 -0.798526
0.603443 -0.79473
0.608443 -0.790903
0.613418 -0.787044
0.618369 -0.783153
0.623296 -0.779232
0.628198 -0.77528
0.633075 -0.771297
0.637927 -0.767283
0.642754 -0.763239
0.647555 -0.759165
0.65233 -0.755061
0.65708 -0.750926
0.661804 -0.746762
0.666501 -0.742569
0.671172 -0.738346
0.675816 -0.734093
0.680434 -0.729812
0.685024 -0.725501
0.689588 -0.721162
0.694124 -0.716794
0.698632 -0.712398
0.703113 -0.707974
0.707566 -0.703521
0.711991 -0.699041
0.716388 -0.694533
0.720756 -0.689997
0.725095 -0.685434
0.729406 -0.680844
0.733688 -0.676227
0.737941 -0.671583
0.742165 -0.666912
0.746359 -0.662215
0.750524 -0.657491
0.754658 -0.652742
0.758763 -0.647967
0.762838 -0.643166
0.766883 -0.638339
0.770897 -0.633487
0.774881 -0.62861
0.778833 -0.623708
0.782755 -0.618782
0.786646 -0.613831
0.790506 -0.608855
0.794334 -0.603856
0.798131 -0.598832
0.801897 -0.593785
0.80563 -0.588714
0.809332 -0.58362
0.813001 -0.578502
0.816638 -0.573362
0.820243 -0.568199
0.823815 -0.563013
0.827355 -0.557805
0.830862 -0.552575
0.834336 -0.547324
0.837776 -0.54205
0.841184 -0.536755
0.844558 -0.531438
0.847899 -0.526101
0.851206 -0.520743
0.854479 -0.515364
0.857719 -0.509964
0.860924 -0.504545
0.864096 -0.499105
0.867233 -0.493646
0.870336 -0.488167
0.873404 -0.482668
0.876437 -0.477151
0.879436 -0.471615
0.8824 -0.46606
0.885329 -0.460486
0.888223 -0.454894
0.891082 -0.449284
0.893905 -0.443657
0.896693 -0.438011
0.899445 -0.432349
0.902162 -0.426669
0.904843 -0.420972
0.907488 -0.415259
0.910097 -0.409529
0.91267 -0.403783
0.915207 -0.398021
0.917708 -0.392243
0.920172 -0.38645
0.9226 -0.380641
0.924991 -0.374818
0.927346 -0.368979
0.929663 -0.363126
0.931944 -0.357258
0.934188 -0.351376
0.936395 -0.345481
0.938565 -0.339571
0.940698 -0.333648
0.942793 -0.327712
0.944851 -0.321763
0.946872 -0.315801
0.948855 -0.309827
0.9508 -0.303841
0.952708 -0.297842
0.954578 -0.291831
0.956411 -0.285809
0.958205 -0.279776
0.959961 -0.273732
0.96168 -0.267676
0.96336 -0.261611
0.965002 -0.255534
0.966606 -0.249448
0.968171 -0.243352
0.969699 -0.237246
0.971187 -0.231131
0.972638 -0.225006
0.974049 -0.218873
0.975423 -0.212731
0.976757 -0.20658
0.978053 -0.200422
0.97931 -0.194255
0.980529 -0.188081
0.981708 -0.181899
0.982849 -0.17571
0.983951 -0.169514
0.985013 -0.163312
0.986037 -0.157103
0.987022 -0.150888
0.987967 -0.144666
0.988874 -0.138439
0.989741 -0.132207
0.990569 -0.125969
0.991358 -0.119726
0.992108 -0.113479
0.992819 -0.107227
0.99349 -0.100971
0.994121 -0.0947109
0.994714 -0.088447
0.995267 -0.0821796
0.995781 -0.0759089
0.996255 -0.0696353
0.99669 -0.0633588
0.997085 -0.0570799
0.997441 -0.0507987
0.997757 -0.0445155
0.998034 -0.0382306
0.998272 -0.0319441
0.998469 -0.0256564
0.998628 -0.0193676
0.998747 -0.0130781
0.998826 -0.0067881
0.998866 -0.000497804
