10 35
-282 71
-274 63
-270 59
-262 71
-250 73
-254 75
-262 87
-266 77
-242 67
-250 45
-238 39
-254 47
-218 21
-282 71
-290 87
-310 91
-302 107
-282 101
-290 131
-306 137
-286 141
-298 133
-254 147
-254 143
-298 171
-322 187
-358 197
-362 195
-354 197
-382 205
-398 209
-382 201
-310 177
-338 189
-318 171
-294 151
-286 151
-298 151
-322 169
-382 203
-406 213
-358 197
-366 201
-322 181
-310 173
-346 187
-330 173
-338 157
-298 133
-282 117
-298 117
-270 133
-282 141
-310 147
-350 167
-334 175
-314 175
-314 181
-294 165
-290 157
-322 167
-294 153
-330 159
-338 157
-342 155
-354 153
-326 141
-306 119
-294 129
-294 133
-306 131
-266 135
-262 143
-278 163
-310 177
-346 191
-370 193
-362 189
-374 183
-354 185
-326 173
-342 183
-302 173
-290 159
-290 145
-318 167
-314 169
-342 169
-346 191
-394 205
-374 203
-362 199
-362 197
-374 205
-342 193
-322 185
-302 167
-330 173
-326 163
-338 167
-326 157
-290 135
-254 139
-286 143
-326 169
-326 175
-314 177
-310 163
-298 159
-330 169
-338 163
-286 147
-326 167
-302 163
-346 179
-326 169
-290 171
-282 163
-298 151
-274 159
-286 151
-282 149
-302 167
-326 179
-326 181
-354 189
-366 191
-354 183
-366 191
-342 185
-358 191
-354 191
-318 173
-314 161
-326 177
-342 177
-346 187
-354 191
-354 185
-342 181
-330 175
-354 193
-330 177
-322 179
-350 187
-314 177
-354 183
-366 197
-358 189
-350 185
-362 191
-338 187
-318 181
-334 181
-342 181
-330 171
-330 185
-334 181
-294 169
-346 181
-326 175
-318 163
-314 159
-366 191
-362 189
-358 189
-366 195
-338 183
-294 165
-302 175
-318 177
-306 179
-306 167
-290 151
-314 159
-286 143
-278 133
-290 129
-274 121
-314 137
-310 151
-342 165
-294 147
-290 145
-306 161
-330 159
-306 153
-314 153
-350 163
-322 161
-338 159
-334 155
-326 153
-306 133
-330 151
-294 149
-330 157
-314 155
-290 143
-354 169
-338 161
-326 173
-346 173
-370 185
-362 197
-330 183
-326 185
-382 205
-398 211
-398 209
-350 189
-342 187
-346 191
-358 185
-358 185
-334 173
-326 163
-310 165
-318 169
-346 183
-378 197
-342 189
-378 195
-390 205
-394 205
-362 195
-334 189
-358 195
-326 181
-282 167
-314 181
-306 165
-282 161
-306 165
-306 163
-330 171
-346 165
-302 153
-338 171
-322 185
-358 197
-382 203
-326 185
-334 185
-342 191
-330 185
-298 171
-318 179
-338 175
-266 155
-258 153
-266 153
-266 145
-326 179
-302 163
-314 167
-326 175
-334 183
-350 193
-338 187
-370 197
-398 211
-402 213
-414 215
-382 203
-370 195
-378 203
-334 183
-350 195
-358 187
-366 189
-350 187
-318 171
-274 155
-294 159
-334 165
-322 163
-270 141
-274 129
-274 133
-266 139
-286 139
-258 137
-290 123
-258 143
-278 149
-274 153
-314 155
-330 169
-322 155
-354 179
-342 183
-354 185
-374 193
-346 183
-318 171
-298 167
-310 147
-282 133
-270 123
-262 143
-218 119
-278 139
-278 141
-282 135
-322 155
-362 181
-318 161
-286 133
-290 145
-266 151
-310 153
-322 161
-338 179
-330 173
-378 187
-346 181
-334 193
-334 191
-298 173
-314 177
-314 179
-310 177
-310 165
-314 161
-346 179
-358 191
-350 183
-346 189
-310 175
-322 181
-362 193
-358 191
-342 187
-354 191
-354 191
-326 183
-326 171
-346 179
-374 199
-390 207
-402 213
-370 199
-382 203
-378 195
-374 199
-334 187
-350 185
-342 177
-334 175
-294 171
-278 155
-298 157
-306 167
-326 179
-354 193
-406 211
-398 207
-394 209
-406 213
-374 205
-334 189
-322 179
-290 169
-358 175
-374 199
-378 205
-398 211
-434 221
-422 217
-398 203
-390 209
-370 199
-394 211
-406 213
-406 213
-358 187
-338 177
-354 181
-358 191
-326 167
-338 157
-342 169
-326 169
-318 165
-326 171
-286 165
-350 191
-342 189
-342 185
-318 179
-366 201
-342 187
-326 169
-294 147
-250 145
-310 171
-350 179
-318 167
-342 175
-310 159
-350 179
-366 197
-358 193
-330 187
-322 179
-334 167
-346 173
-318 167
-338 181
-286 161
-334 171
-366 185
-366 193
-330 169
-330 161
-326 169
-350 177
-382 175
-362 151
-314 137
-318 145
-346 167
-310 157
-354 165
-334 167
-310 161
-290 161
-306 175
-246 137
-234 129
-294 139
-314 169
-290 153
-290 151
-310 159
-334 167
-370 179
-338 157
-358 179
-314 167
-346 185
-322 175
-278 147
-286 153
-318 153
-306 145
-266 131
-238 119
-254 115
-290 133
-290 141
-282 127
-278 127
-310 141
-274 113
-238 113
-258 109
-242 97
-246 95
-290 99
-266 81
-242 75
-274 79
-298 85
-262 63
-242 77
-282 103
-286 89
-270 79
-262 75
-250 77
-294 87
-282 67
-290 43
-322 35
-274 33
-278 13
-258 17
-238 7
-266 15
-270 5
-262 3
-274 17
-282 43
-306 55
-278 55
-254 41
-294 39
-278 49
-278 31
-246 9
-262 23
-254 33
-274 29
-290 57
-254 53
-286 77
-282 63
-286 39
-262 57
-274 55
-270 61
-262 61
-286 75
-290 69
-302 63
-274 43
-290 25
-258 3
-242 7
-242 7
-258 11
-266 27
-298 37
-298 7
-302 3
-278 15
-282 17
-282 1
-274 5
-274 11
-282 31
-226 57
-210 31
-198 45
-234 17
-218 3
-250 15
-234 13
-238 21
-262 45
-278 37
-258 7
-258 21
-274 11
-242 1
-230 1
-266 13
-262 29
-254 47
-258 49
-246 49
-290 31
-310 5
-270 9
-250 19
-246 21
-266 29
-262 63
-278 83
-262 115
-274 113
-302 119
-330 137
-318 149
-310 169
-254 149
-306 183
-342 187
-326 173
-318 167
-302 169
-294 163
-290 165
-318 183
-298 173
-314 177
-330 179
-350 187
-326 175
-334 169
-318 159
-366 181
-362 189
-378 199
-358 189
-338 167
-338 159
-314 119
-314 119
-306 129
-290 119
-286 93
-290 109
-298 125
-318 135
-318 123
-334 135
-314 135
-286 141
-318 165
-338 181
-314 177
-306 181
-298 167
-314 173
-350 181
-338 181
-362 191
-362 195
-338 185
-374 193
-338 179
-334 181
-366 193
-354 197
-338 195
-350 193
-366 197
-338 187
-330 189
-374 199
-362 193
-362 193
-318 177
-318 173
-338 179
-322 175
-366 185
-310 175
-310 167
-270 139
-286 113
-290 121
-270 125
-298 145
-318 155
-310 163
-278 145
-274 143
-302 169
-338 177
-318 183
-334 187
-330 181
-338 189
-370 201
-326 183
-306 175
-342 189
-362 195
-366 191
-354 187
-370 193
-374 197
-358 189
-342 179
-330 179
-334 175
-346 187
-322 175
-342 179
-322 175
-354 183
-322 177
-334 185
-358 199
-362 199
-366 193
-370 191
-370 189
-362 193
-354 185
-382 199
-350 189
-346 191
-334 185
-298 161
-330 159
-334 175
-354 181
-342 179
-362 185
-354 189
-354 191
-334 189
-310 179
-326 179
-310 181
-338 189
-354 197
-358 197
-342 189
-334 183
-342 181
-338 177
-322 161
-306 153
-290 143
-294 159
-326 169
-322 169
-334 177
-318 163
-294 165
-290 149
-310 155
-326 153
-302 163
-334 175
-358 183
-326 179
-358 191
-370 201
-378 203
-414 215
-426 219
-378 201
-394 207
-382 203
-366 199
-398 203
-394 197
-346 187
-326 185
-334 189
-330 173
-294 161
-310 167
-310 159
-362 185
-342 187
-346 189
-334 185
-350 193
-362 191
-330 173
-314 171
-318 171
-302 167
-358 195
-330 185
-354 187
-326 185
-310 179
-330 183
-350 193
-334 193
-298 179
-342 189
-354 191
-378 203
-382 205
-386 207
-382 207
-374 201
-394 209
-358 197
-350 197
-338 181
-354 187
-358 185
-326 177
-362 183
-362 189
-390 207
-362 201
-358 199
-362 199
-390 205
-330 187
-358 195
-386 203
-334 181
-314 161
-266 139
-278 127
-290 141
-282 129
-318 129
-302 139
-298 143
-322 147
-310 135
-334 153
-318 151
-286 149
-310 147
-298 151
-310 169
-346 191
-326 169
-310 171
-302 179
-326 179
-342 175
-342 183
-314 173
-338 167
-334 177
-294 155
-302 157
-262 147
-242 143
-234 131
-302 153
-318 161
-310 165
-302 161
-286 149
-314 145
-322 163
-330 161
-338 163
-350 165
-314 163
-318 173
-334 169
-350 189
-346 191
-334 191
-338 193
-366 197
-366 193
-378 201
-386 207
-370 193
-358 193
-346 175
-362 181
-346 173
-354 177
-342 183
-358 193
-330 189
-326 185
-346 193
-322 183
-342 187
-374 193
-370 199
-346 187
-330 185
-318 169
-278 165
-302 177
-294 163
-290 151
-298 145
-270 131
-266 123
-254 117
-270 135
-278 135
-290 133
-318 161
-298 157
-290 157
-290 157
-306 171
-290 167
-302 171
-338 193
-338 187
-362 195
-398 211
-406 211
-394 207
-402 203
-374 199
-350 193
-338 173
-338 183
-358 199
-382 205
-386 199
-342 187
-346 185
-330 173
-318 161
-306 163
-298 145
-286 141
-278 121
-278 123
-274 149
-270 143
-278 141
-314 139
-306 143
-290 131
-302 151
-298 145
-302 159
-330 153
-350 173
-342 161
-330 157
-286 139
-314 143
-290 141
-286 149
-322 167
-338 179
-338 181
-370 201
-338 185
-346 193
-374 199
-406 211
-374 203
-370 199
-390 207
-338 189
-298 167
-322 177
-302 159
-330 173
-310 169
-306 169
-330 167
-298 165
-266 147
-270 133
-282 145
-286 163
-298 167
-258 151
-330 181
-298 157
-294 159
-318 183
-346 195
-334 187
-338 185
-346 191
-342 185
-362 193
-354 189
-302 163
-266 151
-230 139
-266 137
-302 151
-286 139
-274 119
-302 115
-302 111
-274 121
-310 135
-314 153
-306 143
-262 113
-210 113
-238 117
-258 129
-282 119
-282 121
-294 131
-286 131
-302 137
-294 141
-282 137
-350 163
-342 167
-358 173
-322 167
-318 165
-326 173
-322 169
-334 177
-334 173
-294 153
-274 147
-314 167
-334 173
-354 185
-338 179
-314 181
-286 167
-286 153
-270 141
-286 163
-258 157
-306 169
-310 173
-370 191
-330 185
-346 181
-318 169
-338 191
-370 201
-382 207
-362 201
-386 203
-382 205
-386 197
-374 201
-346 193
-358 191
-322 179
-346 187
-374 185
-374 197
-362 197
-370 201
-362 195
-350 187
-338 177
-330 175
-354 183
-318 179
-382 199
-350 189
-306 179
-302 159
-330 187
-318 185
-326 177
-334 179
-362 189
-334 187
-342 191
-326 181
-310 175
-330 173
-322 171
-298 169
-302 169
-330 171
-298 155
-306 163
-270 131
-278 151
-282 157
-282 149
-298 159
-306 167
-310 171
-346 189
-310 173
-322 171
-334 185
-346 185
-330 183
-342 181
-342 181
-326 177
-314 177
-326 185
-354 195
-342 183
-314 167
-334 191
-358 195
-358 195
-314 179
-322 179
-342 187
-330 179
-334 177
-330 181
-350 181
-334 169
-334 177
-338 175
-306 169
-314 163
-314 171
-326 175
-274 151
-266 143
-290 161
-282 153
-282 157
-250 139
-338 157
-330 155
-286 165
-290 173
-314 171
-358 185
-342 179
-310 175
-294 175
-358 193
-374 187
-366 191
-378 189
-326 175
-354 185
-382 195
-378 199
-370 199
-406 213
-426 217
-402 211
-386 207
-306 163
-334 183
-358 195
-330 187
-314 177
-294 151
-326 177
-346 191
-362 195
-366 191
-350 191
-350 193
-382 207
-402 213
-370 199
-338 185
-334 187
-306 175
-330 189
-346 193
-330 191
-314 181
-342 191
-370 193
-322 175
-366 201
-366 191
-378 203
-338 189
-370 195
-342 181
-370 199
-366 193
-358 197
-350 195
-334 187
-306 173
-274 155
-334 179
-334 173
-310 167
-298 153
-310 163
-266 147
-294 153
-294 143
-290 143
-298 147
-274 137
-274 135
-294 159
-326 175
-306 157
-298 137
-330 149
-342 141
-318 141
-250 117
-266 135
-250 121
-266 101
-278 117
-298 103
-322 111
-310 115
-298 101
-258 113
-258 135
-266 125
-318 133
-318 113
-322 119
-302 103
-306 105
-310 105
-326 109
-314 113
-314 123
-310 127
-306 131
-310 103
-270 71
-258 47
-286 39
-258 13
-266 13
-266 15
-246 23
-258 57
-258 83
-278 63
-254 75
-290 87
-286 99
-274 101
-298 111
-270 119
-298 129
-302 121
-282 109
-242 95
-258 97
-274 87
-262 73
-266 93
-290 111
-274 93
-286 101
-226 63
-278 53
-266 53
-294 29
-250 29
-218 21
-254 23
-306 21
-286 29
-270 37
-262 47
-266 57
-258 55
-214 37
-250 43
-230 35
-222 33
-238 11
-230 5
-214 9
-234 35
-254 43
-254 47
-254 53
-262 47
-234 29
-190 5
-198 5
-218 11
-194 5
-186 3
-206 11
-242 17
-226 33
-226 31
-214 15
-250 21
-282 7
-314 31
-274 35
-254 35
-270 13
-266 9
-262 3
-266 1
-290 15
-258 23
-274 81
-286 71
-282 75
-286 85
-290 87
