14 11
-354 189
-386 201
-366 195
-386 205
-358 191
-370 191
-358 195
-342 191
-330 185
-354 195
-322 183
-298 169
-306 165
-322 177
-298 161
-334 171
-326 165
-318 169
-310 169
-302 139
-326 135
-310 121
-298 115
-290 105
-290 97
-266 97
-278 99
-242 89
-262 93
-282 103
-262 121
-270 107
-278 113
-302 85
-286 85
-278 93
-266 89
-226 79
-290 79
-266 75
-274 67
-274 77
-258 55
-242 61
-222 13
-214 1
-282 13
-266 15
-254 41
-274 47
-246 67
-250 71
-270 69
-270 37
-290 73
-294 69
-310 59
-298 71
-318 93
-318 75
-310 87
-294 83
-294 87
-262 77
-278 77
-282 63
-282 105
-306 99
-310 103
-302 91
-310 91
-334 99
-302 95
-286 95
-286 95
-278 109
-286 141
-278 147
-306 163
-354 181
-378 193
-358 195
-370 199
-386 205
-402 209
-394 211
-362 197
-390 201
-314 165
-314 161
-346 181
-398 207
-358 191
-370 199
-402 199
-390 207
-378 197
-402 209
-374 197
-366 191
-370 199
-386 193
-378 173
-374 159
-370 157
-322 143
-342 151
-334 149
-342 177
-318 169
-314 181
-342 175
-346 185
-346 177
-366 197
-370 201
-354 197
-354 193
-322 173
-318 181
-298 167
-350 183
-342 175
-330 165
-346 177
-342 187
-354 195
-358 189
-366 195
-386 205
-378 199
-402 207
-394 207
-386 207
-390 209
-362 199
-350 195
-322 185
-314 179
-322 183
-294 173
-322 165
-322 171
-334 173
-346 181
-330 175
-318 161
-314 149
-314 155
-306 151
-330 161
-314 161
-306 165
-314 161
-342 179
-330 175
-326 173
-314 167
-286 159
-298 169
-326 173
-298 169
-334 183
-326 185
-310 179
-330 187
-382 203
-362 199
-374 197
-354 197
-366 185
-382 183
-354 177
-334 169
-338 167
-366 191
-370 197
-370 193
-358 185
-354 187
-330 183
-318 177
-358 185
-334 185
-334 173
-346 167
-334 175
-322 165
-350 189
-322 173
-318 173
-330 175
-350 181
-330 183
-290 155
-270 137
-298 143
-298 135
-294 147
-326 153
-314 155
-330 153
-322 149
-330 163
-326 163
-314 155
-294 147
-290 157
-290 143
-318 143
-310 141
-326 143
-334 147
-318 155
-318 167
-274 149
-326 171
-266 147
-238 141
-266 153
-290 163
-306 165
-322 169
-314 155
-330 163
-306 155
-334 173
-306 165
-354 183
-370 189
-366 193
-342 191
-374 199
-390 207
-378 201
-338 185
-306 173
-326 179
-346 189
-354 183
-342 173
-322 171
-310 159
-306 137
-298 127
-314 133
-302 131
-282 123
-246 133
-274 117
-250 111
-286 119
-314 137
-334 159
-334 167
-306 155
-330 167
-346 161
-290 153
-342 173
-354 183
-338 177
-362 171
-362 183
-334 161
-314 147
-318 153
-274 159
-306 157
-326 159
-322 181
-350 189
-390 201
-362 185
-374 191
-346 191
-338 183
-338 181
-294 155
-290 163
-306 161
-326 181
-350 181
-338 177
-310 159
-314 157
-314 167
-290 163
-306 163
-282 165
-326 177
-342 185
-338 183
-290 161
-290 167
-302 165
-310 159
-326 165
-310 165
-326 171
-318 173
-346 173
-350 181
-338 179
-342 187
-370 189
-378 205
-346 185
-362 195
-346 193
-378 203
-366 201
-394 211
-410 213
-362 197
-354 193
-338 187
-310 175
-274 161
-314 179
-342 183
-346 195
-378 203
-354 191
-350 195
-382 203
-370 201
-362 201
-382 205
-354 193
-366 201
-350 193
-362 193
-334 183
-330 183
-342 185
-370 199
-370 195
-374 199
-350 185
-346 185
-350 187
-318 179
-334 189
-370 197
-406 209
-414 211
-394 211
-418 217
-426 219
-390 209
-382 205
-402 211
-370 197
-370 199
-358 187
-346 193
-362 197
-362 197
-342 193
-374 201
-366 181
-330 151
-318 147
-334 135
-350 157
-358 161
-358 177
-310 149
-318 155
-314 157
-302 145
-334 155
-362 187
-342 189
-346 183
-362 193
-374 199
-390 201
-338 185
-350 181
-346 183
-326 179
-326 179
-354 193
-338 189
-330 189
-318 173
-318 171
-354 193
-386 199
-410 213
-402 209
-410 215
-394 207
-414 215
-362 195
-366 197
-382 205
-386 209
-410 213
-390 201
-362 197
-370 201
-358 195
-382 203
-374 201
-370 197
-390 205
-382 205
-402 209
-370 201
-402 211
-414 215
-398 203
-402 203
-394 199
-374 191
-346 183
-326 173
-318 179
-310 175
-322 185
-370 199
-354 193
-366 199
-366 199
-394 211
-378 205
-390 209
-378 199
-378 201
-354 189
-378 195
-366 191
-346 185
-342 193
-374 205
-382 207
-382 205
-354 197
-358 199
-354 195
-422 213
-406 213
-410 215
-394 205
-362 199
-390 209
-386 207
-378 201
-394 209
-374 203
-386 205
-386 205
-374 201
-378 203
-374 203
-406 211
-398 203
-398 205
-374 203
-366 199
-406 213
-354 193
-378 203
-378 205
-314 177
-294 167
-342 177
-318 163
-322 181
-330 181
-354 189
-330 183
-326 163
-326 171
-342 177
-330 179
-354 191
-366 195
-382 203
-390 205
-370 203
-390 209
-366 195
-374 201
-370 199
-366 189
-346 191
-358 193
-354 197
-358 195
-378 203
-362 199
-382 201
-354 193
-370 187
-374 201
-366 197
-326 169
-306 151
-310 157
-358 179
-330 167
-326 165
-350 161
-374 171
-374 161
-306 137
-330 149
-298 133
-270 129
-326 151
-330 155
-318 129
-310 113
-318 111
-274 117
-294 117
-278 103
-254 89
-298 99
-298 113
-310 119
-302 101
-302 105
-310 97
-298 119
-294 121
-310 139
-358 167
-326 149
-306 137
-334 137
-322 143
-318 143
-342 157
-350 169
-322 135
-302 157
-282 129
-310 147
-318 143
-354 161
-346 155
-318 145
-326 147
-298 143
-314 155
-326 165
-370 177
-370 177
-346 171
-354 179
-310 161
-314 159
-330 169
-330 137
-326 131
-362 145
-366 147
-354 175
-366 175
-354 161
-322 145
-314 127
-286 103
-310 131
-306 135
-302 113
-290 121
-306 141
-306 157
-298 161
-306 167
-290 167
-354 185
-350 187
-350 185
-350 191
-282 169
-306 177
-314 173
-322 177
-322 177
-310 165
-306 157
-278 161
-298 177
-354 197
-378 207
-410 213
-418 215
-406 213
-398 209
-338 185
-326 181
-334 183
-306 175
-322 177
-326 175
-350 187
-370 199
-370 197
-378 199
-374 201
-386 199
-334 181
-366 197
-406 211
-382 205
-370 195
-366 195
-386 193
-346 187
-342 175
-354 191
-374 199
-362 195
-378 203
-378 203
-370 199
-362 197
-350 197
-342 191
-362 199
-358 195
-370 199
-382 207
-362 199
-358 191
-354 201
-350 191
-342 183
-350 193
-358 199
-354 187
-422 217
-410 213
-398 211
-390 205
-370 195
-342 187
-374 201
-354 187
-358 187
-362 195
-374 203
-370 197
-358 187
-354 175
-322 161
-326 159
-286 133
-282 135
-290 113
-286 109
-290 131
-290 107
-318 129
-290 123
-294 121
-306 119
-310 127
-302 133
-330 135
-310 123
-298 121
-318 131
-346 121
-330 119
-302 113
-310 105
-290 111
-262 93
-290 91
-246 63
-266 93
-238 85
-234 77
-194 73
-198 117
-242 129
-274 133
-262 133
-282 129
-294 139
-286 133
-330 145
-330 155
-314 155
-350 183
-346 189
-374 197
-338 183
-318 171
-346 185
-350 175
-362 183
-346 175
-354 179
-362 187
-354 181
-314 169
-310 167
-346 187
-366 199
-374 205
-362 199
-354 191
-346 183
-362 193
-362 199
-350 195
-338 187
-358 199
-390 205
-362 199
-382 203
-358 189
-322 173
-338 189
-306 169
-338 179
-346 191
-386 205
-386 203
-398 209
-386 203
-342 191
-334 175
-302 163
-286 159
-334 189
-382 205
-378 199
-366 199
-374 201
-354 187
-366 179
-386 193
-410 207
-394 205
-370 193
-370 187
-366 189
-370 181
-314 157
-318 181
-298 165
-334 181
-330 179
-354 189
-354 191
-366 197
-334 189
-330 185
-342 193
-398 211
-378 197
-402 207
-394 207
-370 199
-334 185
-362 197
-386 207
-362 197
-378 203
-378 203
-370 197
-386 199
-390 205
-322 183
-362 191
-358 191
-358 187
-366 199
-394 209
-370 205
-382 205
-370 201
-378 197
-370 199
-358 197
-342 189
-382 207
-406 213
-422 217
-374 199
-402 207
-362 197
-366 193
-370 189
-354 187
-382 197
-338 183
-326 179
-330 181
-346 187
-354 195
-402 207
-386 207
-378 201
-330 185
-334 171
-314 171
-298 153
-314 163
-330 173
-334 181
-350 185
-318 173
-358 193
-358 195
-382 203
-370 199
-390 203
-370 189
-294 161
-318 167
-262 157
-298 163
-326 171
-310 157
-290 167
-330 179
-326 187
-342 189
-358 195
-362 197
-338 169
-322 151
-310 161
-314 153
-318 135
-306 139
-310 147
-334 163
-302 155
-302 135
-290 145
-310 163
-342 175
-310 165
-294 163
-286 171
-330 185
-338 179
-322 179
-322 171
-318 173
-294 147
-290 143
-306 139
-274 127
-258 131
-262 127
-286 131
-290 143
-342 159
-302 153
-282 141
-346 177
-374 189
-374 179
-394 183
-366 191
-402 213
-418 215
-394 209
-374 199
-350 189
-382 203
-398 211
-342 193
-330 183
-326 175
-314 171
-314 183
-322 181
-346 185
-302 155
-270 149
-258 131
-258 129
-226 111
-254 125
-298 143
-286 133
-286 131
-326 151
-346 175
-318 159
-318 163
-294 141
-318 157
-346 171
-298 147
-302 153
-342 171
-346 171
-298 163
-310 165
-350 183
-314 165
-286 141
-290 143
-290 149
-314 153
-314 147
-318 149
-318 143
-286 127
-290 131
-294 131
-254 121
-302 127
-278 119
-286 97
-298 115
-290 101
-286 107
-290 117
-278 119
-294 121
-286 117
-274 111
-298 125
-290 117
-274 113
-266 103
-270 107
-302 91
-266 67
-266 73
-242 61
-254 61
-250 33
-218 47
-174 41
-186 39
-202 43
-246 59
-238 47
-214 47
-226 63
-234 75
-274 87
-278 103
-314 105
-286 103
-262 103
-278 99
-254 95
-310 115
-322 127
-294 129
-282 115
-274 105
-302 129
-318 145
-278 129
-266 107
-226 85
-198 43
-258 31
-258 31
-274 3
-262 5
-282 1
-262 9
-222 5
-210 19
-210 7
-266 61
-246 35
-254 33
-254 53
-254 49
-278 77
-246 75
-270 89
-262 85
-270 103
-290 89
-298 93
-294 69
-310 67
-266 45
-266 55
-318 61
-326 77
-286 55
-278 53
-310 55
-286 41
-278 55
-278 47
-266 39
-270 23
-306 19
-310 9
-278 11
-258 9
-242 15
-254 23
-282 17
-294 39
-278 39
-306 49
-298 31
-282 21
-246 7
-286 11
-282 25
-290 29
-346 37
-314 43
-290 37
-294 17
-294 17
-310 29
-266 21
-242 3
-270 11
-278 23
-258 1
-250 19
-238 1
-242 13
-258 21
-266 3
-278 13
-322 33
-298 27
-270 25
-258 15
-238 13
-266 5
-290 11
-262 1
-246 23
-230 25
-262 9
-254 25
-254 49
-226 39
-270 63
-262 61
-274 79
-278 71
-266 73
-322 103
-326 113
-286 107
-306 111
-262 105
-278 131
-278 117
-246 111
-274 109
-274 83
-250 77
-270 97
-286 97
-266 89
-266 93
-286 113
-290 133
-302 141
-290 107
-318 123
-294 97
-298 113
-266 99
-250 105
-250 81
-258 71
-266 51
-266 51
-286 83
-282 97
-286 105
-298 117
-274 119
-274 115
-298 123
-302 107
-306 75
-290 91
-290 85
-274 75
-258 51
-278 79
-270 99
-278 79
-274 91
-302 87
-322 111
-334 119
-330 111
-326 127
-334 139
-326 139
-294 113
-302 139
-298 147
-294 147
-310 171
-330 173
-338 179
-366 195
-394 203
-334 187
-358 195
-378 195
-386 205
-382 203
-338 183
-342 181
-354 189
-374 205
-374 201
-370 201
-358 195
-374 199
-370 203
-366 199
-394 209
-378 201
-350 197
-358 193
-374 201
-366 195
-338 183
-370 195
-354 187
-302 173
-302 171
-318 185
-318 181
-330 177
-330 179
-338 181
-350 161
-314 147
-282 131
-282 133
-294 139
-290 149
-302 155
-318 179
-370 191
-330 179
-294 167
-314 167
-354 193
-374 201
-362 201
-374 205
-378 203
-366 199
-358 185
-326 183
-318 177
-290 167
-350 187
-362 191
-330 181
-326 179
-338 165
-322 153
-362 169
-354 173
-350 181
-354 177
-358 187
-374 193
-374 201
-350 193
-378 205
-394 209
-394 207
-386 207
-402 211
-410 213
-386 205
-418 215
-362 201
-370 205
-374 203
-350 189
-378 199
-350 193
-330 183
-326 177
-338 171
-342 177
-370 189
-350 187
-358 191
-358 197
-370 183
-366 193
-354 175
-374 187
-342 185
-358 193
-354 183
-342 185
-386 191
-354 191
-398 209
-362 197
-362 199
-310 171
-290 171
-330 177
-314 169
-318 169
-358 181
-358 177
-350 179
-350 173
-310 157
-334 163
-334 173
-310 157
-338 167
-330 169
-338 165
-346 163
-342 165
-314 171
-298 161
-334 177
-350 195
-374 195
-346 185
-350 183
-346 165
-326 159
-278 125
-306 149
-290 147
-322 169
-334 161
-318 155
-314 177
-370 197
-362 195
-358 191
-350 191
-374 201
-350 189
-338 191
-374 203
-378 203
-406 213
-402 211
-350 197
-354 193
-374 193
-354 181
-358 187
-326 183
-334 183
-362 185
-362 179
-322 177
-314 171
-326 173
-358 191
-366 187
-322 175
-330 179
-346 189
-326 179
-342 197
-366 199
-350 193
-346 195
-390 205
-374 193
-342 173
-290 153
-338 171
-310 155
-310 169
-290 169
-322 173
-350 173
-354 191
-322 181
-322 185
-350 195
-378 201
-358 191
-342 193
-354 195
-354 189
-358 189
-358 195
-334 187
-322 187
-286 171
-338 185
-294 159
-298 163
-310 163
-314 159
-318 175
-334 183
-382 195
-374 189
-374 183
-394 199
-378 187
-350 175
-338 185
-346 183
-374 193
-378 201
-414 213
-362 199
-334 159
-314 151
-314 141
-310 149
-302 143
-282 129
-318 135
-298 141
-330 129
-306 115
-350 133
-322 99
-330 115
-306 109
-294 127
-294 131
-310 137
-318 139
-278 133
-290 133
-310 145
-298 149
-326 151
-306 135
-334 165
-306 153
-330 161
-306 157
-294 157
-318 163
-310 167
-310 177
-334 183
-350 183
-386 205
-382 207
-338 179
-346 191
-354 183
-370 183
-370 187
-342 187
-366 187
-350 191
-390 209
-382 205
-390 203
-374 199
-386 203
-382 199
-342 191
-318 175
-342 179
-318 159
-306 147
-330 159
-370 183
-362 183
-374 197
-362 197
-398 211
-370 197
-374 187
-346 179
-346 193
-382 199
-362 193
-394 209
-354 191
-346 193
-322 183
-342 181
-350 191
-370 195
-358 195
-354 189
-330 181
-342 179
-302 165
-334 177
-326 181
-386 197
-366 181
-286 159
-254 131
-246 119
-278 143
-286 145
-314 157
-310 149
-350 183
-362 187
-330 175
-342 183
-326 183
-306 173
-302 171
-326 169
-314 173
-314 153
-286 139
-322 163
-302 145
-310 147
-326 137
-282 117
-242 99
-238 117
-306 149
-306 155
-318 165
-362 177
-358 175
-370 191
-350 181
-318 181
-354 199
-378 203
-366 197
-370 203
-358 201
-386 201
-382 199
-362 199
-350 193
-326 189
-342 191
-374 203
-402 213
-410 215
-386 207
-394 209
-370 201
-370 199
-350 191
-390 209
-406 213
-402 213
-390 203
-378 199
-354 195
-370 199
-378 205
-374 203
-402 211
-406 209
-402 203
-378 187
-342 185
-362 197
-370 201
-346 191
-362 201
-402 211
-350 189
-342 193
-358 197
-346 191
-338 191
-318 181
-342 181
-334 189
-354 193
-342 189
-338 175
-342 177
-302 163
-302 169
-314 163
-250 143
-278 141
-310 145
-282 151
-298 141
-294 163
-322 171
-318 173
-350 181
-366 187
-358 187
-326 163
-334 165
-322 167
-298 129
-254 117
-278 109
-298 125
-278 135
-298 127
-294 131
-306 131
-322 151
-314 151
-350 173
-334 167
-322 155
-270 137
-286 115
-318 113
-306 121
-310 121
-306 103
-298 79
-262 67
-274 73
-266 77
-262 83
-258 67
-234 87
-258 99
-266 129
-278 125
-266 119
-326 129
-314 143
-306 151
-326 163
-354 171
-334 173
-354 181
-366 191
-346 189
-366 191
-362 181
-346 187
-330 185
-294 173
-306 177
-338 183
-350 187
-322 185
-330 185
-374 199
-366 199
-358 193
-370 201
-378 203
-370 199
-350 187
-370 199
-358 197
-374 193
-362 189
-374 191
-370 189
-330 181
-322 183
-378 203
-354 197
-358 197
-366 203
-374 205
-382 201
-354 187
-362 197
-362 197
-382 207
-386 207
-398 209
-410 215
-394 201
-374 189
-342 181
-366 189
-354 185
-346 183
-314 171
-354 189
-350 187
-342 187
-342 183
-366 197
-350 189
-318 177
-354 193
-342 185
-366 199
-346 183
-350 189
-358 197
-354 189
-310 169
-354 189
-326 159
-302 149
-302 145
-266 109
-250 91
-242 89
-290 99
-266 93
-274 113
-262 119
-310 153
-310 139
-342 131
-318 125
-298 135
-322 141
-298 141
-274 147
-282 167
-342 189
-334 179
-358 197
-386 207
-322 185
-310 177
-342 193
-334 191
-350 193
-346 187
-374 201
-382 199
-366 201
-374 199
-362 197
-394 209
-402 213
-354 195
-358 193
-362 191
-358 195
-342 189
-350 195
-366 201
-410 213
-406 211
-406 209
-402 211
-366 197
-390 207
-334 183
-302 165
-350 195
-362 195
-366 199
-346 195
-322 183
-342 187
-330 181
-342 175
-338 173
-314 177
-334 171
-346 179
-318 167
-330 187
-386 205
-398 211
-382 203
-398 211
-378 203
-342 193
-398 207
-374 203
-350 191
-366 191
-330 181
-326 157
-350 161
-310 139
-322 137
-294 125
-334 147
-358 163
-374 169
-338 147
-298 133
-326 133
-322 147
-322 151
-330 155
-310 145
-354 171
-326 153
-294 159
-314 169
-346 185
-354 177
-330 167
-314 149
-270 133
-318 145
-286 131
-282 133
-314 149
-342 149
-338 141
-302 131
-286 147
-330 165
-358 179
-334 163
-310 157
-326 175
-346 181
-370 199
-318 183
-354 189
-378 201
-374 199
-410 215
-394 209
-390 207
-362 199
-330 179
-346 187
-370 201
-402 213
-406 211
-426 219
-386 205
-366 199
-410 209
-382 205
-414 213
-362 193
-350 191
-402 213
-382 205
-374 203
-386 207
-386 205
-362 201
-370 197
-402 211
-410 215
-422 217
-386 207
-398 203
-374 195
-366 183
-354 175
-318 151
-318 149
-290 143
-306 151
-274 133
-310 145
-318 157
-318 155
-306 139
-298 137
-278 137
-270 117
-282 133
-250 119
-290 131
-274 103
-278 91
-306 103
-294 109
-278 141
-334 155
-354 175
-330 173
-330 169
-358 197
-362 199
-382 201
-350 195
-334 187
-350 183
-346 183
-342 193
-394 207
-370 201
-362 193
-370 195
-402 213
-374 205
-398 203
-382 205
-346 191
-382 205
-366 197
-386 203
-406 213
-414 215
-418 217
-390 207
-370 203
-358 197
-350 191
-322 167
-302 155
-334 163
-350 171
-370 179
-314 175
-290 149
-302 133
-286 129
-274 113
-318 111
-298 121
-306 113
-274 123
-302 127
-274 117
-270 99
-310 105
-294 95
-290 77
-298 81
-310 99
-306 85
-314 83
-302 95
-270 69
-310 83
-286 103
-294 113
-314 145
-330 159
-318 165
-326 165
-286 147
-266 129
-294 133
-310 131
-286 123
-318 127
-306 121
-302 127
-322 137
-302 143
-334 153
-318 151
-326 149
-310 149
-350 161
-342 159
-354 171
-374 193
-362 199
-346 193
-354 193
-358 199
-394 205
-358 181
-334 183
-342 187
-382 205
-370 203
-362 197
-338 183
-350 179
-354 179
-322 159
-326 171
-318 167
-354 171
-334 157
-294 139
-306 147
-294 149
-294 159
-282 151
-302 151
-326 167
-310 163
-322 161
-298 167
-298 161
-310 157
-318 155
-302 161
-326 163
-334 173
-338 167
-354 179
-330 175
-338 183
-310 175
-314 177
-302 161
-306 169
-338 185
-270 153
-326 171
-338 187
-358 179
-358 183
-322 165
-326 169
-318 171
-302 165
-306 163
-338 181
-346 183
-354 189
-382 203
-426 219
-422 217
-426 219
-422 217
-386 207
-394 207
-402 211
-370 201
-394 211
-402 211
-422 217
-430 219
-386 195
-382 203
-386 205
-390 201
-354 189
-350 191
-362 193
-378 205
-370 201
-362 199
-362 197
-338 185
-294 169
-290 161
-326 169
-338 167
-342 163
-342 173
-326 179
-342 195
-322 183
-342 189
-322 183
-326 181
-298 177
-342 195
-346 193
-350 195
-382 205
-394 209
-386 207
-370 201
-374 205
-338 195
-366 201
-366 199
-346 181
-342 185
-330 179
-374 195
-366 191
-314 181
-306 161
-302 153
-306 169
-350 197
-374 199
-342 169
-354 177
-350 187
-382 205
-370 201
-394 209
-406 213
-378 201
-394 207
-386 205
-394 211
-402 213
-434 221
-414 215
-370 201
-346 193
-378 193
-374 189
-378 191
-342 175
-306 169
-322 179
-294 165
-314 163
-294 163
-282 165
-330 191
-350 191
-358 189
-338 185
-386 207
-354 193
-354 193
-362 189
-390 203
-366 195
-338 185
-346 191
-338 185
-314 171
-330 183
-354 195
-402 213
-390 207
-402 211
-390 205
-366 199
-358 189
-354 195
-366 197
-338 187
-338 185
-326 173
-322 179
-310 169
-342 181
-350 187
-350 197
-382 195
-346 187
-374 199
-354 187
-354 183
-342 183
-374 189
-346 187
-338 179
-330 179
-338 171
-346 183
-326 175
-358 191
-370 201
-326 185
-318 177
-322 177
-334 181
-298 165
-290 163
-306 167
-334 177
-326 171
-270 151
-274 127
-342 183
-346 191
-398 207
-358 191
-338 181
-318 171
-358 187
-306 171
-370 197
-370 203
-390 205
-418 215
-426 219
-378 207
-390 207
-386 207
-394 209
-410 215
-386 205
-346 189
-318 185
-318 177
-362 195
-378 203
-326 185
-346 187
-326 179
-314 177
-322 175
-322 165
-282 131
-278 137
-326 161
-350 171
-374 169
-358 177
-334 173
-318 169
-318 175
-330 169
-310 171
-294 159
-302 167
-314 171
-286 153
-290 161
-322 177
-338 191
-358 189
-366 199
-366 197
-366 193
-358 191
-402 209
-370 201
-362 197
-378 195
-430 215
-406 213
-394 211
-394 211
-402 213
-378 205
-386 207
-338 191
-346 191
-394 209
-410 215
-406 213
-366 195
-378 197
-366 193
-358 193
-398 207
-390 205
-374 203
-362 201
-354 197
-358 195
-350 187
-306 171
-346 177
-334 171
-342 185
-334 171
-346 185
-374 195
-342 173
-334 169
-310 155
-302 161
-338 181
-354 167
-318 159
-314 157
-318 161
-334 173
-342 163
-322 155
-330 169
-326 181
-326 183
-346 181
-342 189
-354 195
-362 199
-374 195
-342 191
-366 193
-318 177
-338 177
-314 143
-310 141
-298 153
-298 135
-302 111
-306 121
-290 131
-342 169
-330 161
-334 161
-330 153
-322 145
-298 151
-334 163
-346 155
-322 155
-314 163
-330 177
-326 177
-386 203
-346 193
-370 203
-362 195
-386 207
-370 199
-354 187
-318 187
-366 195
-346 179
-338 171
-338 165
-358 177
-354 171
-314 165
-342 183
-286 157
-270 143
-294 149
-318 167
-326 181
-366 195
-322 169
-322 177
-354 187
-338 179
-326 163
-298 145
-270 141
-282 135
-294 127
-278 119
-290 103
-290 103
-294 125
-294 107
-318 99
-346 107
-294 73
-314 101
-342 115
-338 139
-326 99
-298 91
-302 99
-242 79
-282 47
-278 57
-290 45
-266 41
-258 41
-278 41
-302 29
-302 31
-314 23
-314 15
-310 13
-266 25
-266 53
-270 67
-226 57
-250 67
-246 61
-226 45
-226 39
-202 53
-194 87
-238 73
-230 75
-262 103
-286 143
-310 153
-306 159
-342 163
-322 155
-330 149
-334 157
-334 153
-314 145
-306 135
-262 107
-254 91
-270 99
-286 105
-262 95
-298 115
-286 125
-306 125
-302 133
-286 107
-262 105
-294 93
-310 105
-302 103
-286 131
-278 145
-278 135
-254 115
-242 107
-294 119
-298 149
-286 147
-314 163
-346 189
-330 179
-318 177
-314 181
-334 179
-338 179
-338 183
-354 187
-334 179
-326 169
-338 169
-346 173
-346 173
-346 185
-374 191
-346 187
-294 161
-274 149
-298 167
-318 157
-346 191
-318 187
-338 193
-354 199
-382 205
-398 209
-382 203
-366 197
-346 193
-298 171
-342 175
-334 163
-326 167
-282 143
-282 133
-274 125
-326 157
-262 153
-290 153
-334 183
-302 159
-286 149
-322 149
-318 131
-310 145
-330 161
-298 159
-310 163
-306 151
-274 131
-318 147
-314 143
-322 145
-322 143
-330 127
-306 113
-286 93
-290 97
-294 107
-310 117
-318 115
-326 137
-322 133
-294 117
-274 127
-306 133
-290 135
-314 143
-306 135
-338 139
-302 141
-346 171
-322 185
-346 195
-354 197
-354 197
-358 193
-326 181
-322 181
-334 181
-366 199
-378 207
-370 199
-366 201
-378 205
-354 195
-334 177
-370 199
-366 201
-358 199
-346 193
-342 189
-362 197
-394 207
-374 199
-374 203
-390 207
-382 203
-342 181
-334 183
-374 199
-370 197
-350 191
-370 201
-366 187
-298 163
-346 189
-338 187
-334 165
-330 167
-330 167
-298 169
-266 163
-330 183
-346 191
-358 191
-382 205
-346 185
-366 195
-342 195
-354 197
-374 203
-406 213
-398 207
-390 205
-362 193
-354 183
-302 155
-290 143
-326 167
-326 177
-306 147
-310 153
-366 183
-326 169
-350 191
-362 195
-406 209
-386 201
-406 207
-402 209
-362 197
-378 201
-342 193
-350 187
-330 179
-322 171
-306 173
-334 177
-318 165
-302 153
-310 157
-314 145
-286 135
-302 139
-330 173
-362 187
-366 185
-342 183
-326 181
-358 193
-358 191
-362 185
-374 193
-410 213
-414 215
-410 213
-410 215
-390 209
-358 195
-390 209
-378 201
-398 211
-358 197
-362 199
-306 167
-354 183
-370 195
-354 189
-330 169
-318 153
-366 185
-334 177
-342 183
-338 181
-350 187
-350 177
-346 185
-358 189
-342 181
-354 189
-346 195
-370 195
-342 185
-362 195
-322 185
-310 175
-282 165
-258 145
-298 161
-298 167
-326 155
-310 153
