10 35
-346 187
-294 167
-310 167
-294 163
-322 179
-318 161
-330 179
-262 149
-318 165
-314 173
-358 189
-342 169
-358 169
-350 185
-342 185
-302 173
-358 189
-390 207
-350 199
-370 197
-354 199
-366 197
-362 183
-346 177
-338 181
-314 167
-302 165
-326 167
-354 187
-342 177
-294 167
-262 135
-314 149
-318 161
-302 149
-302 147
-294 135
-254 123
-270 111
-278 107
-278 99
-258 67
-266 75
-254 87
-294 95
-270 101
-286 99
-306 103
-302 95
-342 115
-318 115
-318 141
-330 159
-318 143
-302 131
-254 119
-294 143
-302 143
-298 137
-294 117
-274 93
-266 95
-258 77
-242 59
-262 65
-278 83
-294 67
-270 61
-286 75
-286 89
-274 99
-282 89
-278 83
-254 71
-258 83
-238 113
-274 121
-294 101
-246 77
-254 77
-242 61
-238 63
-226 59
-270 77
-222 69
-254 79
-278 75
-266 59
-238 83
-282 89
-318 113
-298 119
-286 115
-270 141
-286 145
-270 145
-298 163
-342 187
-338 179
-334 189
-370 195
-382 195
-362 191
-314 163
-282 161
-318 167
-334 173
-310 167
-294 165
-302 169
-362 195
-370 197
-346 189
-342 191
-338 185
-310 169
-362 191
-358 191
-358 183
-370 195
-394 209
-346 191
-358 185
-338 185
-314 167
-302 155
-310 177
-306 169
-322 171
-306 165
-330 169
-338 173
-346 177
-326 163
-326 167
-322 167
-330 187
-338 169
-298 155
-338 171
-306 159
-334 165
-342 179
-370 193
-386 195
-354 193
-358 191
-358 187
-346 179
-366 191
-366 193
-338 187
-362 197
-350 195
-350 191
-386 193
-370 181
-358 185
-346 177
-338 175
-330 169
-310 157
-330 173
-330 169
-330 173
-282 155
-326 181
-346 187
-342 183
-338 177
-310 147
-302 147
-342 169
-342 183
-370 183
-370 189
-338 189
-338 191
-282 159
-322 179
-290 159
-286 159
-306 169
-330 167
-310 163
-306 159
-362 185
-358 185
-326 177
-310 167
-314 155
-310 165
-302 161
-326 169
-346 185
-342 187
-362 189
-382 203
-394 207
-394 203
-370 201
-326 185
-346 185
-334 173
-318 165
-306 151
-338 173
-326 163
-298 163
-302 151
-318 155
-314 163
-310 171
-318 181
-338 187
-314 175
-354 191
-358 197
-322 179
-342 173
-346 181
-358 195
-378 201
-330 185
-282 155
-294 167
-338 175
-318 167
-322 169
-322 175
-322 161
-350 179
-350 185
-358 193
-342 181
-290 157
-322 163
-338 167
-306 155
-306 151
-278 155
-318 171
-350 183
-326 171
-358 169
-330 147
-346 137
-318 119
-294 111
-282 109
-274 133
-258 111
-322 141
-294 119
-306 123
-306 125
-326 133
-326 141
-322 149
-306 151
-274 133
-270 123
-290 131
-306 141
-286 129
-290 139
-322 143
-290 151
-306 167
-346 177
-330 157
-318 149
-318 129
-334 145
-334 161
-358 185
-354 175
-338 183
-342 175
-354 181
-338 173
-346 185
-338 189
-318 173
-306 169
-294 157
-282 151
-302 163
-302 163
-298 165
-274 153
-302 159
-330 177
-390 207
-334 187
-342 185
-378 203
-370 199
-362 197
-362 197
-382 205
-406 213
-406 213
-414 215
-394 211
-414 211
-366 193
-362 185
-334 173
-342 175
-342 179
-322 177
-346 181
-306 163
-330 173
-306 165
-302 155
-322 179
-350 189
-382 203
-382 201
-366 195
-346 185
-334 173
-342 181
-310 169
-322 165
-342 187
-358 185
-342 193
-326 173
-298 163
-302 161
-262 139
-278 145
-314 163
-318 169
-322 177
-350 189
-374 205
-394 209
-370 201
-398 211
-374 199
-358 195
-374 201
-382 201
-378 199
-346 189
-350 189
-334 177
-346 179
-362 187
-334 161
-354 181
-390 195
-326 179
-270 157
-302 175
-342 189
-394 205
-342 187
-306 177
-298 157
-278 161
-362 195
-330 177
-346 193
-362 199
-370 191
-362 195
-358 191
-350 187
-310 177
-346 193
-302 165
-314 165
-302 161
-242 127
-278 151
-278 141
-306 155
-330 167
-314 153
-294 141
-250 115
-290 147
-286 141
-278 135
-310 157
-358 183
-350 171
-342 165
-306 149
-310 155
-290 157
-298 167
-322 169
-334 183
-334 183
-282 169
-310 169
-326 179
-350 193
-374 197
-366 201
-354 195
-354 193
-306 177
-366 203
-386 207
-378 205
-350 189
-322 181
-286 153
-270 151
-286 173
-302 165
-310 157
-326 165
-310 171
-326 185
-270 153
-306 165
-338 177
-358 191
-358 199
-366 199
-330 191
-350 185
-370 197
-354 195
-322 183
-346 191
-366 199
-330 185
-338 189
-338 187
-330 189
-326 181
-342 177
-338 183
-346 187
-326 177
-354 193
-362 201
-374 195
-382 203
-350 185
-326 175
-326 177
-310 177
-314 179
-366 197
-342 183
-346 185
-326 181
-338 181
-290 163
-306 161
-346 169
-302 155
-306 157
-310 161
-282 153
-262 139
-294 159
-262 133
-234 111
-238 91
-270 101
-262 107
-306 111
-270 103
-246 87
-266 117
-302 133
-298 135
-298 129
-306 155
-314 159
-342 167
-294 151
-306 145
-282 137
-302 167
-266 151
-330 167
-334 163
-290 149
-298 147
-294 159
-274 145
-270 139
-282 129
-286 135
-306 155
-298 155
-314 155
-330 171
-294 161
-322 163
-290 123
-294 131
-274 145
-266 137
-274 129
-262 123
-302 153
-314 163
-358 179
-354 183
-342 167
-322 165
-310 155
-314 153
-334 177
-322 171
-326 181
-306 161
-314 157
-318 157
-310 171
-298 173
-290 161
-318 173
-330 179
-334 187
-358 193
-378 197
-326 177
-362 187
-354 187
-354 193
-294 169
-302 165
-350 189
-350 185
-310 171
-322 145
-286 135
-298 147
-302 151
-290 157
-270 151
-290 151
-318 169
-338 183
-294 161
-314 165
-322 181
-330 187
-342 181
-298 159
-306 159
-278 145
-266 145
-298 161
-342 181
-342 187
-306 167
-282 163
-330 169
-326 177
-322 173
-318 173
-354 183
-310 167
-350 149
-346 157
-338 151
-302 133
-302 137
-290 141
-306 151
-322 159
-362 173
-326 175
-322 177
-334 185
-358 197
-350 191
-346 191
-330 179
-318 173
-370 197
-354 195
-382 203
-374 203
-354 193
-386 209
-370 203
-326 179
-350 169
-354 183
-338 167
-322 163
-334 189
-314 179
-330 185
-310 179
-330 183
-390 205
-382 205
-354 189
-354 195
-334 185
-350 189
-330 179
-382 201
-394 199
-366 197
-362 197
-334 171
-338 179
-350 179
-334 179
-338 191
-374 201
-338 185
-318 179
-334 179
-354 183
-322 169
-298 167
-322 157
-334 177
-322 161
-326 161
-314 159
-278 141
-302 157
-266 153
-302 149
-306 143
-270 149
-334 161
-318 151
-310 141
-326 157
-338 131
-322 133
-302 121
-274 97
-250 115
-302 155
-318 151
-346 145
-318 139
-294 147
-322 157
-330 173
-298 167
-314 145
-342 149
-338 153
-302 137
-286 131
-334 141
-350 147
-294 135
-326 147
-310 129
-322 151
-326 151
-318 141
-298 127
-294 131
-266 113
-278 107
-274 81
-282 103
-266 87
-242 73
-250 69
-214 97
-218 85
-262 113
-274 121
-258 115
-262 127
-266 123
-270 125
-262 133
-270 121
-254 135
-246 143
-278 151
-278 141
-294 149
-314 167
-286 153
-286 155
-298 171
-306 173
-334 187
-322 187
-302 167
-310 161
-314 163
-294 161
-318 159
-326 165
-330 179
-378 203
-354 195
-366 201
-382 205
-358 195
-354 195
-386 207
-350 191
-310 171
-306 159
-334 185
-366 191
-342 181
-354 177
-314 167
-370 177
-346 179
-362 185
-338 181
-358 191
-362 187
-354 173
-354 175
-366 195
-370 193
-390 201
-398 211
-382 205
-382 205
-386 207
-402 213
-378 203
-366 193
-334 189
-330 183
-330 177
-326 175
-310 175
-314 173
-374 205
-370 199
-374 203
-378 203
-370 199
-366 189
-346 179
-378 191
-386 191
-338 175
-322 167
-294 159
-310 157
-294 157
-298 145
-290 135
-286 121
-282 135
-290 141
-266 137
-254 135
-270 123
-306 145
-282 119
-302 125
-298 117
-254 121
-270 109
-250 135
-306 151
-326 147
-330 165
-318 169
-342 175
-350 179
-346 185
-354 189
-378 191
-370 197
-370 197
-358 191
-334 177
-330 181
-362 185
-366 197
-342 191
-358 193
-362 197
-342 187
-354 191
-314 175
-326 171
-282 157
-294 159
-346 185
-382 199
-378 195
-338 175
-310 149
-314 157
-354 175
-334 171
-366 183
-362 193
-342 181
-354 193
-346 183
-322 175
-346 177
-330 171
-306 161
-302 163
-274 163
-290 161
-326 173
-294 171
-338 191
-306 175
-378 195
-350 181
-346 181
-362 185
-350 163
-334 171
-302 167
-350 185
-306 171
-302 171
-310 175
-318 171
-322 177
-322 177
-302 169
-334 175
-338 163
-330 153
-318 147
-262 109
-242 113
-230 119
-242 103
-234 93
-318 153
-338 153
-262 131
-290 141
-242 121
-254 109
-234 99
-238 95
-218 69
-234 81
-246 87
-258 107
-282 123
-278 117
-238 99
-262 111
-226 95
-238 81
-234 83
-230 79
-226 79
-238 67
-226 61
-210 53
-202 37
-218 49
-234 55
-262 59
-274 45
-230 59
-230 25
-242 35
-238 49
-274 47
-274 73
-266 93
-262 93
-246 83
-234 93
-258 87
-250 95
-266 99
-270 75
-298 77
-306 97
-334 115
-318 113
-290 115
-302 117
-290 121
-286 125
-282 123
-262 99
-250 89
-266 97
-254 93
-262 87
-250 113
-270 139
-258 117
-278 117
-314 145
-306 139
-322 149
-298 141
-354 181
-310 171
-358 169
-350 165
-326 157
-302 157
-278 143
-306 165
-306 167
-346 183
-386 199
-322 177
-302 171
-358 199
-362 199
-354 197
-394 211
-402 209
-406 213
-366 187
-370 203
-334 193
-326 179
-350 193
-322 179
-306 161
-290 149
-310 167
-306 167
-318 175
-298 175
-358 193
-362 193
-334 185
-342 185
-294 171
-278 165
-302 169
-322 175
-318 171
-338 187
-302 173
-366 197
-382 203
-338 187
-366 183
-370 203
-330 187
-346 185
-394 209
-354 191
-346 193
-346 191
-342 181
-350 175
-334 175
-338 189
-326 185
-358 195
-378 203
-366 199
-306 175
-358 195
-366 199
-370 201
-342 193
-370 199
-350 193
-382 205
-358 199
-354 193
-358 191
-326 187
-366 199
-370 199
-382 207
-378 199
-346 189
-382 203
-386 207
-350 191
-286 163
-326 175
-330 181
-278 169
-302 173
-318 179
-362 197
-326 179
-354 193
-322 187
-362 193
-330 185
-326 185
-370 201
-378 203
-358 195
-350 193
-346 191
-278 161
-370 193
-322 185
-322 175
-342 181
-334 173
-310 169
-322 165
-330 157
-318 145
-306 155
-318 169
-306 175
-338 177
-322 175
-390 195
-366 193
-358 189
-370 187
-334 183
-278 163
-310 167
-310 171
-274 125
-266 127
-258 137
-270 133
-290 145
-290 145
-326 167
-298 159
-318 171
-314 171
-314 171
-322 167
-334 163
-318 169
-310 167
-314 171
-314 177
-318 171
-338 181
-322 179
-318 177
-306 177
-342 181
-330 185
-338 187
-334 163
-306 161
-318 161
-334 175
-330 169
-310 167
-350 181
-374 197
-378 201
-378 199
-382 203
-378 201
-330 179
-366 197
-378 201
-366 201
-346 183
-366 199
-358 193
-302 171
-302 167
-338 177
-338 181
-374 193
-370 195
-338 183
-294 165
-346 191
-366 197
-378 201
-386 205
-370 203
-366 199
-378 203
-358 195
-342 191
-358 199
-354 197
-374 201
-374 203
-366 201
-362 197
-358 191
-370 195
-386 207
-386 209
-394 209
-378 199
-330 181
-334 177
-326 177
-294 165
-322 183
-354 187
-342 187
-330 175
-346 191
-322 183
-358 191
-346 187
-354 193
-362 193
-362 193
-310 183
-302 169
-310 147
-302 159
-278 139
-314 147
-302 161
-326 175
-294 151
-322 171
-314 173
-362 199
-362 193
-314 175
-282 163
-338 169
-382 195
-350 185
-334 171
-322 175
-358 189
-370 191
-334 183
-350 187
-370 193
-358 179
-334 171
-290 165
-326 181
-314 181
-338 173
-358 195
-346 191
-342 193
-362 189
-358 187
-354 189
-370 195
-338 181
-330 183
-318 181
-358 183
-358 185
-350 189
-354 187
-362 199
-338 179
-338 169
-306 155
-278 141
-314 151
-330 165
-326 169
-370 195
-370 197
-334 181
-334 177
-322 181
-334 183
-330 179
-370 193
-346 181
-350 185
-346 179
-354 157
-334 157
-342 165
-338 177
-310 167
-330 173
-370 189
-362 185
-326 179
-326 181
-350 193
-354 197
-362 199
-334 185
-346 189
-330 183
-310 183
-294 171
-306 171
-286 175
-338 183
-378 199
-326 179
-318 161
-298 163
-322 165
-314 173
-354 187
-394 209
-382 203
-366 195
-366 193
-346 191
-358 197
-366 197
-366 193
-314 175
-290 157
-302 169
-318 159
-346 161
-330 149
-322 139
-274 139
-298 145
-290 143
-306 147
-294 159
-310 175
-318 171
-326 165
-338 177
-346 197
-354 193
-366 191
-370 193
-358 187
-378 191
-382 187
-334 177
-342 189
-334 179
-350 191
-330 185
-318 171
