14 11
-374 199
-350 195
-322 175
-350 187
-326 181
-362 187
-306 167
-338 179
-326 177
-342 177
-314 165
-326 177
-338 183
-314 173
-326 183
-342 191
-350 193
-362 183
-330 171
-310 161
-302 159
-310 161
-314 161
-334 177
-310 169
-334 183
-322 173
-314 173
-278 151
-290 139
-294 135
-250 125
-290 137
-254 107
-238 89
-246 89
-242 99
-226 89
-234 91
-238 73
-222 81
-226 53
-254 47
-274 59
-258 37
-254 21
-238 23
-246 29
-254 23
-266 47
-286 35
-266 1
-274 1
-258 5
-262 1
-246 11
-246 1
-242 21
-258 23
-266 33
-234 23
-202 9
-234 9
-266 5
-254 7
-270 11
-286 19
-298 57
-278 61
-270 51
-274 63
-270 79
-278 75
-250 65
-238 93
-222 97
-250 135
-230 107
-262 115
-258 121
-258 115
-322 151
-342 167
-298 143
-342 161
-282 139
-266 131
-258 137
-334 169
-306 165
-326 173
-302 173
-326 175
-298 167
-326 151
-322 173
-334 179
-358 197
-342 191
-342 187
-362 197
-342 189
-358 195
-350 195
-318 183
-354 197
-346 193
-358 197
-330 185
-322 179
-306 169
-358 193
-366 195
-346 181
-310 169
-318 181
-322 177
-290 165
-306 165
-274 149
-266 157
-314 179
-334 181
-322 177
-334 169
-326 175
-370 187
-350 177
-346 169
-350 175
-318 167
-278 147
-342 175
-362 183
-346 171
-322 161
-334 171
-314 171
-302 171
-326 177
-330 181
-314 175
-286 157
-266 135
-274 151
-282 133
-310 117
-330 121
-298 111
-294 121
-330 139
-334 155
-342 151
-318 165
-326 171
-318 161
-334 189
-334 183
-322 173
-322 181
-330 187
-334 187
-350 191
-390 209
-382 205
-386 205
-366 199
-386 201
-358 181
-366 199
-394 207
-410 215
-370 203
-358 197
-358 193
-394 205
-326 175
-322 173
-306 171
-306 161
-310 165
-334 171
-342 171
-350 183
-342 181
-358 177
-318 159
-326 163
-326 151
-306 141
-302 151
-266 137
-294 155
-302 173
-270 157
-302 159
-282 141
-290 131
-278 149
-274 147
-306 157
-318 145
-314 153
-322 157
-310 145
-298 137
-294 143
-318 157
-294 157
-302 163
-290 165
-270 145
-274 129
-298 141
-290 143
-282 151
-242 117
-290 97
-286 81
-266 79
-262 51
-230 45
-202 27
-230 35
-238 31
-242 13
-262 27
-254 39
-262 33
-286 17
-282 25
-274 33
-270 33
-238 15
-258 15
-254 23
-234 25
-206 19
-230 33
-214 7
-242 3
-270 5
-250 5
-210 3
-222 35
-194 1
-214 9
-210 3
-218 27
-234 7
-250 27
-266 13
-242 25
-222 25
-282 19
-270 23
-262 11
-242 11
-266 5
-270 19
-282 17
-294 29
-270 19
-258 55
-262 59
-274 83
-250 67
-302 85
-306 71
-266 69
-250 61
-230 49
-286 51
-270 57
-274 67
-258 65
-242 69
-262 63
-262 69
-254 67
-198 51
-198 19
-234 31
-234 31
-222 19
-262 21
-254 9
-210 15
-198 15
-202 5
-226 21
-182 41
-218 39
-190 33
-206 59
-194 37
-202 31
-226 11
-222 9
-198 57
-186 63
-198 57
-246 77
-230 67
-230 61
-202 41
-214 13
-222 21
-218 43
-210 49
-206 31
-210 31
-218 31
-214 33
-218 43
-214 27
-242 39
-210 9
-246 19
-290 27
-258 3
-262 3
-266 5
-246 7
-266 9
-270 5
-274 13
-254 21
-262 15
-310 9
-298 5
-306 15
-274 1
-262 11
-222 15
-246 7
-270 13
-298 1
-310 1
-274 7
-270 11
-262 19
-266 17
-246 13
-230 23
-222 21
-214 21
-234 5
-238 9
-214 7
-226 21
-230 15
-238 25
-242 33
-226 57
-274 81
-266 89
-222 59
-206 63
-218 77
-234 61
-230 45
-218 53
-230 65
-258 101
-246 87
-234 79
-242 85
-266 105
-246 85
-222 91
-246 103
-290 135
-290 129
-298 133
-282 111
-274 93
-254 83
-242 79
-250 73
-258 75
-246 49
-258 41
-226 53
-230 77
-202 41
-210 35
-234 5
-246 9
-266 17
-250 27
-210 3
-214 25
-218 59
-266 49
-266 81
-266 85
-282 117
-310 109
-302 115
-294 137
-306 133
-294 121
-270 109
-282 119
-302 111
-282 97
-282 91
-294 103
-306 89
-318 99
-314 101
-274 87
-294 91
-274 75
-250 47
-210 11
-238 21
-254 29
-254 75
-234 59
-242 67
-222 37
-202 39
-206 55
-214 11
-206 21
-254 25
-258 47
-250 45
-242 59
-234 65
-214 61
-242 65
-270 77
-278 65
-266 59
-274 63
-278 73
-282 53
-294 57
-298 39
-290 35
-266 5
-274 3
-282 15
-278 1
-278 19
-274 9
-250 35
-254 19
-254 23
-274 11
-226 17
-258 11
-250 3
-234 43
-254 43
-274 67
-298 79
-250 83
-242 83
-238 83
-258 67
-238 73
-222 23
-234 27
-250 23
-206 9
-214 37
-230 41
-242 53
-274 87
-282 113
-274 85
-282 51
-282 39
-270 51
-218 53
-230 27
-238 25
-210 1
-266 5
-246 13
-226 1
-250 7
-282 1
-314 3
-258 15
-286 5
-250 19
-242 29
-234 31
-278 47
-254 61
-294 67
-270 73
-282 75
-254 83
-254 91
-242 109
-302 139
-306 147
-314 145
-294 129
-298 147
-282 143
-290 151
-250 137
-322 151
-282 135
-262 139
-290 165
-270 147
-270 133
-298 131
-290 109
-250 81
-218 87
-258 85
-210 49
-242 41
-242 45
-238 49
-198 59
-210 39
-206 29
-214 67
-258 71
-254 45
-262 57
-278 79
-258 69
-242 57
-246 37
-246 49
-278 63
-306 65
-318 59
-250 65
-262 57
-266 49
-282 25
-246 33
-258 17
-246 3
-266 31
-262 43
-242 63
-246 73
-246 61
-234 85
-266 125
-282 135
-282 117
-278 117
-254 117
-270 133
-254 131
-246 129
-278 143
-246 121
-266 123
-266 117
-270 113
-274 119
-282 123
-286 133
-294 143
-314 165
-314 165
-298 167
-330 177
-330 173
-338 173
-354 169
-318 179
-342 191
-366 195
-374 197
-366 195
-354 191
-322 187
-350 195
-314 179
-290 159
-310 145
-294 139
-246 129
-238 127
-290 153
-290 161
-302 153
-298 153
-266 135
-290 129
-306 145
-314 155
-298 139
-306 153
-302 165
-338 177
-338 185
-366 191
-346 191
-338 191
-338 185
-346 191
-338 183
-318 177
-302 173
-330 175
-310 171
-314 169
-306 161
-310 167
-318 161
-282 141
-322 163
-302 173
-310 159
-298 155
-262 147
-306 163
-278 157
-270 155
-278 141
-326 173
-282 151
-262 155
-302 169
-346 193
-334 185
-370 197
-402 211
-366 201
-354 197
-330 185
-338 189
-314 177
-322 165
-322 173
-342 171
-338 173
-354 181
-342 183
-366 199
-382 203
-374 199
-382 207
-394 211
-334 193
-358 193
-366 191
-354 189
-366 195
-370 195
-350 193
-318 165
-318 167
-290 147
-278 145
-270 159
-290 143
-290 141
-306 157
-302 131
-330 155
-346 163
-298 133
-330 129
-294 139
-286 135
-258 127
-270 105
-306 111
-270 111
-294 141
-306 145
-334 177
-306 169
-310 175
-274 159
-278 139
-254 109
-274 145
-286 151
-242 137
-290 151
-294 165
-302 155
-286 153
-314 167
-322 169
-350 181
-354 193
-374 201
-298 175
-342 187
-318 177
-346 187
-326 169
-374 191
-386 195
-394 203
-402 209
-354 195
-406 211
-346 195
-310 173
-306 163
-310 165
-334 171
-342 195
-342 181
-322 175
-314 169
-338 173
-306 159
-286 153
-254 135
-258 135
-274 139
-254 133
-282 141
-290 131
-270 135
-258 143
-294 159
-290 161
-282 143
-262 131
-246 125
-270 147
-246 131
-274 163
-310 179
-326 181
-322 185
-338 187
-354 197
-370 203
-354 193
-378 199
-350 193
-350 189
-358 187
-374 195
-346 191
-374 197
-354 193
-318 171
-310 167
-310 161
-298 175
-302 163
-286 149
-342 159
-322 149
-314 161
-314 157
-338 165
-358 169
-378 163
-346 169
-318 169
-326 177
-338 179
-290 155
-282 153
-254 143
-262 133
-226 103
-234 103
-242 119
-246 91
-286 135
-286 145
-330 161
-314 173
-242 145
-262 147
-246 131
-302 143
-298 137
-254 111
-258 103
-258 91
-222 75
-214 45
-242 37
-226 17
-218 21
-222 33
-206 33
-226 43
-226 27
-230 45
-254 31
-242 31
-238 45
-242 43
-242 47
-238 47
-266 69
-302 91
-266 101
-270 105
-258 87
-246 109
-262 117
-254 127
-234 113
-226 101
-290 83
-290 77
-294 105
-270 107
-234 87
-210 71
-254 69
-282 95
-262 89
-278 81
-290 75
-302 61
-310 45
-294 45
-298 35
-262 23
-286 29
-254 43
-262 37
-238 45
-218 45
-254 49
-266 47
-266 41
-278 59
-290 55
-222 33
-230 49
-246 69
-254 91
-270 131
-258 121
-314 121
-310 135
-290 127
-254 111
-242 121
-266 113
-278 107
-254 97
-258 107
-306 129
-274 125
-274 137
-278 141
-302 155
-266 135
-286 115
-306 143
-318 167
-338 179
-350 185
-338 171
-314 159
-294 153
-282 143
-238 121
-222 121
-262 139
-254 135
-258 157
-274 145
-290 165
-286 161
-314 165
-314 153
-298 145
-286 171
-294 173
-322 179
-286 159
-350 191
-342 177
-322 185
-330 183
-330 175
-354 187
-358 195
-338 189
-346 193
-354 193
-390 201
-346 181
-338 189
-310 171
-310 167
-350 185
-298 171
-286 167
-302 175
-330 173
-298 161
-322 171
-294 171
-250 149
-282 151
-286 143
-238 145
-286 149
-298 153
-250 119
-262 117
-242 105
-242 117
-262 121
-310 151
-266 123
-294 141
-302 141
-290 127
-282 103
-258 85
-302 105
-262 91
-282 77
-266 79
-286 103
-302 109
-302 129
-262 111
-322 131
-318 137
-318 123
-314 121
-286 109
-270 125
-286 155
-274 147
-318 165
-330 165
-330 169
-330 179
-330 183
-342 185
-306 159
-278 163
-266 153
-246 129
-226 91
-246 83
-254 75
-210 45
-266 47
-250 67
-262 79
-230 65
-250 63
-266 69
-246 51
-242 27
-222 47
-278 49
-298 61
-270 77
-274 89
-286 91
-266 109
-294 127
-262 117
-270 115
-258 117
-294 123
-290 107
-274 99
-278 87
-286 85
-298 99
-322 103
-298 129
-278 131
-282 123
-290 135
-258 117
-262 115
-270 99
-274 103
-294 127
-314 143
-274 131
-258 135
-298 129
-294 133
-286 125
-262 111
-246 115
-262 107
-246 119
-310 155
-282 153
-286 151
-266 135
-266 135
-286 135
-290 127
-266 119
-278 109
-234 91
-258 85
-246 87
-282 103
-270 119
-254 113
-290 141
-322 147
-310 129
-282 115
-286 107
-306 111
-286 105
-326 99
-298 105
-290 121
-274 117
-302 119
-278 105
-290 89
-298 91
-274 79
-286 77
-254 55
-298 73
-302 71
-282 73
-222 79
-238 59
-230 59
-258 75
-222 77
-266 101
-246 107
-218 103
-238 99
-210 81
-194 73
-214 79
-226 91
-258 103
-250 107
-234 127
-246 111
-274 107
-294 131
-286 135
-310 153
-314 153
-322 171
-302 163
-302 159
-274 143
-286 165
-282 163
-270 157
-314 173
-346 179
-282 149
-298 147
-310 175
-338 181
-342 181
-354 185
-330 181
-302 169
-338 189
-346 191
-318 175
-394 207
-398 207
-346 187
-318 181
-290 145
-294 153
-314 163
-286 151
-334 169
-342 175
-334 169
-302 163
-318 161
-306 161
-282 165
-306 175
-314 175
-314 173
-354 185
-330 157
-314 135
-274 119
-282 105
-234 77
-210 77
-226 57
-266 81
-266 77
-306 99
-298 105
-262 91
-258 91
-274 73
-254 69
-290 69
-290 77
-266 81
-238 79
-254 85
-258 117
-298 137
-250 125
-254 123
-282 141
-290 149
-322 149
-302 143
-290 127
-278 109
-294 127
-302 135
-266 135
-254 107
-270 85
-250 77
-250 59
-246 41
-254 47
-254 63
-238 49
-206 39
-214 23
-254 49
-218 39
-206 33
-266 67
-262 79
-262 101
-242 95
-258 95
-246 99
-270 107
-266 111
-318 121
-294 117
-278 131
-282 125
-298 145
-286 127
-266 121
-270 109
-274 115
-274 103
-274 103
-306 111
-322 129
-322 135
-362 159
-354 181
-302 161
-278 133
-274 133
-290 127
-262 121
-250 137
-270 153
-270 139
-318 161
-366 193
-378 195
-358 181
-366 185
-306 167
-322 179
-278 155
-286 131
-290 157
-358 187
-378 195
-362 191
-338 183
-314 163
-334 159
-334 177
-362 195
-398 207
-370 197
-410 209
-362 197
-354 191
-374 197
-378 207
-374 199
-378 197
-330 185
-342 175
-318 161
-322 175
-330 175
-322 183
-338 195
-314 181
-342 183
-322 171
-278 157
-266 141
-242 137
-278 157
-282 143
-286 155
-302 167
-350 175
-350 183
-330 183
-286 159
-294 155
-262 129
-290 155
-278 163
-290 157
-250 131
-262 115
-286 127
-258 113
-298 119
-346 143
-342 145
-314 125
-298 135
-294 133
-330 163
-326 143
-338 155
-342 179
-350 185
-322 161
-322 141
-330 125
-270 97
-262 91
-278 99
-258 87
-258 91
-278 75
-290 73
-270 71
-266 103
-254 83
-274 69
-246 69
-254 91
-286 127
-294 123
-318 135
-310 151
-310 147
-298 149
-306 155
-302 171
-286 149
-278 139
-322 151
-306 153
-310 159
-334 173
-334 173
-314 163
-326 175
-322 169
-294 157
-334 177
-306 183
-302 165
-326 181
-330 179
-358 189
-326 183
-318 169
-342 187
-298 163
-286 159
-278 151
-258 157
-314 183
-314 183
-310 177
-282 169
-298 165
-322 179
-322 173
-346 181
-342 187
-354 195
-306 161
-286 153
-266 143
-246 139
-278 139
-254 117
-258 115
-182 99
-262 111
-262 117
-262 119
-242 117
-262 131
-258 129
-278 127
-266 113
-282 123
-270 141
-266 141
-274 149
-262 147
-254 143
-274 145
-278 161
-290 159
-282 163
-306 171
-330 165
-314 153
-266 141
-250 145
-254 153
-314 181
-326 185
-334 183
-370 193
-310 165
-302 165
-282 151
-290 161
-302 155
-334 173
-330 167
-342 171
-326 165
-338 163
-350 167
-350 165
-342 171
-342 179
-330 175
-334 181
-338 181
-322 173
-290 151
-362 169
-306 139
-310 153
-294 125
-278 133
-306 139
-318 153
-298 141
-298 147
-242 117
-262 107
-262 107
-254 119
-282 107
-270 63
-282 67
-246 59
-246 65
-238 73
-262 63
-250 67
-250 67
-230 63
-194 57
-214 23
-198 31
-202 75
-234 97
-242 95
-222 85
-246 103
-182 63
-198 51
-210 35
-146 37
-210 71
-206 67
-202 75
-234 105
-238 91
-254 83
-278 111
-274 93
-266 95
-242 67
-254 75
-258 91
-254 93
-254 95
-298 109
-314 127
-334 149
-346 141
-290 127
-282 127
-266 129
-258 91
-222 93
-214 103
-234 105
-278 129
-290 129
-290 113
-274 87
-254 61
-250 57
-270 57
-262 63
-266 75
-254 85
-278 117
-270 105
-278 93
-314 125
-294 131
-294 139
-278 127
-270 131
-282 145
-258 123
-282 147
-266 155
-258 133
-250 133
-282 145
-274 139
-306 151
-322 143
-314 143
-274 121
-282 137
-282 151
-250 143
-270 135
-286 143
-282 139
-254 135
-286 159
-330 183
-354 189
-326 179
-326 177
-322 183
-298 167
-314 171
-314 173
-302 165
-302 159
-338 187
-338 173
-318 169
-342 173
-346 189
-330 187
-338 193
-386 203
-374 185
-350 181
-350 183
-370 195
-374 191
-354 193
-350 179
-334 165
-306 153
-306 151
-302 157
-326 159
-330 159
-326 183
-334 181
-314 177
-286 163
-282 157
-278 133
-258 125
-258 107
-274 119
-262 139
-278 147
-282 159
-282 161
-318 171
-318 175
-382 201
-366 193
-342 193
-330 187
-330 191
-350 193
-366 199
-334 185
-322 177
-318 169
-346 183
-370 197
-334 179
-318 181
-318 173
-342 189
-338 179
-322 185
-314 177
-362 175
-318 149
-334 165
-350 191
-326 179
-318 177
-266 147
-286 153
-306 169
-302 167
-314 169
-326 173
-338 189
-318 169
-302 157
-366 187
-318 167
-306 163
-286 149
-274 129
-294 153
-310 151
-302 157
-266 151
-274 161
-298 175
-290 159
-286 157
-274 143
-270 121
-290 115
-282 115
-262 131
-286 141
-254 121
-270 133
-286 139
-306 163
-342 171
-286 153
-302 161
-334 179
-362 191
-370 195
-386 205
-378 205
-406 213
-370 193
-386 203
-322 181
-310 169
-290 155
-302 173
-290 165
-330 177
-362 197
-350 193
-326 185
-314 177
-282 151
-294 145
-294 139
-282 135
-274 143
-274 155
-266 153
-270 147
-270 143
-290 133
-262 117
-238 109
-242 119
-246 107
-258 135
-250 113
-218 85
-222 75
-234 63
-262 97
-230 85
-242 87
-274 107
-238 113
-258 127
-230 121
-262 127
-282 133
-334 163
-314 169
-306 163
-318 173
-346 177
-306 155
-298 155
-322 157
-334 155
-302 163
-338 185
-354 191
-302 165
-334 179
-318 175
-314 175
-338 187
-334 185
-334 187
-378 201
-386 209
-366 201
-382 207
-346 191
-366 197
-334 171
-302 163
-310 161
-290 149
-314 149
-258 127
-290 153
-302 171
-322 175
-334 181
-350 185
-342 193
-338 179
-310 161
-314 183
-294 165
-294 135
-306 133
-306 145
-318 137
-286 135
-266 123
-234 109
-250 109
-286 103
-286 111
-222 115
-246 121
-274 137
-290 149
-282 141
-330 179
-326 165
-338 183
-346 179
-326 171
-326 153
-262 131
-258 125
-238 125
-286 141
-294 127
-286 113
-254 103
-302 117
-286 123
-298 137
-274 141
-294 143
-286 125
-302 127
-258 131
-266 141
-270 131
-230 99
-246 93
-254 63
-246 55
-254 75
-278 99
-234 93
-210 65
-146 57
-174 59
-230 65
-254 79
-270 71
-278 87
-270 77
-326 67
-302 71
-230 61
-262 55
-242 51
-250 37
-254 15
-210 15
-242 45
-246 51
-286 33
-262 23
-254 15
-250 19
-254 17
-270 27
-270 27
-286 41
-302 17
-290 7
-290 35
-298 35
-290 35
-294 49
-286 43
-278 47
-258 39
-214 5
-246 5
-274 9
-298 35
-282 13
-250 15
-238 29
-258 9
-270 37
-242 17
-234 11
-254 5
-254 5
-274 23
-282 41
-258 47
-274 37
-274 69
-286 71
-278 75
-278 85
-266 85
-294 93
-298 97
-294 103
-278 103
-274 105
-298 115
-254 121
-258 123
-238 123
-246 103
-266 131
-298 131
-294 113
-282 107
-266 129
-294 145
-274 119
-282 149
-250 133
-250 129
-262 119
-290 129
-246 119
-254 125
-254 113
-262 127
-294 151
-314 157
-306 139
-290 127
-294 139
-314 161
-282 143
-274 147
-282 133
-314 127
-290 147
-302 145
-282 137
-258 129
-274 127
-258 115
-242 103
-250 89
-302 95
-270 105
-282 89
-294 93
-290 93
-270 77
-254 63
-286 81
-294 59
-270 49
-250 77
-246 73
-246 59
-242 67
-238 63
-250 59
-258 61
-246 75
-298 69
-270 71
-266 77
-278 87
-266 71
-270 73
-262 73
-254 49
-266 39
-254 33
-270 9
-230 5
-234 7
-234 15
-242 17
-182 5
-210 17
-210 29
-222 49
-262 51
-218 55
-238 65
-238 45
-202 61
-210 83
-230 113
-246 91
-238 105
-234 97
-266 109
-266 115
-222 73
-238 63
-222 21
-198 45
-190 55
-226 51
-214 29
-206 43
-198 27
-222 33
-234 59
-262 73
-258 103
-250 109
-246 117
-238 115
-266 117
-226 97
-250 93
-274 127
-290 91
-230 93
-230 61
-226 37
-242 25
-230 1
-226 9
-230 1
-190 29
-170 17
-190 29
-222 57
-226 41
-234 35
-266 43
-270 43
-278 67
-278 55
-262 61
-254 57
-286 85
-270 77
-246 87
-266 89
-250 91
-254 93
-278 79
-282 89
-230 79
-226 57
-226 41
-246 41
-250 53
-270 27
-250 31
-238 39
-218 47
-218 17
-222 17
-234 19
-246 23
-230 45
-254 61
-254 67
-258 73
-286 63
-282 67
-290 71
-266 73
-230 75
-222 107
-238 105
-242 85
-254 75
-306 95
-290 99
-250 111
-286 93
-294 87
-330 79
-322 87
-318 105
-306 77
-318 101
-274 93
-302 83
-278 57
-262 35
-250 33
-258 9
-238 5
-270 35
-238 29
-274 51
-238 51
-218 31
-198 43
-226 57
-222 75
-230 81
-258 89
-258 79
-262 75
-250 105
-262 91
-262 85
-258 91
-266 73
-278 81
-278 107
-254 101
-214 111
-258 107
-290 113
-282 129
-298 137
-310 121
-302 139
-310 155
-290 145
-278 123
-290 125
-270 133
-314 155
-286 145
-322 157
-322 159
-278 125
-270 109
-262 95
-294 99
-262 95
-254 85
-274 79
-274 67
-262 47
-274 59
-286 59
-274 67
-238 35
-230 47
-250 51
-246 31
-242 65
-194 39
-242 11
-230 27
-274 1
-290 17
-250 7
-222 1
-218 15
-254 13
-274 21
-250 9
-258 15
-258 23
-238 7
-218 21
-222 1
-222 23
-226 13
-238 17
-198 13
-230 25
-246 33
-214 31
-262 27
-258 37
-202 23
-226 1
-238 11
-230 19
-234 47
-222 55
-254 53
-250 53
-222 47
-254 41
-242 19
-254 43
-202 51
-230 43
-242 69
-270 79
-254 91
-238 67
-254 53
-234 63
-230 79
-242 111
-270 105
-258 107
-250 101
-266 119
-270 113
-286 103
-294 101
-270 83
-270 105
-254 93
-270 115
-282 125
-246 113
-242 119
-246 123
-226 109
-206 97
-222 87
-246 73
-258 93
-286 79
-298 77
-286 93
-282 95
-258 75
-270 71
-274 85
-274 81
-246 35
-238 49
-266 59
-266 43
-282 45
-274 59
-278 51
-254 29
-274 49
-278 39
-258 29
-290 11
-278 25
-226 45
-246 47
-266 57
-250 57
-254 69
-230 81
-234 83
-254 85
-282 75
-250 55
-262 39
-262 25
-230 13
-242 9
-278 17
-250 33
-218 27
-230 43
-222 31
-266 37
-246 41
-242 13
-250 15
-258 11
-258 15
-242 5
-306 3
-310 13
-270 9
-274 9
-294 5
-278 5
-234 21
-286 27
-282 33
-286 25
-282 13
-266 9
-242 17
-246 27
-254 59
-278 27
-298 13
-270 11
-266 45
-246 55
-238 87
-278 89
-258 87
-254 91
-254 101
-250 109
-266 91
-250 113
-246 141
-298 165
-282 167
-330 181
-298 163
-298 161
-306 161
-306 171
-322 175
-262 159
-238 145
-242 139
-322 165
-314 171
-326 177
-370 201
-350 189
-366 199
-342 183
-346 187
-334 185
-322 177
-362 195
-358 187
-350 189
-330 175
-346 183
-334 169
-346 175
-366 187
-386 197
-334 179
-310 181
-314 165
-302 155
-298 161
-274 151
-290 129
-234 111
-254 119
-242 103
-206 107
-242 109
-242 111
-226 97
-262 103
-278 107
-290 119
-286 139
-326 143
-270 123
-294 141
-294 143
-278 147
-266 141
-274 165
-354 191
-326 183
-314 177
-334 183
-322 183
-306 177
-330 187
-310 169
-306 167
-306 179
-326 183
-334 175
-354 187
-338 173
-318 159
-334 181
-338 187
-350 191
-346 191
-378 201
-414 213
-382 201
-394 205
-398 209
-350 195
-322 171
-318 177
-322 179
-302 161
-310 165
-342 169
-306 163
-298 161
-310 161
-282 139
-254 105
-254 63
-230 53
-274 97
-294 89
-242 91
-258 75
-278 89
-254 83
-254 87
-282 81
-258 53
-310 59
-294 29
-282 53
-266 47
-266 41
-206 57
-226 91
-246 85
-218 59
-230 51
-270 49
-266 39
-250 53
-226 43
-198 21
-210 3
-214 13
-226 1
-222 5
-210 5
-214 25
-226 17
-234 15
-230 21
-202 11
-210 1
-250 9
-226 15
-230 19
-198 5
-198 1
-202 9
-230 3
-250 1
-222 1
-246 25
-230 41
-222 53
-214 69
-210 79
-230 63
-258 101
-302 119
-266 101
-282 105
-262 69
-278 87
-254 61
-242 61
-242 43
-282 71
-274 61
-254 73
-258 79
-262 89
-274 123
-298 157
-354 185
-334 185
-334 173
-338 181
-354 187
-358 171
-374 185
-334 175
-266 151
-274 167
-314 165
-302 159
-254 149
-286 155
-258 157
-306 163
-326 177
-294 159
-318 175
-298 161
-306 175
-278 159
-310 177
-362 197
-366 199
-362 197
-366 189
-346 177
-362 197
-378 203
-342 191
-266 165
-318 187
-362 197
-382 205
-382 207
-386 205
-354 197
-390 207
-398 201
-398 203
-322 171
-362 189
-354 191
-366 193
-326 181
-346 191
-330 179
-318 181
-330 177
-342 185
-310 179
-366 199
-354 191
-310 175
-350 181
-310 181
-326 179
-366 191
-334 183
-318 177
-322 163
-342 175
-306 163
-354 189
-322 169
-306 173
-330 171
-310 161
-294 149
-306 149
-346 159
-302 161
-326 167
-314 167
-286 153
-254 155
-290 157
-290 169
-314 151
-302 151
-314 159
-290 163
-310 161
-302 173
-294 163
-274 165
-290 177
-330 185
-342 179
-326 167
-342 177
-342 185
-318 171
-334 177
-334 185
-354 199
-286 169
-326 171
-306 147
-290 145
-306 135
-298 119
-290 119
-278 123
-302 141
-314 161
-310 159
-294 145
-278 155
-302 159
-282 151
-270 161
-318 181
-290 159
-330 185
-298 171
-342 195
-358 199
-358 197
-378 203
-378 199
-362 199
-354 195
-366 201
-362 201
-386 207
-402 209
-390 209
-390 209
-370 201
-354 189
-350 183
-298 167
-302 171
-322 185
-338 193
-294 163
-350 181
-366 195
-326 181
-334 183
-350 183
-334 179
-354 187
-342 181
-302 163
-302 145
-334 159
-306 163
-302 161
-330 159
-334 165
-342 171
-302 153
-322 173
-338 185
-402 211
-366 203
-358 197
-342 189
-362 191
-366 199
-362 199
-366 201
-354 187
-378 201
-342 187
-346 183
-354 191
-370 197
-366 201
-326 183
-334 183
-350 187
-290 165
-294 157
-294 143
-286 137
-302 129
-250 101
-278 125
-258 135
-282 147
-266 151
-290 159
-286 163
-314 175
-286 149
-282 165
-290 173
-318 181
-342 193
-390 207
-414 215
-374 195
-370 191
-298 171
-322 167
-318 157
-294 141
-310 145
-266 121
-306 137
-334 157
-330 157
-314 151
-278 151
-306 167
-338 179
