14 11
-362 177
-322 175
-338 181
-354 191
-346 193
-350 195
-346 189
-338 183
-314 155
-290 137
-326 169
-294 155
-310 163
-322 163
-330 157
-290 145
-322 153
-278 131
-274 123
-290 135
-298 131
-318 149
-302 155
-290 155
-306 163
-350 181
-326 165
-346 185
-334 183
-370 193
-326 163
-318 171
-322 183
-302 179
-374 203
-358 199
-350 191
-370 199
-386 205
-354 197
-370 197
-374 193
-318 179
-342 179
-362 189
-390 201
-386 197
-350 177
-358 183
-334 179
-330 179
-342 179
-322 173
-362 169
-358 185
-358 195
-350 193
-354 197
-350 189
-378 201
-390 209
-418 215
-382 201
-390 205
-322 185
-390 197
-374 195
-402 213
-422 217
-382 207
-382 203
-402 211
-402 211
-378 197
-378 197
-358 189
-342 187
-330 175
-330 171
-346 179
-378 195
-382 203
-398 209
-362 187
-354 193
-378 193
-362 185
-338 173
-350 175
-330 177
-358 181
-346 179
-370 187
-342 179
-382 205
-366 199
-354 197
-350 193
-346 195
-378 205
-398 209
-338 185
-310 173
-330 179
-326 171
-362 189
-382 199
-394 205
-406 211
-418 217
-398 209
-370 193
-350 193
-374 201
-390 207
-370 201
-354 193
-394 209
-390 203
-414 215
-394 209
-394 209
-402 211
-418 217
-398 211
-374 201
-394 207
-386 207
-370 201
-378 201
-370 201
-370 203
-374 205
-366 201
-354 189
-362 193
-374 195
-366 193
-394 205
-370 191
-342 193
-410 215
-406 213
-390 209
-366 193
-386 205
-362 195
-418 215
-418 217
-426 219
-394 209
-354 189
-362 195
-366 191
-374 197
-342 179
-322 181
-330 175
-362 191
-366 199
-374 197
-386 205
-362 199
-342 191
-362 195
-390 207
-358 193
-314 165
-326 167
-310 161
-306 155
-254 117
-258 139
-310 157
-350 181
-350 175
-346 157
-306 159
-334 165
-294 153
-258 157
-266 157
-318 175
-346 183
-370 189
-346 187
-338 191
-366 195
-330 183
-334 183
-330 189
-326 187
-338 189
-334 179
-326 175
-334 179
-310 175
-306 171
-298 167
-294 159
-310 163
-290 157
-262 155
-350 187
-350 195
-370 199
-366 199
-342 187
-334 173
-350 171
-330 157
-310 157
-274 143
-306 159
-314 169
-330 187
-342 189
-350 191
-350 187
-366 191
-366 187
-330 165
-326 159
-338 175
-370 189
-354 179
-370 177
-338 165
-358 167
-338 159
-358 171
-314 157
-306 149
-274 133
-282 135
-298 137
-278 145
-338 177
-366 191
-314 169
-354 193
-318 171
-346 183
-358 189
-358 185
-386 195
-390 193
-394 205
-354 191
-398 209
-390 209
-422 217
-386 205
-358 187
-406 203
-378 205
-362 197
-386 203
-370 195
-394 207
-370 193
-342 187
-370 197
-370 201
-382 201
-342 187
-290 171
-318 171
-290 157
-270 149
-342 183
-346 191
-338 183
-342 181
-346 177
-338 187
-366 199
-322 183
-322 179
-334 173
-358 187
-314 167
-326 177
-318 181
-306 185
-346 191
-354 191
-366 203
-382 203
-354 195
-350 197
-342 193
-334 191
-386 207
-362 193
-374 201
-378 203
-382 205
-370 197
-410 215
-382 201
-426 217
-390 209
-350 191
-358 193
-390 203
-362 199
-342 191
-350 195
-374 205
-382 205
-358 199
-370 195
-342 189
-374 199
-322 185
-286 165
-342 183
-334 179
-386 199
-374 199
-398 211
-402 207
-354 193
-342 185
-330 183
-346 185
-314 171
-322 183
-338 179
-342 189
-342 193
-350 191
-346 189
-358 193
-342 183
-354 195
-362 195
-346 187
-330 181
-350 183
-342 185
-354 191
-362 191
-366 199
-362 195
-342 191
-378 195
-354 189
-362 187
-358 177
-330 185
-354 195
-322 191
-358 193
-346 189
-362 195
-358 199
-354 197
-414 215
-402 213
-390 207
-386 207
-378 205
-366 199
-378 201
-398 207
-386 207
-410 211
-414 211
-418 217
-362 199
-326 177
-350 187
-374 199
-354 193
-390 205
-390 207
-382 205
-394 207
-398 199
-402 205
-386 203
-386 205
-382 203
-330 185
-346 183
-322 175
-350 185
-354 197
-330 177
-406 209
-370 201
-362 199
-338 189
-358 197
-378 203
-390 207
-374 197
-382 207
-398 211
-410 215
-382 205
-366 199
-350 197
-342 193
-382 205
-370 191
-398 203
-418 211
-398 207
-354 197
-330 183
-290 165
-294 167
-314 163
-362 181
-370 187
-350 177
-358 177
-334 173
-342 171
-322 159
-350 169
-350 163
-342 171
-370 175
-342 179
-370 185
-338 165
-322 177
-302 171
-298 171
-338 181
-350 185
-334 175
-350 175
-338 173
-354 169
-374 189
-358 175
-318 171
-290 165
-338 169
-326 163
-338 163
-326 171
-342 187
-358 199
-346 185
-306 163
-306 161
-318 159
-326 171
-330 177
-334 183
-330 181
-350 189
-342 183
-350 189
-338 183
-354 187
-354 189
-362 197
-330 181
-382 201
-390 203
-386 201
-358 193
-350 191
-334 191
-314 175
-330 183
-342 183
-342 187
-278 161
-310 151
-318 163
-326 183
-318 165
-318 175
-334 169
-310 169
-342 169
-354 169
-366 183
-330 171
-334 179
-318 141
-334 147
-298 125
-262 133
-310 129
-282 131
-242 89
-230 95
-266 107
-270 97
-250 87
-234 79
-250 79
-258 97
-242 79
-242 103
-270 135
-306 127
-294 107
-298 101
-302 111
-318 111
-318 133
-294 131
-310 139
-302 143
-270 137
-278 149
-306 147
-314 147
-306 139
-290 155
-282 151
-294 161
-298 163
-290 161
-330 175
-334 167
-342 163
-358 177
-342 173
-342 175
-334 177
-302 167
-302 177
-350 195
-370 203
-362 201
-370 193
-366 201
-334 185
-370 191
-346 187
-350 191
-350 191
-330 181
-334 191
-326 181
-322 183
-322 179
-310 177
-330 179
-314 171
-350 181
-346 185
-318 167
-302 161
-290 155
-270 139
-254 125
-286 137
-306 163
-290 155
-286 163
-334 179
-322 175
-342 171
-314 147
-322 149
-346 177
-374 197
-386 207
-394 207
-394 209
-382 203
-410 215
-398 211
-378 205
-366 197
-330 181
-330 171
-338 179
-334 171
-326 169
-362 181
-382 195
-326 169
-310 167
-274 157
-302 157
-302 147
-310 137
-318 153
-350 169
-334 143
-318 137
-326 155
-342 169
-338 181
-346 181
-374 177
-354 177
-318 151
-326 147
-310 135
-314 113
-286 123
-314 111
-310 97
-346 117
-322 127
-338 137
-330 157
-282 165
-326 149
-338 163
-326 175
-334 185
-350 185
-334 187
-330 189
-338 189
-334 187
-390 209
-398 211
-378 207
-358 193
-346 197
-386 205
-342 187
-326 173
-286 155
-298 151
-270 131
-274 131
-274 143
-314 167
-338 165
-322 163
-334 179
-342 185
-342 187
-358 183
-382 191
-362 193
-342 193
-370 195
-386 205
-362 195
-374 199
-374 203
-414 215
-398 211
-406 211
-366 203
-406 213
-402 211
-366 197
-378 201
-394 197
-362 193
-346 177
-302 167
-298 163
-278 155
-294 151
-306 165
-334 171
-330 169
-322 169
-314 169
-318 157
-310 163
-354 173
-338 173
-322 175
-354 183
-346 171
-318 165
-278 141
-258 121
-314 147
-310 145
-318 165
-346 159
-326 165
-306 153
-314 151
-318 137
-326 149
-326 137
-322 163
-338 175
-302 163
-274 149
-250 147
-278 149
-322 171
-298 167
-338 183
-338 189
-354 187
-326 183
-282 157
-322 165
-298 163
-294 159
-258 133
-250 119
-254 131
-250 133
-274 137
-274 133
-282 121
-274 133
-270 139
-290 159
-294 161
-310 161
-270 153
-290 155
-290 159
-282 143
-278 137
-290 149
-294 151
-274 153
-326 163
-342 165
-334 177
-306 163
-346 181
-346 189
-358 193
-338 181
-330 175
-346 179
-306 167
-326 173
-326 171
-306 173
-298 155
-318 161
-302 157
-330 179
-346 187
-334 175
-350 187
-326 167
-302 143
-306 165
-326 181
-330 183
-350 191
-326 185
-334 175
-326 171
-342 171
-314 157
-314 141
-302 131
-322 151
-334 139
-346 163
-310 169
-298 161
-274 161
-270 159
-282 143
-274 131
-302 151
-294 159
-314 153
-318 165
-278 141
-298 157
-310 173
-302 175
-322 181
-354 183
-334 185
-358 193
-386 201
-402 211
-386 205
-342 191
-322 185
-378 201
-366 189
-366 185
-338 181
-326 183
-362 189
-366 195
-398 209
-378 203
-374 201
-354 195
-342 181
-362 181
-342 171
-330 169
-326 165
-322 171
-350 169
-314 159
-310 165
-310 177
-350 181
-346 189
-390 197
-374 199
-406 213
-362 197
-362 193
-374 197
-374 203
-386 207
-374 205
-366 199
-382 203
-402 213
-398 211
-410 215
-414 215
-398 211
-370 201
-362 199
-394 207
-390 209
-390 207
-378 205
-398 209
-398 211
-398 203
-354 185
-322 173
-350 171
-330 171
-322 167
-310 159
-326 163
-310 179
-306 177
-346 189
-314 179
-354 187
-342 179
-390 185
-362 181
-338 169
-290 145
-330 163
-330 159
-338 145
-314 147
-294 145
-302 159
-294 137
-278 133
-270 135
-294 161
-298 155
-250 135
-270 135
-226 115
-238 103
-270 97
-302 121
-330 135
-302 139
-318 131
-330 137
-330 149
-306 137
-334 151
-362 169
-310 139
-290 135
-266 133
-282 145
-290 139
-278 135
-278 127
-290 129
-294 131
-322 107
-294 85
-270 59
-278 47
-266 55
-262 39
-242 1
-238 3
-254 19
-214 29
-254 15
-238 5
-234 15
-246 13
-270 11
-234 23
-242 37
-234 51
-206 51
-234 59
-258 71
-258 89
-294 109
-270 115
-278 121
-266 121
-314 123
-290 129
-282 143
-266 159
-266 159
-338 193
-322 175
-362 193
-362 201
-374 197
-374 203
-398 211
-394 209
-406 213
-378 203
-378 205
-362 199
-358 189
-334 185
-362 191
-370 193
-366 195
-378 189
-366 191
-346 189
-358 199
-374 205
-318 183
-314 177
-314 167
-290 153
-266 133
-302 139
-322 157
-278 139
-286 149
-318 159
-354 185
-358 193
-354 193
-374 203
-390 209
-406 213
-366 201
-354 197
-358 187
-410 209
-434 221
-394 211
-386 205
-402 203
-390 205
-370 197
-358 193
-366 191
-378 199
-382 201
-330 175
-318 167
-362 193
-358 197
-338 185
-322 167
-282 149
-334 175
-330 175
-298 161
-338 153
-338 155
-322 151
-322 151
-326 165
-322 167
-314 157
-326 163
-330 159
-302 147
-314 167
-346 177
-374 173
-346 163
-326 153
-334 149
-306 151
-310 139
-266 119
-274 125
-290 135
-290 131
-326 157
-342 165
-330 183
-310 179
-326 173
-346 175
-326 179
-342 185
-346 185
-342 179
-330 179
-334 179
-298 161
-350 189
-362 191
-358 193
-330 183
-354 185
-354 179
-282 145
-290 155
-302 155
-338 175
-362 175
-322 163
-326 173
-318 179
-366 193
-362 195
-386 201
-342 189
-362 197
-346 187
-314 179
-314 181
-358 195
-422 217
-366 197
-386 205
-398 211
-398 209
-382 205
-382 199
-374 195
-350 191
-378 201
-366 201
-374 201
-394 205
-362 199
-382 201
-362 193
-374 195
-394 205
-398 209
-334 177
-354 193
-382 203
-338 183
-350 197
-366 197
-378 197
-354 193
-354 193
-350 191
-374 203
-378 203
-350 187
-374 193
-374 189
-382 199
-354 195
-366 203
-338 189
-318 175
-326 161
-330 163
-298 141
-282 149
-266 153
-286 167
-326 179
-350 191
-286 165
-314 173
-318 177
-270 165
-294 153
-302 159
-302 167
-342 179
-346 181
-338 179
-338 171
-350 183
-350 189
-398 207
-370 195
-326 183
-362 197
-338 191
-318 185
-322 175
-354 187
-366 195
-350 187
-394 209
-370 203
-374 201
-350 191
-322 177
-330 167
-330 163
-314 165
-346 175
-346 181
-362 189
-354 181
-326 175
-358 185
-274 159
-314 171
-330 179
-346 189
-358 191
-358 197
-378 203
-362 187
-338 181
-358 187
-358 193
-370 195
-358 199
-366 197
-358 195
-346 193
-390 205
-338 193
-330 185
-318 183
-350 187
-326 171
-342 173
-334 177
-322 175
-326 169
-322 177
-298 167
-318 161
-334 163
-318 175
-350 181
-358 191
-326 183
-354 191
-346 189
-374 201
-362 199
-366 199
-414 215
-410 213
-418 215
-394 209
-410 213
-410 215
-398 211
-426 219
-418 217
-422 217
-426 219
-374 203
-366 193
-346 193
-350 195
-346 195
-334 185
-354 193
-322 175
-326 181
-330 181
-318 179
-346 193
-358 193
-338 185
-346 185
-374 197
-362 193
-350 193
-354 195
-386 201
-378 203
-358 195
-370 201
-390 203
-362 197
-370 199
-350 197
-378 203
-358 197
-366 201
-390 209
-398 209
-378 205
-382 207
-342 193
-354 197
-346 187
-354 195
-378 205
-350 191
-342 185
-378 197
-398 209
-402 211
-370 197
-382 203
-382 199
-374 197
-398 211
-374 201
-362 199
-346 185
-346 193
-382 201
-366 195
-382 201
-366 195
-354 191
-386 207
-334 191
-318 175
-350 185
-362 195
-374 195
-366 193
-346 175
-342 169
-326 165
-334 171
-322 175
-302 179
-286 165
-274 157
-294 159
-310 169
-334 171
-358 189
-374 199
-330 185
-334 181
-370 201
-358 195
-378 199
-350 195
-374 199
-406 207
-398 205
-354 197
-374 195
-318 169
-334 177
-366 187
-354 193
-314 169
-330 183
-346 181
-382 203
-362 195
-338 181
-330 183
-330 175
-362 189
-346 191
-370 199
-350 185
-318 173
-318 181
-314 177
-326 179
-366 191
-354 189
-378 199
-390 205
-386 201
-362 183
-314 175
-338 179
-330 165
-334 173
-390 199
-378 199
-370 203
-366 199
-370 197
-378 201
-378 197
-378 191
-390 201
-398 201
-418 215
-418 213
-382 205
-394 207
-406 213
-398 211
-414 211
-398 209
-358 197
-290 167
-318 173
-302 159
-326 171
-350 187
-370 185
-330 179
-334 181
-314 175
-310 165
-306 179
-302 175
-322 183
-346 173
-326 173
-318 173
-318 173
-310 157
-310 179
-278 147
-274 159
-346 187
-342 181
-314 179
-338 181
-346 189
-326 183
-322 181
-346 193
-350 197
-334 189
-262 157
-286 157
-266 161
-286 157
-350 195
-354 193
-354 185
-342 173
-330 175
-350 189
-346 187
-366 201
-366 201
-326 179
-350 193
-330 185
-330 185
-366 199
-374 197
-382 191
-394 191
-370 183
-394 197
-394 197
-366 185
-390 189
-374 193
-386 201
-390 201
-350 187
-370 195
-402 211
-398 209
-370 201
-386 205
-322 167
-330 175
-334 181
-370 193
-358 191
-358 183
-354 187
-378 197
-390 205
-358 191
-346 185
-330 177
-318 175
-322 157
-342 169
-290 159
-262 135
-298 155
-310 159
-302 169
-270 149
-286 149
-318 163
-342 177
-330 183
-358 189
-382 199
-382 187
-346 175
-334 167
-338 157
-310 139
-330 147
-290 137
-326 161
-282 149
-290 143
-330 165
-338 163
-338 161
-358 171
-358 171
-354 175
-342 165
-338 173
-250 147
-302 149
-326 177
-322 171
-334 183
-362 191
-346 181
-358 177
-362 195
-354 189
-314 173
-310 169
-362 181
-346 181
-358 193
-370 193
-346 193
-374 203
-394 209
-386 205
-378 203
-402 211
-402 213
-370 201
-326 183
-318 179
-318 179
-342 189
-366 199
-334 183
-338 191
-322 183
-314 183
-330 181
-358 189
-390 199
-370 197
-362 197
-390 201
-330 185
-326 165
-330 173
-366 193
-386 197
-390 199
-362 191
-334 169
-322 181
-366 197
-394 209
-358 193
-298 167
-330 185
-394 201
-402 207
-406 211
-386 207
-338 191
-366 189
-382 199
-370 205
-342 191
-330 187
-314 175
-354 193
-370 199
-358 193
-334 191
-326 177
-298 159
-342 177
-342 171
-330 165
-354 187
-302 167
-318 165
-330 181
-334 185
-302 159
-262 131
-254 113
-282 111
-246 97
-242 55
-226 31
-230 33
-258 25
-222 35
-230 9
-262 9
-262 31
-270 35
-270 31
-262 23
-242 15
-230 11
-230 47
-278 53
-282 45
-262 45
-250 55
-262 71
-222 55
-238 59
-234 63
-262 69
-258 71
-286 77
-290 83
-286 77
-274 59
-314 75
-266 57
-298 55
-298 63
-334 87
-330 67
-330 99
-322 111
-294 121
-290 133
-314 135
-302 131
-326 159
-338 167
-326 161
-338 175
-342 165
-318 159
-306 169
-302 167
-290 163
-310 161
-338 185
-322 177
-286 161
-290 159
-302 173
-326 179
-338 175
-318 161
-338 177
-350 185
-370 183
-354 183
-378 201
-342 179
-322 179
-326 167
-354 157
-298 127
-298 135
-318 151
-346 157
-346 165
-318 155
-302 151
-270 139
-262 143
-294 137
-334 141
-314 137
-290 129
-318 157
-298 135
-326 131
-334 153
-342 153
-326 163
-334 141
-342 129
-338 131
-326 109
-326 117
-310 135
-326 147
-286 149
-354 187
-358 195
-362 195
-366 195
-374 199
-346 187
-350 187
-358 187
-386 205
-370 201
-402 205
-378 197
-374 197
-366 199
-354 197
-406 209
-390 207
-402 211
-378 201
-374 199
-354 193
-350 185
-330 181
-346 187
-334 191
-334 185
-326 179
-366 197
-362 201
-334 177
-310 175
-306 171
-334 187
-350 195
-402 211
-334 183
-334 175
-342 171
-290 137
-326 143
-318 133
-338 141
-318 125
-334 159
-326 153
-330 157
-310 155
-330 145
-338 157
-318 153
-334 157
-298 155
-306 153
-310 165
-306 165
-294 165
-302 165
-282 139
-282 113
-262 91
-282 109
-266 89
-246 83
-298 93
-286 105
-282 99
-318 99
-266 89
-278 117
-270 121
-322 135
-318 131
-330 137
-290 129
-290 139
-286 147
-286 157
-342 195
-370 193
-338 183
-322 179
-354 177
-362 177
-318 167
-318 175
-306 179
-302 159
-310 167
-346 177
-378 189
-362 187
-326 181
-338 183
-298 167
-334 185
-322 175
-358 189
-330 183
-318 181
-374 197
-374 205
-362 199
-366 197
-366 189
-374 187
-346 179
-346 183
-354 179
-350 179
-310 171
-322 179
-318 173
-310 179
-338 191
-322 185
-366 197
-386 201
-386 201
-354 195
-354 191
-394 209
-398 209
-338 189
-366 189
-326 175
-314 171
-314 177
-330 173
-350 167
-334 171
-330 183
-318 179
-338 181
-350 185
-346 189
-334 187
-334 177
-350 177
-334 173
-330 173
-330 175
-322 181
-338 193
-334 189
-350 193
-378 199
-418 217
-374 201
-358 197
-382 197
-402 207
-366 197
-362 197
-322 177
-302 163
-318 159
-314 175
-302 173
-306 165
-314 175
-346 183
-394 203
-342 191
-358 197
-390 205
-378 203
-378 195
-322 185
-330 191
-314 169
-302 159
-326 177
-318 175
-330 177
-370 195
-346 189
-358 191
-390 207
-358 191
-318 169
-370 185
-350 185
-314 163
-378 187
-378 195
-382 205
-366 197
-366 193
-362 197
-390 207
-358 191
-310 181
-342 189
-334 185
-346 191
-318 181
-326 189
-366 199
-322 183
-370 195
-378 189
-382 201
-338 187
-354 197
-342 187
-362 191
-334 181
-354 197
-374 203
-390 205
-358 193
-342 191
-386 207
-398 211
-382 205
-386 203
-350 195
-366 197
-338 187
-354 197
-350 189
-358 199
-346 193
-322 169
-326 171
-338 173
-350 181
-318 171
-334 167
-330 167
-310 165
-346 165
-322 159
-314 151
-270 141
-274 129
-266 133
-250 143
-286 151
-302 149
-322 171
-298 167
-330 179
-346 187
-354 193
-358 195
-358 195
-358 197
-390 203
-378 199
-386 205
-362 193
-366 189
-350 189
-326 183
-338 189
-346 187
-358 187
-382 205
-338 193
-306 183
-314 181
-334 179
-286 173
-306 181
-298 179
-326 193
-354 195
-342 193
-326 183
-338 183
-378 205
-386 207
-314 173
-330 181
-298 165
-326 179
-370 203
-326 179
-334 163
-338 169
-366 177
-366 189
-358 187
-346 189
-346 187
-346 191
-362 191
-346 191
-282 155
-330 165
-326 167
-334 185
-298 165
-350 193
-358 189
-378 205
-358 191
-358 189
-338 187
-366 199
-362 201
-386 207
-374 203
-366 201
-362 199
-334 179
-358 179
-334 179
-326 169
-310 179
-330 181
-322 183
-326 173
-334 185
-366 191
-402 203
-374 193
-370 193
-394 205
-374 201
-358 189
-350 185
-362 183
-338 173
-358 193
-334 183
-342 189
-362 193
-354 193
-358 199
-354 195
-354 191
-306 175
-290 171
-314 173
-310 163
-310 161
-334 179
-318 167
-302 173
-318 177
-290 171
-286 173
-338 189
-286 163
-294 149
-338 173
-354 181
-378 199
-366 187
-350 189
-362 189
-350 189
-358 197
-374 205
-362 197
-354 193
-350 189
-354 185
-358 191
-362 193
-342 179
-346 189
-374 189
-358 175
-306 149
-262 129
-282 145
-298 161
-306 165
-302 155
-310 159
-298 149
-298 157
-262 125
-254 135
-242 121
-254 123
-278 131
-302 151
-322 149
-278 131
-258 119
-250 133
-294 141
-294 125
-282 117
-262 101
-298 93
-274 87
-266 77
-238 65
-206 53
-222 49
-218 65
-254 73
-262 85
-278 93
-274 107
-250 95
-270 95
-250 119
-254 111
-238 83
-214 55
-246 45
-234 53
-230 37
-254 47
-242 55
-250 17
-254 51
-254 33
-266 27
-258 37
-262 55
-242 61
-262 63
-286 87
-254 65
-258 29
-246 19
-290 27
-294 59
-306 65
-286 65
-278 53
-286 61
-250 33
-258 53
-290 45
-266 41
-254 51
-258 87
-238 55
-234 47
-238 59
-250 63
-266 65
-226 69
-218 65
-254 75
-282 85
-306 103
-298 111
-290 105
-294 95
-298 93
-338 107
-326 113
-322 123
-310 125
-342 111
-330 105
-326 91
-346 103
-338 119
-314 99
-314 99
-310 91
-294 95
-286 81
-270 73
-286 87
-298 75
-294 95
-282 97
-270 85
-266 107
-250 79
-226 49
-230 49
-210 31
-242 45
-238 43
-234 57
-246 81
-222 53
-234 93
-230 93
-242 101
-234 89
-286 67
-262 69
-238 67
-254 39
-246 37
-262 57
-306 67
-306 79
-286 73
-266 73
-314 71
-298 95
-302 101
-286 87
-278 95
-314 107
-318 123
-318 137
-266 107
-270 111
-274 83
-302 115
-314 125
-290 117
-278 97
-274 115
-254 97
-258 87
-282 99
-290 113
-274 91
-290 109
-290 125
-306 109
-310 97
-294 89
-318 95
-314 99
-306 105
-242 81
-270 79
-310 101
-306 103
-330 131
-310 131
-322 123
-310 139
-322 133
-334 133
-302 115
-298 117
-274 133
-310 129
-338 131
-302 115
-290 105
-274 103
-274 121
-330 119
-342 127
-326 137
-326 141
-302 121
-282 111
-266 119
-318 153
-318 155
-318 161
-306 129
-286 115
-270 93
-246 107
-270 71
-254 75
-238 81
-254 91
-254 115
-282 129
-250 123
-318 167
-314 155
-342 165
-362 177
-362 161
-366 171
-378 175
-354 177
-298 157
-322 173
-298 169
-274 159
-310 163
-290 163
-350 183
-338 187
-366 197
-422 209
-418 211
-434 221
-418 215
-378 203
-398 209
-398 211
-378 199
-350 193
-318 169
-318 165
-322 175
-358 193
-350 193
-334 189
-334 191
-382 199
-382 199
-374 193
-354 195
-350 195
-338 193
-358 197
-342 185
-394 209
-374 201
-370 201
-398 211
-362 191
-330 179
-354 195
-334 187
-370 201
-374 203
-418 215
-382 203
-398 211
-398 211
-358 201
-322 177
-334 177
-346 173
-318 149
-302 165
-326 169
-346 177
-330 165
-326 159
-294 159
-282 141
-294 151
-318 153
-338 167
-314 151
-346 167
-330 153
-366 173
-358 175
-346 179
-358 197
-306 169
-342 173
-326 143
-322 155
-310 161
-282 161
-314 163
-298 167
-306 155
-298 147
-314 171
-346 165
-310 163
-326 173
-358 183
-310 165
-322 173
-350 183
-362 183
-354 173
-330 173
-354 173
-326 171
-346 187
-346 181
-322 173
-322 177
-330 187
-310 167
-334 175
-290 135
-294 143
-282 127
-270 121
-278 125
-322 153
-338 137
-306 137
-282 131
-302 131
-318 155
-346 155
-322 171
-350 179
-366 179
-374 193
-366 195
-326 179
-318 173
-302 167
-354 193
-366 195
-358 191
-358 183
-354 177
-358 169
-366 173
-350 159
-338 155
-370 165
-362 165
-330 149
-306 149
-286 119
-294 143
-274 149
-286 135
-298 163
-262 135
-310 167
-306 173
-326 181
-350 183
-366 195
-358 197
-366 197
-382 203
-338 187
-354 191
-366 199
-346 183
-354 191
-338 191
-346 189
-322 181
-398 207
-430 219
-382 205
-410 213
-350 199
-366 201
-366 201
-374 201
-382 205
-350 193
-386 205
-406 211
-398 209
-378 199
-370 197
-378 201
-398 209
-402 211
-378 205
-362 193
-362 189
-318 169
-346 183
-346 177
-350 177
-370 205
-382 205
-370 203
-354 197
-366 193
-358 193
-326 185
-326 179
-354 189
-378 199
-386 203
-378 201
-390 203
-382 205
-382 201
-394 209
-338 193
-374 201
-358 199
-314 181
-358 193
-366 191
-342 191
-358 189
-338 181
-342 177
-358 179
-338 165
-322 173
-350 189
-350 187
-346 181
-354 193
-358 189
-362 179
-342 157
-318 141
-310 143
-254 135
-286 157
-302 149
-278 157
-270 155
-294 145
-290 141
-294 153
-314 163
-306 167
-314 169
-314 171
-330 179
-342 187
-378 203
-386 205
-362 195
-322 175
-282 163
-286 165
-318 185
-310 179
-302 169
-314 163
-298 147
-330 169
-342 183
-334 171
-334 181
-342 177
-314 159
-342 163
-314 169
-342 173
-342 177
-358 189
-318 177
-322 175
-334 183
-306 167
-334 175
-350 193
-378 203
-370 191
-362 187
-358 189
-366 197
-402 201
-370 197
-382 199
-318 185
-306 157
-278 153
-298 163
-334 187
-382 201
-382 203
-410 209
-382 203
-374 201
-370 201
-394 207
-366 203
-398 211
-374 201
-366 197
-338 187
-394 207
-334 179
-318 157
-286 167
-354 193
-358 195
-386 207
-358 191
-394 207
-358 195
-362 197
-326 169
-346 179
-346 173
-354 165
-302 149
-354 173
-338 159
-330 173
-326 167
-314 149
-322 147
-298 147
-318 145
-290 123
-298 125
-270 111
-258 79
-254 93
-254 95
-218 75
-218 93
-246 107
-254 137
-270 137
-258 145
-290 143
-302 119
-302 111
-294 111
-270 101
-302 111
-302 97
-278 99
-310 127
-314 97
-318 115
-334 117
-286 109
-302 129
