10 35
-342 183
-338 181
-334 177
-358 189
-314 175
-318 173
-362 183
-342 173
-334 169
-326 169
-254 149
-258 143
-282 165
-270 155
-246 143
-282 167
-290 157
-298 141
-298 117
-282 103
-270 113
-310 137
-318 137
-326 123
-326 105
-298 109
-302 101
-290 103
-322 123
-266 109
-254 127
-274 129
-286 123
-290 125
-286 129
-294 109
-302 113
-290 123
-298 115
-298 115
-314 123
-306 121
-274 103
-298 95
-294 79
-294 95
-302 97
-302 97
-306 113
-322 125
-314 119
-302 129
-274 125
-302 143
-306 135
-286 129
-238 113
-258 131
-282 137
-262 149
-266 139
-266 161
-294 169
-262 161
-290 153
-314 155
-306 139
-286 115
-274 115
-242 79
-254 85
-290 111
-294 95
-282 101
-266 93
-306 115
-274 107
-282 117
-330 131
-306 127
-314 129
-318 129
-278 95
-266 93
-286 113
-290 113
-298 113
-290 103
-282 119
-302 141
-322 147
-358 153
-322 153
-354 167
-330 161
-358 193
-342 187
-378 201
-302 177
-338 189
-366 201
-342 193
-310 175
-338 187
-282 157
-322 173
-338 175
-302 169
-302 157
-318 161
-274 149
-238 135
-262 139
-306 151
-314 157
-338 163
-326 167
-318 155
-286 155
-302 159
-306 147
-290 161
-294 169
-334 185
-322 179
-310 169
-330 175
-322 173
-334 171
-330 175
-366 189
-374 197
-362 181
-350 173
-346 171
-338 171
-306 163
-330 165
-314 155
-314 169
-270 153
-322 157
-294 143
-290 133
-270 123
-258 129
-278 161
-286 151
-270 139
-282 129
-290 129
-270 123
-278 123
-302 147
-266 127
-298 155
-326 159
-362 189
-318 173
-358 187
-346 183
-330 181
-346 187
-346 187
-330 171
-302 165
-334 189
-366 199
-390 207
-410 215
-390 207
-394 211
-386 207
-382 201
-386 203
-338 175
-358 195
-342 185
-358 179
-350 175
-286 151
-310 167
-286 163
-258 147
-302 171
-314 137
-306 125
-322 149
-326 163
-330 181
-334 183
-298 171
-270 137
-326 161
-338 179
-330 175
-306 169
-294 157
-286 163
-290 159
-294 159
-322 169
-358 181
-338 175
-330 171
-338 183
-346 189
-338 191
-374 201
-406 209
-386 207
-402 211
-394 211
-410 213
-350 193
-334 185
-330 183
-298 163
-310 157
-330 175
-282 157
-250 115
-290 141
-254 111
-238 89
-290 99
-274 101
-270 111
-278 113
-258 117
-294 115
-234 93
-254 95
-230 73
-266 87
-270 103
-282 105
-278 91
-298 103
-290 105
-270 107
-270 89
-266 91
-298 105
-294 125
-302 133
-318 139
-322 145
-262 115
-298 123
-286 115
-262 81
-286 93
-298 103
-302 119
-286 139
-326 159
-346 169
-346 181
-342 175
-342 175
-370 189
-346 185
-310 173
-334 187
-318 171
-342 191
-358 201
-386 207
-390 209
-374 201
-286 167
-322 169
-334 153
-334 169
-338 175
-342 167
-318 149
-294 123
-254 85
-258 95
-290 81
-310 99
-302 115
-270 131
-282 161
-322 127
-302 151
-294 147
-314 159
-330 161
-310 153
-310 143
-318 151
-302 153
-282 141
-294 143
-286 133
-290 135
-294 153
-282 151
-310 171
-298 173
-342 183
-350 183
-350 181
-310 163
-302 165
-310 173
-274 149
-262 127
-238 107
-286 105
-282 113
-274 109
-250 111
-298 149
-282 143
-278 143
-286 157
-294 137
-314 129
-314 135
-314 141
-314 167
-350 187
-310 181
-298 171
-298 169
-338 189
-358 191
-338 191
-294 171
-342 189
-290 163
-318 169
-302 163
-294 165
-326 173
-314 177
-342 175
-326 179
-294 167
-310 161
-314 167
-314 167
-318 165
-334 169
-338 177
-310 179
-290 167
-318 185
-330 187
-346 185
-346 191
-386 205
-386 201
-346 193
-362 197
-334 181
-334 179
-326 179
-290 169
-310 169
-358 193
-366 195
-326 179
-334 179
-318 171
-314 169
-354 191
-338 185
-350 189
-354 191
-350 191
-362 193
-374 195
-398 199
-382 203
-354 193
-334 181
-330 179
-358 191
-346 187
-366 201
-346 193
-350 191
-346 189
-350 187
-366 197
-366 199
-370 203
-362 201
-310 167
-306 179
-310 175
-294 169
-306 155
-338 181
-346 185
-334 181
-318 179
-334 189
-330 177
-330 171
-290 159
-262 137
-238 133
-266 135
-298 155
-270 147
-242 147
-234 129
-254 143
-290 157
-278 151
-270 151
-294 149
-286 159
-290 151
-306 161
-306 151
-302 159
-286 165
-266 157
-266 161
-250 157
-286 147
-282 141
-282 139
-298 169
-342 183
-366 197
-362 197
-370 201
-386 207
-382 203
-358 199
-382 205
-374 203
-374 199
-334 183
-330 179
-330 179
-302 173
-310 165
-330 181
-342 189
-366 185
-314 167
-298 161
-266 155
-318 187
-342 185
-346 187
-342 191
-318 171
-318 167
-322 177
-322 179
-306 167
-322 173
-302 177
-310 171
-366 171
-338 165
-302 157
-318 169
-294 161
-314 163
-306 145
-314 129
-294 127
-254 115
-242 115
-254 109
-278 135
-286 129
-302 151
-326 151
-314 151
-330 175
-322 177
-314 173
-318 177
-302 173
-314 153
-342 175
-318 161
-326 157
-302 141
-326 167
-342 173
-318 171
-342 153
-322 153
-350 169
-346 175
-318 169
-314 169
-318 159
-314 171
-310 171
-358 191
-354 189
-358 189
-358 177
-314 151
-278 153
-298 145
-290 139
-282 137
-282 161
-274 137
-254 121
-298 119
-266 93
-266 89
-274 83
-262 101
-286 119
-310 103
-282 101
-306 99
-270 93
-298 121
-282 135
-306 143
-278 133
-298 125
-318 117
-290 97
-242 83
-282 103
-294 125
-286 147
-334 161
-338 179
-282 155
-290 147
-322 165
-322 177
-326 181
-306 165
-286 153
-258 127
-266 125
-290 153
-318 165
-286 141
-282 123
-294 129
-274 125
-246 141
-266 125
-262 107
-270 143
-290 143
-290 129
-302 141
-294 143
-298 129
-274 133
-262 117
-290 109
-322 111
-310 117
-294 115
-262 113
-290 113
-286 87
-278 101
-278 93
-246 89
-254 105
-310 101
-302 119
-258 105
-274 113
-274 117
-270 131
-250 117
-238 111
-318 157
-282 155
-262 145
-322 179
-334 179
-266 153
-298 147
-294 139
-294 117
-266 97
-274 97
-278 79
-262 83
-254 77
-238 69
-230 51
-234 49
-258 41
-234 39
-198 51
-222 41
-178 25
-214 27
-214 33
-234 47
-206 29
-182 21
-194 17
-206 25
-206 11
-210 17
-222 1
-250 39
-254 33
-238 9
-246 35
-258 17
-270 17
-262 47
-282 93
-278 87
-306 111
-290 99
-302 121
-270 83
-286 73
-282 65
-230 55
-234 59
-246 81
-262 87
-270 95
-258 115
-262 127
-314 139
-290 129
-266 133
-278 139
-286 163
-286 157
-306 149
-298 149
-302 139
-306 151
-310 151
-298 145
-314 137
-274 123
-286 111
-286 113
-286 117
-294 107
-282 105
-290 103
-318 113
-282 121
-274 123
-278 137
-270 137
-242 139
-278 151
-302 157
-274 159
-298 147
-262 137
-238 131
-214 105
-234 107
-254 113
-278 131
-302 107
-262 89
-230 67
-230 59
-250 33
-242 69
-242 79
-250 71
-270 85
-310 71
-278 75
-290 67
-302 51
-286 45
-314 53
-286 37
-290 33
-290 41
-274 41
-274 55
-258 87
-278 103
-250 127
-246 123
-246 121
-266 123
-270 119
-242 97
-246 87
-242 95
-194 91
-218 93
-258 113
-278 123
-286 139
-314 147
-334 157
-350 163
-330 167
-290 141
-258 137
-238 123
-246 125
-266 127
-222 121
-254 129
-246 123
-270 127
-278 117
-306 131
-322 117
-282 95
-266 85
-242 47
-234 63
-258 89
-246 93
-254 109
-250 103
-234 119
-302 151
-310 141
-338 151
-334 139
-310 117
-286 109
-274 81
-278 89
-326 99
-294 73
-318 87
-318 89
-290 77
-282 87
-270 87
-298 65
-266 71
-282 73
-290 81
-246 61
-222 63
-238 73
-202 79
-190 59
-222 89
-226 91
-246 105
-278 99
-274 115
-262 107
-278 119
-282 155
-298 165
-314 177
-326 177
-326 175
-326 175
-346 183
-338 177
-326 175
-350 167
-342 155
-330 143
-342 175
-342 161
-350 171
-298 147
-338 171
-322 179
-290 169
-274 163
-310 169
-278 153
-250 137
-230 135
-230 121
-270 135
-290 149
-322 165
-306 147
-270 147
-314 153
-278 131
-298 133
-298 145
-286 151
-298 157
-330 169
-294 161
-258 147
-318 163
-338 175
-302 171
-334 183
-330 183
-374 197
-366 199
-362 195
-370 197
-354 187
-322 179
-338 185
-334 187
-310 179
-318 175
-318 167
-318 175
-318 169
-306 149
-290 157
-362 189
-370 199
-374 205
-398 209
-374 203
-322 189
-338 185
-346 195
-342 193
-326 179
-342 183
-354 189
-378 199
-362 193
-358 193
-322 181
-298 175
-338 165
-310 155
-318 151
-314 165
-302 167
-282 163
-302 169
-282 165
-290 163
-310 171
-330 173
-338 183
-318 181
-306 171
-338 171
-306 155
-302 153
-318 157
-294 145
-274 147
-294 165
-318 173
-330 177
-322 179
-334 179
-338 169
-334 175
-330 175
-358 183
-382 189
-330 181
-322 167
-322 169
-274 155
-306 165
-306 167
-294 143
-314 151
-298 145
-310 159
-334 177
-326 171
-334 183
-334 185
-338 183
-326 183
-326 159
-310 155
-310 165
-274 139
-234 135
-274 155
-322 173
-322 173
-318 179
-338 167
-330 171
-326 151
-318 155
-286 151
-266 137
-262 115
-266 115
-246 127
-258 129
-246 99
-290 89
-270 89
-230 85
-258 79
-250 115
-318 129
-290 137
-250 143
-266 127
-246 103
-266 119
-274 131
-298 151
-310 161
-282 143
-262 147
-254 129
-274 135
-302 155
-278 153
-322 181
-302 169
-350 179
-362 197
-326 189
-342 191
-354 195
-374 197
-382 203
-386 201
-358 201
-370 203
-366 201
-374 201
-382 205
-354 195
-402 211
-374 205
-378 199
-358 195
-358 193
-394 209
-370 201
-366 197
-366 199
-366 201
-346 187
-314 167
-282 163
-266 157
-302 169
-334 185
-314 165
-306 167
-266 145
-278 129
-298 139
-318 135
-278 125
-266 117
-266 115
-234 115
-250 117
-250 103
-258 117
-258 133
-266 139
-258 129
-278 155
-278 151
-322 173
-326 179
-386 203
-382 205
-366 193
-366 197
-370 193
-390 203
-382 201
-378 205
-410 215
-354 197
-390 209
-382 205
-378 205
-354 195
-342 193
-338 185
-342 181
-322 175
-318 169
-282 165
-286 163
-302 173
-326 173
-266 161
-302 147
-278 135
-270 119
-222 115
-210 125
-218 127
-250 115
-266 133
-294 139
-306 139
-290 129
-282 127
-270 131
-290 145
-314 147
-310 157
-294 151
-290 153
-326 167
-350 165
-346 173
-310 147
-334 155
-326 155
-314 151
-326 131
-330 137
-310 129
-262 107
-282 109
-298 119
-274 119
-290 133
-290 143
-294 151
-334 177
-366 193
-318 175
-322 179
-330 175
-326 177
-302 171
-326 171
-354 195
-354 195
-366 197
-346 193
-342 191
-294 175
-318 187
-342 191
-334 181
-334 171
-298 141
-302 151
-270 141
-278 157
-290 143
-286 147
-278 163
-330 181
-290 161
-274 153
-286 149
-302 157
-282 137
-286 131
-298 149
-286 147
-254 153
-266 127
-274 141
-274 149
-290 141
-310 169
-294 159
-306 167
-350 189
-358 179
-322 167
-302 169
-286 165
-302 175
-334 191
-342 187
-334 181
-274 165
-330 191
-354 187
-378 203
-366 197
-326 185
-326 187
-318 183
-330 171
-314 165
-338 179
-358 181
-354 173
-342 183
-366 187
-342 173
-334 175
-310 165
-282 149
-294 155
-298 147
-290 143
-298 139
-302 157
-282 161
-334 161
-334 173
-338 185
-350 187
-354 195
-346 195
-346 195
-374 203
-374 205
-366 197
-354 197
-342 189
-310 179
-354 195
-314 169
-286 159
-294 153
-314 159
-314 167
-322 159
-294 163
-298 163
-274 165
-270 151
-278 151
-290 135
-302 145
-294 125
-342 139
-310 123
-310 123
-278 121
-282 127
-298 121
-326 139
-326 147
-318 161
-346 179
-330 179
-310 177
-374 201
-366 201
-374 195
-318 181
-326 171
-286 157
-238 139
-310 169
-306 153
-274 137
-290 131
-342 161
-266 151
-326 147
-342 149
-322 153
-350 161
-330 161
-294 153
-290 163
-318 161
-334 163
-346 171
-322 173
-290 169
-358 187
-310 177
-314 169
-342 171
-298 153
-262 131
-290 151
-314 157
-326 143
-318 143
-302 141
-290 129
-282 119
-278 123
-262 115
-258 105
-258 97
-274 99
-290 107
-286 107
-274 101
-246 91
-202 79
-242 109
-282 121
-286 143
-266 133
-290 151
-318 143
-310 139
-314 123
-282 123
-278 131
-294 143
-314 139
-310 143
-318 137
-322 145
-314 135
-306 129
-286 125
-282 131
-290 133
-314 113
-286 107
-310 115
-318 119
-282 111
-242 115
-266 105
-246 95
-266 107
-286 113
-274 119
-242 125
-258 133
-258 113
-250 97
-278 103
-322 99
-334 103
-322 107
-306 85
-266 103
-270 97
-242 103
-294 105
-234 85
-210 73
-218 49
-234 53
