12 10
-300 64
-392 64
-492 72
-552 104
-556 102
-560 130
-592 178
-600 190
-632 208
-656 216
-672 248
-692 256
-704 272
-716 274
-720 282
-724 280
-724 282
-716 272
-732 282
-732 300
-728 304
-732 314
-740 326
-748 330
-744 328
-752 340
-748 342
-752 344
-752 350
-748 354
-756 362
-756 370
-756 376
-760 382
-768 386
-780 390
-792 398
-800 400
-800 400
-800 400
-800 400
-800 400
-800 400
-800 400
-800 400
-800 400
-800 400
-800 400
-800 400
-800 400
-800 400
-800 400
-800 400
-800 400
-800 400
-800 400
-792 398
-800 400
-792 398
-792 398
-800 400
-800 400
-800 400
-792 398
-800 400
-800 400
-800 400
-800 400
-800 400
-800 400
-800 400
-800 400
-800 400
-800 400
-800 400
-800 400
-800 400
-800 400
-800 400
-800 400
-800 400
-800 400
-800 400
-800 400
-800 400
-800 400
-792 398
-800 400
-800 400
-800 400
-800 400
-800 400
-800 400
-800 400
-800 400
-800 400
-800 400
-800 400
-800 400
-800 400
-800 400
-800 400
-792 398
-800 400
-800 400
-800 400
-800 400
-800 400
-800 400
-800 400
-792 398
-800 400
-792 398
-800 400
-800 400
-784 396
-800 400
-800 400
-800 400
-800 400
-792 398
-792 398
-800 400
-800 400
-800 400
-800 400
-800 400
-800 400
-800 400
-800 400
-800 400
-800 400
-800 400
-800 400
-800 400
-800 400
-800 400
-800 400
-800 400
-800 400
-800 400
-800 400
-800 400
-800 400
-800 400
-800 400
-800 400
-800 400
-800 400
-800 400
-800 400
-800 400
-800 400
-800 400
-800 400
-800 400
-800 400
-800 400
-800 400
-800 400
-800 400
-800 400
-800 400
-800 400
-800 400
-800 400
-800 400
-800 400
-800 400
-800 400
-800 400
-800 400
-800 400
-800 400
-800 400
-800 400
-800 400
-800 400
-800 400
-800 400
-792 398
-800 400
-800 400
-800 400
-800 400
-800 400
-800 400
-800 400
-800 400
-800 400
-800 400
-800 400
-800 400
-800 400
-800 400
-800 400
-800 400
-800 400
-800 400
-800 400
-800 400
-800 400
-800 400
-800 400
-800 400
-800 400
-800 400
-792 398
-800 400
-800 400
-800 400
-800 400
-800 400
-800 400
-800 400
-800 400
-800 400
-800 400
-792 398
-800 400
-800 400
-800 400
-800 400
-800 400
-800 400
-800 400
-800 400
-800 400
-800 400
-800 400
-800 400
-800 400
-800 400
-800 400
-800 400
-792 398
-800 400
-800 400
-800 400
-800 400
-800 400
-800 400
-800 400
-800 400
-800 400
-800 400
-800 400
-800 400
-800 400
-800 400
-800 400
-800 400
-800 400
-800 400
-800 400
-800 400
-800 400
-800 400
-800 400
-800 400
-800 400
-800 400
-800 400
-800 400
-800 400
-800 400
-800 400
-800 400
-800 400
-800 400
-800 400
-800 400
-800 400
-800 400
-800 400
-800 400
-800 400
-800 400
-800 400
-800 400
-800 400
-792 398
-800 400
-800 400
-800 400
-800 400
-800 400
-800 400
-800 400
-800 400
-800 400
-800 400
-800 400
-800 400
-800 400
-800 400
-800 400
-800 400
-800 400
-800 400
-800 400
-800 400
-800 400
-800 400
-800 400
-800 400
-800 400
-800 400
-800 400
-800 400
-800 400
