14 11
-250 97
-266 117
-262 97
-246 103
-226 101
-282 121
-246 117
-258 115
-270 119
-270 123
-250 125
-302 153
-302 149
-334 169
-306 153
-310 153
-302 145
-314 139
-302 145
-286 125
-290 141
-318 145
-314 139
-318 155
-326 169
-266 129
-306 161
-314 159
-334 165
-314 171
-338 181
-330 185
-302 173
-294 171
-310 173
-318 161
-338 173
-334 159
-330 161
-306 171
-318 175
-278 159
-326 175
-322 169
-306 159
-294 149
-318 161
-322 165
-346 167
-338 173
-306 173
-334 183
-338 189
-306 175
-326 179
-326 163
-334 163
-338 177
-374 197
-362 193
-338 191
-354 197
-346 195
-386 189
-370 189
-378 199
-402 211
-386 207
-378 203
-370 201
-354 193
-350 187
-358 189
-334 185
-338 193
-346 189
-378 201
-366 199
-354 191
-362 195
-386 205
-394 209
-366 201
-394 209
-374 199
-394 207
-370 203
-362 199
-334 187
-326 185
-314 173
-250 151
-198 109
-238 113
-210 87
-226 81
-222 61
-230 87
-238 71
-246 37
-242 37
-210 19
-234 47
-234 57
-234 53
-238 49
-242 57
-226 63
-250 81
-230 81
-270 99
-270 93
-278 111
-254 93
-242 95
-230 71
-238 69
-218 65
-226 47
-202 59
-222 45
-258 39
-258 41
-210 51
-238 47
-202 71
-238 75
-234 57
-234 65
-266 77
-246 87
-278 109
-302 119
-258 119
-302 135
-310 145
-326 155
-322 131
-318 143
-298 127
-306 143
-334 155
-314 151
-330 167
-314 155
-294 123
-286 115
-266 107
-286 115
-262 121
-234 87
-262 113
-266 125
-258 123
-234 121
-230 125
-258 105
-262 113
-274 135
-286 139
-250 105
-258 87
-290 87
-274 61
-310 79
-286 87
-246 87
-242 79
-238 81
-282 107
-278 105
-314 125
-282 119
-302 133
-282 129
-274 119
-258 103
-270 79
-246 81
-234 65
-238 49
-218 73
-226 69
-234 55
-214 41
-230 55
-226 53
-242 49
-194 53
-258 83
-286 87
-326 93
-286 73
-298 67
-302 81
-266 65
-302 79
-266 35
-290 41
-290 35
-274 15
-266 27
-278 47
-282 31
-266 39
-250 21
-286 39
-242 29
-250 49
-262 47
-246 57
-266 45
-290 41
-302 59
-270 41
-238 7
-230 9
-266 3
-254 19
-234 19
-262 27
-274 59
-214 31
-246 1
-210 7
-218 5
-186 25
-194 27
-218 63
-246 85
-238 93
-242 111
-258 131
-286 131
-266 133
-262 139
-294 153
-286 155
-298 143
-254 121
-298 135
-298 141
-274 151
-294 151
-226 113
-238 93
-210 85
-258 101
-250 125
-242 125
-274 143
-282 143
-282 119
-314 127
-270 109
-326 119
-290 85
-298 115
-314 113
-318 101
-302 111
-262 119
-270 111
-258 97
-270 101
-238 73
-250 73
-254 85
-258 91
-222 75
-222 51
-238 59
-250 41
-254 47
-254 51
-274 49
-286 39
-270 63
-282 41
-274 25
-302 45
-278 41
-266 13
-230 41
-258 37
-270 37
-266 51
-262 57
-274 31
-282 41
-282 61
-234 39
-254 31
-270 11
-246 25
-262 11
-282 15
-290 1
-242 25
-262 7
-266 1
-230 5
-258 11
-202 21
-234 37
-182 15
-194 3
-242 9
-250 29
-202 15
-246 5
-194 25
-230 39
-254 39
-254 51
-274 47
-282 41
-270 49
-274 53
-258 53
-242 33
-214 37
-246 41
-274 55
-298 23
-242 33
-266 29
-242 11
-238 35
-266 1
-278 3
-258 15
-234 15
-242 7
-242 1
-242 11
-238 9
-226 5
-222 9
-222 9
-226 17
-250 7
-274 3
-282 3
-254 7
-230 21
-258 5
-226 13
-246 19
-270 9
-258 7
-238 11
-242 3
-250 15
-242 11
-234 33
-246 37
-214 25
-226 3
-242 21
-230 11
-242 11
-218 3
-210 17
-210 15
-238 53
-218 57
-258 75
-286 99
-270 87
-258 85
-266 77
-262 69
-282 51
-290 49
-254 21
-246 5
-218 11
-210 31
-238 35
-222 55
-214 79
-226 45
-234 27
-238 1
-238 11
-226 17
-242 19
-254 15
-250 23
-234 21
-218 29
-230 35
-274 1
-278 27
-246 23
-266 45
-270 51
-242 55
-246 29
-262 33
-246 15
-226 21
-250 31
-290 33
-278 29
-262 11
-278 1
-302 7
-310 25
-274 23
-246 31
-254 27
-262 39
-258 75
-250 77
-246 67
-242 51
-242 71
-274 111
-262 91
-246 71
-242 55
-242 93
-294 83
-298 67
-282 49
-270 47
-246 53
-250 59
-298 83
-322 79
-322 65
-290 69
-290 71
-290 73
-294 79
-246 93
-234 111
-246 103
-282 119
-274 109
-298 95
-290 103
-262 53
-258 59
-290 95
-318 99
-258 79
-294 85
-266 65
-242 65
-282 87
-262 79
-250 71
-258 77
-274 83
-294 89
-274 83
-294 103
-274 121
-282 103
-266 125
-250 111
-266 139
-298 143
-286 141
-294 145
-302 151
-286 155
-338 185
-306 179
-314 187
-334 195
-326 187
-302 171
-290 157
-306 169
-306 167
-306 157
-322 175
-306 175
-302 181
-310 181
-334 179
-322 183
-382 199
-346 187
-354 191
-334 187
-342 181
-334 177
-314 171
-362 193
-350 179
-342 179
-362 183
-322 175
-330 185
-338 185
-342 187
-346 187
-298 175
-338 181
-382 195
-362 189
-334 181
-362 201
-302 171
-286 169
-318 177
-338 191
-358 195
-366 203
-338 191
-282 165
-274 163
-322 183
-310 181
-298 153
-314 133
-338 145
-370 167
-342 149
-338 145
-334 145
-322 135
-326 133
-322 145
-314 159
-314 151
-314 153
-338 141
-318 127
-294 125
-326 143
-322 159
-258 145
-254 153
-302 167
-310 167
-322 175
-310 165
-310 169
-334 179
-314 173
-270 151
-278 155
-282 151
-314 155
-294 153
-278 145
-270 145
-282 153
-286 147
-294 161
-302 169
-334 173
-298 169
-290 159
-330 171
-334 169
-362 193
-370 199
-350 193
-366 197
-346 183
-330 161
-306 153
-318 151
-282 163
-330 193
-294 169
-330 173
-362 187
-378 195
-334 171
-266 139
-298 165
-322 163
-322 157
-358 175
-354 167
-346 157
-338 167
-330 159
-342 167
-338 177
-366 191
-330 175
-306 151
-234 105
-230 105
-270 99
-286 127
-270 145
-302 163
-310 171
-342 183
-334 181
-358 197
-374 197
-354 187
-362 185
-302 167
-302 165
-314 177
-306 171
-322 165
-334 179
-318 163
-298 151
-290 141
-314 151
-322 151
-278 149
-258 131
-234 137
-198 119
-222 135
-234 137
-282 151
-270 125
-250 121
-290 139
-282 145
-314 175
-318 163
-346 183
-362 197
-330 177
-330 177
-270 151
-258 123
-282 135
-262 111
-238 115
-270 107
-290 133
-290 117
-262 117
-202 109
-282 121
-286 107
-290 107
-290 91
-238 81
-270 111
-302 127
-298 115
-290 115
-274 133
-306 145
-354 179
-322 183
-354 179
-346 175
-346 175
-362 191
-370 201
-338 189
-286 167
-322 157
-322 157
-354 175
-358 187
-382 189
-378 203
-314 183
-342 193
-382 201
-374 199
-338 183
-334 181
-306 173
-326 185
-306 161
-326 183
-326 183
-330 181
-342 181
-350 183
-330 175
-330 181
-322 171
-322 179
-342 171
-366 187
-350 173
-310 171
-298 159
-310 155
-326 175
-306 173
-326 181
-370 197
-342 183
-330 181
-338 189
-378 203
-338 191
-354 193
-378 205
-358 201
-342 191
-386 205
-402 209
-386 201
-334 175
-326 181
-330 167
-326 179
-310 157
-298 147
-310 131
-278 133
-278 129
-282 133
-210 107
-234 107
-250 93
-242 65
-274 57
-294 81
-302 103
-318 113
-322 141
-278 113
-254 109
-282 139
-306 147
-298 155
-302 159
-310 159
-254 147
-306 171
-318 173
-302 167
-290 161
-298 173
-354 189
-362 187
-334 185
-354 189
-318 163
-326 159
-354 187
-338 185
-342 191
-350 195
-350 189
-358 193
-330 169
-306 159
-278 159
-290 155
-282 131
-282 137
-326 163
-346 175
-322 167
-322 159
-310 151
-338 157
-286 167
-278 147
-270 157
-286 137
-278 129
-290 139
-294 145
-294 127
-258 113
-262 103
-246 121
-230 123
-286 131
-282 139
-250 153
-294 149
-338 147
-338 135
-294 123
-278 123
-286 147
-274 123
-278 119
-262 111
-326 139
-306 145
-286 133
-282 121
-270 125
-258 99
-266 97
-262 119
-250 129
-226 125
-270 123
-286 117
-266 129
-258 131
-254 135
-250 109
-270 119
-306 125
-286 119
-306 137
-298 135
-298 131
-318 143
-262 125
-294 143
-310 141
-254 127
-282 127
-290 115
-282 99
-282 121
-294 137
-298 151
-278 149
-290 149
-294 157
-262 135
-262 143
-282 161
-346 183
-362 199
-358 193
-378 203
-338 183
-350 195
-342 177
-322 165
-346 153
-302 137
-310 113
-322 113
-306 119
-306 139
-290 113
-266 97
-270 97
-258 117
-294 113
-298 117
-290 123
-278 133
-338 161
-318 169
-342 183
-350 183
-310 175
-322 175
-306 173
-290 163
-254 145
-270 147
-294 147
-326 145
-306 151
-306 145
-298 149
-286 149
-286 145
-278 127
-238 107
-286 117
-334 157
-298 151
-238 123
-262 137
-302 153
-314 157
-338 183
-318 157
-306 157
-266 147
-282 139
-270 143
-302 155
-350 183
-330 187
-310 171
-298 157
-286 147
-290 149
-330 177
-346 195
-374 191
-346 187
-322 177
-378 195
-390 203
-386 201
-362 199
-386 207
-386 207
-354 197
-326 181
-310 163
-318 175
-362 183
-330 179
-286 163
-294 161
-326 179
-266 159
-230 129
-222 111
-254 135
-234 135
-258 141
-302 159
-322 163
-302 171
-314 171
-338 189
-342 187
-326 187
-314 179
-330 187
-370 203
-374 203
-374 203
-402 209
-342 185
-346 189
-370 203
-350 183
-334 183
-350 187
-334 179
-318 163
-326 177
-358 193
-346 193
-362 187
-338 181
-314 171
-342 191
-342 183
-370 191
-366 191
-358 185
-334 177
-314 169
-326 175
-294 165
-290 169
-350 183
-342 195
-322 183
-334 187
-326 183
-342 195
-318 173
-318 169
-302 161
-298 157
-330 161
-318 151
-294 151
-314 137
-250 111
-294 135
-282 133
-286 143
-298 151
-322 163
-286 153
-278 147
-294 157
-310 167
-282 149
-286 143
-286 133
-290 151
-254 151
-286 161
-318 165
-346 167
-342 169
-326 171
-342 169
-346 163
-362 185
-378 185
-362 193
-354 187
-354 189
-346 187
-318 181
-354 179
-306 167
-310 177
-334 181
-310 179
-302 171
-306 171
-326 159
-282 147
-286 149
-322 151
-318 161
-342 179
-370 187
-318 163
-302 165
-286 163
-258 143
-262 137
-270 153
-278 147
-262 129
-254 141
-258 135
-294 143
-342 165
-358 171
-310 159
-274 149
-230 129
-270 143
-302 149
-286 163
-318 167
-338 185
-382 201
-362 195
-354 187
-334 177
-334 179
-342 185
-362 195
-374 197
-350 185
-350 177
-310 175
-314 163
-290 165
-322 165
-318 173
-338 173
-362 177
-334 165
-310 163
-318 177
-334 179
-338 173
-334 187
-330 179
-346 179
-338 187
-318 175
-314 169
-302 171
-342 189
-358 193
-334 179
-334 191
-322 183
-370 199
-390 203
-382 199
-370 201
-382 201
-338 185
-334 177
-346 181
-354 193
-374 199
-358 195
-346 193
-342 179
-326 175
-322 171
-322 175
-326 179
-350 183
-338 185
-358 185
-330 183
-310 179
-350 191
-318 179
-366 197
-362 193
-354 183
-354 197
-362 195
-354 191
-322 177
-342 179
-314 173
-330 183
-346 193
-366 195
-366 183
-302 173
-342 183
-334 167
-362 173
-318 159
-310 155
-318 155
-302 165
-306 161
-302 155
-286 147
-310 167
-326 179
-338 173
-338 167
-350 157
-302 153
-310 163
-298 157
-302 163
-290 151
-282 153
-278 129
-302 147
-294 131
-278 123
-318 149
-302 141
-298 143
-290 139
-290 143
-294 145
-250 123
-306 131
-302 119
-322 149
-346 171
-322 175
-330 171
-354 173
-330 169
-290 149
-258 135
-242 129
-270 139
-302 151
-290 153
-290 155
-302 175
-382 199
-382 205
-362 195
-350 185
-322 171
-322 147
-322 155
-330 161
-298 165
-358 185
-358 195
-334 193
-370 195
-362 203
-326 189
-322 179
-374 205
-374 193
-382 203
-398 209
-362 197
-358 195
-378 201
-346 185
-358 181
-370 187
-362 187
-338 181
-330 175
-318 173
-326 175
-334 179
-330 189
-342 193
-342 173
-346 171
-294 151
-310 165
-302 155
-334 149
-330 143
-310 133
-318 135
-330 129
-278 91
-226 65
-234 57
-262 55
-290 51
-286 33
-258 17
-270 35
-250 19
-218 19
-222 7
-246 13
-230 17
-250 25
-238 57
-242 71
-254 73
-226 45
-226 69
-238 85
-246 71
-226 51
-246 73
-230 73
-258 103
-266 115
-270 133
-282 139
-278 153
-290 149
-342 185
-330 177
-298 173
-362 197
-398 211
-374 203
-390 205
-378 199
-366 191
-390 203
-338 191
-350 191
-382 205
-402 213
-394 211
-402 213
-374 201
-374 199
-382 203
-334 179
-322 169
-294 159
-298 157
-302 159
-314 157
-298 161
-310 171
-310 167
-330 177
-318 167
-306 151
-314 161
-346 171
-330 173
-322 175
-306 177
-298 161
-318 171
-274 133
-298 137
-310 155
-270 155
-286 147
-282 157
-290 139
-306 159
-294 161
-294 153
-298 147
-302 143
-306 151
-282 139
-266 121
-278 121
-254 125
-274 105
-294 113
-286 145
-298 151
-342 173
-302 157
-326 165
-326 171
-350 193
-378 203
-354 199
-342 185
-338 189
-314 171
-310 167
-362 181
-334 165
-354 173
-318 159
-358 167
-306 145
-298 145
-278 143
-318 143
-322 149
-302 123
-282 121
-290 135
-334 159
-298 153
-298 161
-314 159
-326 159
-306 147
-266 133
-266 135
-278 129
-226 123
-254 143
-302 161
-314 171
-346 185
-374 199
-366 199
-358 199
-354 195
-350 187
-358 189
-358 189
-358 187
-338 165
-326 167
-342 179
-334 179
-318 171
-342 175
-314 175
-282 157
-286 133
-250 113
-306 129
-306 123
-278 119
-282 117
-282 83
-270 85
-282 99
-278 77
-286 87
-290 107
-294 109
-238 105
-242 83
-262 77
-306 107
-290 91
-270 101
-250 61
-222 25
-214 25
-242 15
-246 17
-250 13
-266 9
-242 25
-230 23
-230 25
-222 33
-230 57
-214 79
-202 49
-210 35
-202 45
-170 65
-142 41
-194 35
-186 19
-238 3
-238 9
-258 17
-246 21
-234 9
-230 1
-230 23
-234 23
-206 5
-230 23
-274 25
-270 67
-254 59
-258 73
-242 67
-274 63
-254 73
-238 53
-282 59
-282 35
-278 1
-258 5
-270 25
-270 43
-250 57
-226 61
-246 45
-230 25
-230 35
-218 47
-230 39
-242 35
-278 45
-282 53
-258 43
-254 59
-250 41
-254 35
-258 55
-262 71
-246 55
-234 59
-246 41
-258 49
-258 45
-238 49
-262 27
-254 51
-282 59
-262 71
-278 77
-318 103
-282 81
-258 71
-266 47
-270 47
-290 73
-298 65
-298 67
-286 41
-298 35
-302 19
-278 17
-266 1
-274 25
-274 45
-290 71
-262 77
-234 77
-238 73
-258 81
-266 85
-270 75
-286 73
-270 111
-294 123
-274 127
-290 121
-266 111
-278 119
-286 123
-278 119
-266 109
-294 109
-274 123
-286 125
-258 123
-246 117
-258 133
-254 125
-270 131
-278 119
-282 159
-274 151
-278 149
-302 151
-282 157
-310 161
-330 175
-302 159
-330 163
-346 177
-362 181
-354 175
-346 177
-354 185
-330 187
-318 175
-294 173
-314 169
-294 155
-322 169
-334 183
-310 169
-334 191
-310 173
-282 157
-274 161
-298 167
-306 175
-326 171
-314 167
-338 183
-358 201
-322 179
-294 147
-306 161
-290 161
-338 187
-354 193
-350 189
-358 189
-358 191
-362 189
-354 195
-378 203
-378 199
-374 197
-366 199
-370 201
-370 201
-386 207
-334 187
-354 195
-342 191
-346 193
-374 201
-330 189
-346 187
-394 207
-374 195
-366 197
-382 205
-342 191
-326 183
-354 191
-294 173
-318 177
-306 165
-274 147
-286 155
-338 173
-330 179
-354 187
-342 185
-346 167
-294 153
-238 123
-294 135
-298 125
-290 119
-282 133
-294 163
-262 139
-254 133
-294 157
-310 161
-306 169
-322 175
-278 163
-322 181
-358 201
-342 185
-346 179
-326 167
-334 169
-330 159
-318 173
-306 163
-310 157
-306 151
-302 143
-286 153
-262 151
-326 171
-314 165
-254 145
-342 167
-334 161
-314 149
-290 133
-258 117
-246 97
-250 107
-246 103
-258 121
-234 127
-294 147
-330 147
-286 123
-258 85
-218 79
-210 77
-246 111
-258 119
-254 129
-242 99
-254 111
-238 117
-238 109
-242 101
-250 95
-258 101
-230 93
-210 105
-250 123
-266 131
-254 113
-278 121
-270 127
-258 135
-278 137
-298 127
-326 141
-286 151
-282 143
-274 135
-226 115
-238 111
-286 131
-290 125
-302 133
-290 119
-250 89
-254 81
-290 95
-302 111
-310 131
-294 109
-302 121
-302 111
-302 91
-306 95
-274 105
-254 93
-270 123
-278 117
-294 115
-322 125
-322 117
-350 133
-330 125
-306 137
-298 133
-302 113
-306 109
-266 105
-290 81
-318 109
-294 113
-342 151
-298 135
-302 139
-318 141
-310 135
-334 137
-314 125
-310 129
-294 141
-282 133
-282 129
-278 129
-290 145
-286 125
-278 145
-270 137
-294 141
-314 157
-326 163
-282 135
-286 147
-274 145
-286 145
-286 147
-270 139
-262 133
-286 137
-290 117
-282 137
-322 155
-278 137
-302 141
-330 167
-346 171
-362 173
-334 157
-334 161
-334 163
-322 151
-346 159
-306 151
-286 133
-262 151
-330 175
-314 167
-338 183
-322 173
-346 185
-366 195
-370 199
-370 197
-366 197
-362 199
-330 179
-322 177
-298 171
-258 145
-278 149
-302 151
-282 141
-258 121
-238 111
-246 71
-210 73
-230 67
-278 95
-290 97
-282 119
-270 133
-254 123
-258 121
-254 133
-258 117
-254 107
-262 137
-310 115
-302 129
-290 115
-250 107
-282 121
-262 111
-286 125
-250 113
-230 105
-270 107
-266 103
-262 109
-278 99
-266 85
-262 77
-278 69
-242 81
-242 93
-242 97
-250 93
-274 87
-262 75
-230 79
-226 61
-254 49
-278 49
-298 21
-294 15
-254 3
-266 3
-270 31
-230 1
-234 9
-238 39
-254 61
-222 49
-242 81
-226 79
-254 67
-298 69
-270 55
-270 69
-254 65
-314 101
-290 99
-258 95
-278 99
-298 117
-306 107
-298 109
-338 115
-310 115
-282 109
-286 119
-262 125
-302 135
-338 141
-346 145
-338 135
-326 143
-330 145
-322 141
-286 143
-326 173
-358 189
-358 195
-322 185
-342 193
-330 177
-334 181
-290 171
-354 193
-378 201
-326 181
-334 179
-322 177
-306 171
-330 181
-342 189
-294 167
-278 161
-294 171
-294 157
-338 193
-346 175
-350 169
-346 167
-330 169
-318 169
-318 169
-302 171
-358 173
-314 171
-330 171
-366 185
-346 181
-338 185
-330 177
-322 181
-342 185
-338 177
-358 199
-346 193
-366 197
-350 193
-354 189
-342 189
-334 177
-318 171
-362 183
-366 185
-306 173
-330 189
-350 191
-342 187
-366 187
-378 195
-346 181
-366 199
-354 193
-314 175
-290 155
-318 171
-334 173
-326 169
-334 161
-286 135
-242 121
-282 131
-282 125
-270 123
-258 113
-262 117
-246 117
-238 119
-286 121
-274 111
-278 107
-302 101
-298 109
-302 119
-302 131
-302 141
-302 157
-306 163
-262 139
-274 113
-250 113
-282 135
-274 135
-310 155
-302 157
-334 163
-334 169
-302 155
-322 173
-302 153
-326 175
-290 159
-306 173
-310 181
-334 187
-342 195
-334 191
-370 199
-370 195
-378 189
-354 191
-330 179
-346 183
-378 195
-350 187
-322 183
-354 193
-354 199
-298 163
-294 167
-302 173
-314 181
-338 193
-378 203
-338 193
-334 191
-358 193
-422 217
-370 199
-374 199
-342 187
-382 203
-358 193
-346 193
-394 203
-398 207
-382 207
-354 185
-362 197
-318 183
-318 181
-374 197
-346 193
-326 177
-338 181
-366 183
-354 187
-370 201
-426 219
-426 219
-386 201
-394 205
-398 209
-354 187
-330 183
-354 195
-390 207
-390 209
-394 209
-390 205
-382 199
-338 177
-346 173
-342 179
-282 147
-314 145
-314 149
-302 133
-286 125
-306 129
-266 123
-270 127
-302 139
-298 143
-294 139
-322 137
-322 147
-322 145
-354 159
-310 157
-290 143
-298 151
-270 143
-266 137
-222 111
-250 143
-274 159
-334 183
-342 189
-306 177
-286 159
-310 171
-314 175
-266 147
-286 149
-318 171
-298 163
-290 161
-318 175
-298 177
-346 183
-358 197
-326 175
-370 187
-330 151
-354 175
-318 161
-302 159
-314 175
-302 175
-330 177
-318 173
-322 179
-342 193
-294 169
-330 183
-326 185
-354 197
-346 193
-382 205
-354 195
-326 167
-298 167
-338 175
-334 163
-302 139
-266 131
-282 127
-314 153
-302 153
-290 173
-294 163
-310 163
-318 165
-330 165
-330 155
-322 157
-306 163
-322 177
-286 141
-282 131
-298 127
-262 115
-282 115
-290 127
-274 131
-266 129
-290 151
-306 151
-298 151
-290 141
-338 161
-314 161
-306 141
-306 153
-278 129
-258 141
-282 151
-278 163
-294 159
-306 165
-338 163
-322 159
-314 167
-314 179
-330 183
-378 201
-374 203
-366 201
-318 179
-370 195
-386 205
-374 197
-398 195
-378 201
-350 193
-362 197
-350 193
-334 177
-314 167
-322 167
-290 145
-282 143
-274 107
-254 101
-278 97
-294 103
-290 105
-322 109
-278 103
-290 103
-298 109
-322 133
-290 143
-330 155
-314 157
-302 145
-330 161
-322 149
-342 155
-354 167
-322 161
-314 149
-306 133
-342 155
-302 135
-330 149
-318 141
-298 137
-270 141
-282 147
-238 117
-266 147
-310 161
-358 173
-358 179
-358 179
-354 179
-366 185
-350 185
-366 191
-382 201
-394 209
-354 199
-350 193
-342 191
-330 173
-326 175
-382 189
-310 165
-302 153
-250 133
-270 133
-274 139
-266 141
-254 133
-266 131
-270 123
-274 125
-282 131
-334 153
-330 157
-314 161
-314 165
-298 169
-270 163
-286 155
-326 169
-286 145
-322 155
-290 155
-274 151
-282 155
-334 173
-326 177
-330 161
-326 165
-350 187
-346 187
-346 193
-330 179
-318 169
-298 155
-326 163
-350 175
-310 171
-330 175
-354 187
-334 185
-350 189
-326 171
-346 183
-314 171
-326 185
-330 165
-342 181
-310 179
-302 175
-298 169
-274 161
-274 163
-318 165
-302 157
-290 149
-294 173
-306 169
-330 181
-382 203
-366 193
-382 207
-410 213
-370 203
-354 193
-386 201
-342 191
-354 189
-342 185
-302 169
-318 169
-342 179
-314 161
-306 151
-306 163
-298 149
-290 155
-298 153
-282 143
-298 149
-314 135
-278 129
-278 83
-266 85
-246 89
-234 101
-254 99
-226 121
-246 129
-274 129
-286 105
-298 117
-306 111
-278 121
-302 119
-278 123
-278 113
-254 103
-278 99
-270 91
-230 93
-270 129
-290 149
-282 153
-294 167
-286 173
-286 165
-278 153
-322 153
-318 151
-306 147
-314 157
-330 151
-338 155
-302 131
-302 149
-302 125
-294 113
-302 133
-274 105
-266 111
-278 111
-262 97
-274 97
-262 115
-270 123
-266 107
-258 115
-254 135
-298 149
-322 167
-330 167
-322 181
-366 193
-382 195
-362 189
-334 179
-298 167
-310 169
-310 159
-306 159
-338 183
-342 191
-330 183
-302 179
-326 185
-338 187
-334 173
-318 169
-322 161
-302 161
-310 159
-354 175
-358 175
-338 159
-330 167
-270 143
-322 145
-314 159
-318 161
-330 157
-306 155
-266 155
-298 161
-286 163
-322 153
-302 145
-346 163
-350 157
-310 149
-306 155
-298 155
-330 177
-354 191
-354 197
-354 191
-350 191
-346 191
-378 205
-386 199
-374 201
-346 193
-378 199
-366 195
-338 159
-306 163
-250 131
-246 129
-234 111
-222 105
-218 131
-186 101
-262 99
-262 91
-274 99
-258 85
-246 75
-262 61
-238 41
-254 59
-294 57
-286 63
-246 57
-254 63
-262 63
-266 61
-262 73
-250 85
-258 85
-222 113
-214 111
-206 83
-214 93
-230 105
-266 101
-254 113
-258 119
-274 145
-294 155
-314 171
-298 171
-314 171
-322 179
-338 189
-362 193
-286 157
-310 151
-262 125
-286 131
-286 113
-298 109
-302 115
-270 113
-266 113
-262 95
-230 95
-242 81
-286 121
-294 121
-294 117
-262 67
-262 81
-290 77
-274 81
-270 79
-254 83
-270 119
-250 123
-258 133
-270 139
-274 139
-262 149
-274 157
-294 163
-314 171
-302 161
-294 149
-306 157
-306 147
-298 133
-282 137
-306 137
-294 133
-318 153
-322 159
-294 145
-306 145
-290 135
-298 125
-290 143
-342 151
-310 155
-314 165
-314 173
-270 155
-310 167
-318 165
-302 159
-290 159
-314 165
-282 163
-298 161
-346 185
-354 189
-362 193
-310 185
-306 159
-318 153
-310 143
-322 137
-318 133
-262 109
-246 81
-266 87
-238 85
-262 85
-242 87
-238 85
-214 87
-186 65
-218 71
-214 63
-214 65
-178 27
-198 31
-230 29
-190 33
-214 3
-202 3
-182 27
-218 49
-250 37
-214 37
-234 47
-250 61
-278 87
-262 67
-274 91
-258 95
-302 127
-322 133
-330 149
-302 137
-250 109
-286 133
-302 151
-298 149
-310 149
-302 147
-286 155
-302 169
-310 161
-318 165
-278 155
-262 145
-306 151
-286 117
-306 133
-326 153
-310 145
-346 149
-314 147
-330 161
-318 157
-322 155
-322 147
-294 161
-334 165
-334 169
-294 161
-326 173
-306 169
-290 161
-310 181
-298 169
-302 163
-314 175
-326 181
-298 169
-326 185
-362 199
-342 195
-326 181
-258 153
-314 169
-298 161
-334 163
-282 139
-286 137
-290 131
-250 121
-290 139
-298 141
-310 147
-322 153
-318 155
-310 163
-286 145
-278 149
-278 143
-334 169
-322 157
-338 169
-306 153
-294 139
-306 157
-322 171
-358 173
-326 157
-342 157
-302 131
-274 115
-262 111
-238 107
