14 11
-310 105
-302 111
-306 103
-298 115
-270 93
-266 85
-322 111
-286 99
-270 91
-262 99
-250 109
-250 107
-254 119
-262 133
-282 127
-338 143
-322 139
-338 147
-338 141
-342 143
-318 147
-310 151
-318 153
-322 159
-278 141
-294 157
-338 187
-350 179
-306 155
-322 155
-322 167
-342 171
-306 153
-322 171
-354 179
-302 155
-310 171
-346 183
-326 177
-342 183
-362 201
-362 201
-382 201
-354 195
-398 211
-430 219
-414 215
-366 203
-390 207
-386 203
-390 203
-426 219
-398 211
-354 195
-354 191
-362 197
-366 195
-398 205
-418 213
-358 195
-382 201
-374 197
-358 195
-354 193
-346 195
-358 191
-370 199
-366 197
-354 199
-338 185
-358 195
-378 201
-402 211
-390 209
-358 191
-382 199
-358 193
-370 195
-386 203
-398 207
-410 209
-382 201
-374 201
-350 189
-306 179
-286 169
-322 179
-294 155
-330 163
-334 165
-282 155
-266 125
-266 145
-314 173
-354 193
-342 191
-342 193
-358 195
-310 179
-334 183
-342 185
-338 173
-322 165
-298 141
-294 151
-282 151
-274 139
-286 129
-290 141
-254 119
-270 117
-234 113
-282 119
-290 109
-298 121
-302 107
-306 83
-278 79
-294 93
-294 105
-286 125
-306 133
-302 135
-298 115
-266 93
-222 71
-226 57
-230 51
-242 57
-254 41
-206 55
-214 81
-226 81
-262 93
-262 99
-290 125
-254 129
-290 147
-310 151
-302 159
-302 155
-258 143
-258 127
-270 151
-278 155
-322 173
-326 177
-326 167
-342 163
-318 155
-326 153
-274 143
-278 127
-274 139
-290 149
-266 137
-302 171
-302 159
-286 149
-306 155
-294 159
-310 147
-298 161
-294 149
-322 171
-286 169
-294 161
-282 129
-270 127
-274 123
-294 141
-250 123
-286 115
-298 129
-314 153
-330 173
-342 183
-346 191
-386 203
-354 199
-370 199
-370 197
-378 191
-394 201
-350 179
-370 189
-350 171
-318 169
-294 141
-302 159
-298 165
-318 159
-354 177
-350 175
-330 173
-346 187
-386 203
-386 203
-398 209
-382 205
-398 211
-370 203
-362 195
-362 195
-354 193
-358 197
-386 207
-382 205
-390 207
-342 181
-334 187
-322 167
-342 173
-334 173
-338 157
-346 163
-342 155
-294 133
-310 151
-290 145
-298 141
-266 123
-230 123
-310 97
-278 95
-278 103
-274 93
-262 115
-270 93
-266 93
-262 99
-278 89
-278 81
-274 71
-226 85
-286 115
-290 105
-266 103
-274 129
-294 141
-338 143
-314 135
-326 163
-358 185
-330 177
-314 167
-318 169
-318 171
-302 173
-334 175
-330 181
-334 179
-362 195
-350 185
-362 189
-374 193
-350 195
-334 183
-294 175
-338 189
-374 201
-382 205
-350 193
-366 189
-338 181
-334 179
-342 189
-314 187
-318 171
-322 171
-294 157
-302 161
-286 149
-298 155
-282 125
-266 125
-266 127
-326 159
-310 143
-318 171
-374 183
-366 185
-342 179
-354 179
-350 185
-306 167
-338 175
-310 155
-286 159
-306 165
-290 171
-314 173
-298 165
-302 151
-282 163
-278 151
-254 127
-278 119
-306 131
-314 141
-262 113
-246 101
-278 113
-258 125
-262 127
-254 121
-254 91
-258 81
-266 89
-246 93
-270 129
-282 131
-298 147
-314 153
-294 127
-294 137
-282 121
-274 115
-274 123
-270 133
-262 135
-270 137
-274 137
-294 153
-294 123
-286 133
-302 151
-298 137
-318 155
-318 139
-298 139
-282 121
-314 123
-302 109
-286 109
-286 107
-306 115
-334 103
-302 97
-278 93
-274 113
-278 115
-254 125
-298 117
-298 131
-258 125
-278 119
-274 127
-294 145
-334 153
-318 147
-354 167
-342 165
-302 149
-322 153
-322 171
-342 173
-338 173
-346 173
-318 185
-318 185
-326 183
-318 171
-286 155
-310 165
-354 159
-362 167
-370 173
-350 167
-346 157
-358 161
-354 165
-350 155
-350 165
-382 181
-378 183
-346 177
-330 179
-326 187
-298 163
-314 177
-334 181
-326 185
-358 187
-358 187
-338 177
-378 199
-382 205
-386 203
-362 197
-370 203
-366 199
-346 187
-334 183
-358 189
-378 199
-334 191
-354 199
-362 193
-338 189
-362 201
-350 195
-354 191
-306 169
-326 179
-350 189
-378 205
-334 187
-354 185
-314 175
-310 173
-318 185
-298 163
-294 175
-302 175
-306 173
-358 195
-338 187
-310 171
-354 189
-326 167
-318 179
-342 183
-306 165
-310 173
-350 193
-318 177
-322 179
-342 187
-350 191
-354 189
-342 193
-358 197
-378 203
-366 193
-358 189
-318 171
-318 169
-334 173
-322 161
-314 165
-318 167
-342 179
-334 179
-290 175
-306 167
-334 183
-366 199
-382 205
-386 203
-342 187
-378 191
-390 201
-382 207
-370 205
-394 209
-426 217
-398 209
-318 177
-282 157
-290 151
-306 169
-322 183
-330 187
-330 183
-302 161
-302 147
-322 159
-338 181
-310 165
-290 151
-318 161
-318 157
-310 155
-286 151
-278 147
-298 167
-310 167
-310 167
-306 175
-358 193
-338 177
-366 183
-334 177
-294 167
-274 151
-238 139
-298 165
-310 173
-282 151
-266 153
-314 167
-338 177
-330 179
-326 183
-318 173
-330 177
-370 201
-318 169
-318 159
-278 145
-274 153
-282 149
-338 173
-326 177
-334 185
-342 191
-342 189
-346 195
-358 197
-330 185
-322 171
-334 165
-322 171
-302 171
-322 177
-322 167
-322 179
-330 187
-322 183
-334 189
-338 189
-346 191
-402 211
-362 197
-346 195
-394 207
-410 213
-382 205
-386 207
-346 187
-350 193
-406 209
-394 207
-390 205
-382 199
-390 207
-414 215
-370 199
-382 205
-386 207
-354 197
-330 189
-358 195
-378 201
-354 193
-354 195
-350 193
-402 207
-406 209
-394 203
-366 197
-354 191
-334 187
-326 177
-346 185
-358 195
-342 187
-354 193
-346 193
-414 215
-390 209
-398 209
-378 199
-358 197
-330 179
-310 177
-350 187
-366 187
-378 201
-346 183
-334 187
-370 197
-366 187
-354 187
-362 195
-354 195
-294 181
-282 175
-318 173
-346 185
-326 183
-354 191
-374 201
-378 197
-358 199
-370 199
-358 193
-342 173
-310 147
-334 155
-342 159
-330 169
-290 163
-290 153
-310 165
-246 121
-242 113
-262 89
-298 87
-290 83
-286 71
-282 77
-218 81
-250 95
-330 111
-306 109
-278 117
-266 89
-290 113
-302 133
-306 139
-294 129
-290 137
-334 145
-330 155
-354 169
-338 161
-318 151
-318 171
-358 193
-374 201
-382 205
-386 207
-378 205
-366 199
-366 195
-374 193
-374 197
-358 195
-362 197
-314 175
-346 189
-378 201
-334 189
-354 193
-338 185
-318 185
-378 205
-342 189
-346 191
-346 195
-322 175
-350 187
-350 189
-350 195
-374 205
-394 209
-402 211
-386 209
-370 203
-354 195
-338 183
-310 167
-318 169
-318 177
-290 167
-290 153
-302 153
-314 145
-298 145
-294 141
-282 157
-274 151
-302 161
-338 183
-342 189
-334 185
-326 177
-286 153
-302 157
-302 159
-338 179
-318 179
-274 165
-346 195
-358 193
-354 191
-366 193
-326 171
-354 195
-354 187
-318 179
-330 177
-330 177
-338 189
-342 195
-326 179
-346 191
-374 199
-350 185
-302 173
-326 177
-342 175
-346 181
-342 177
-310 171
-374 193
-354 191
-338 189
-370 201
-394 207
-338 177
-354 185
-330 175
-326 171
-326 173
-330 155
-366 173
-298 141
-290 143
-302 163
-338 173
-330 179
-342 171
-354 175
-318 173
-358 189
-370 197
-394 205
-374 199
-362 195
-370 199
-386 205
-374 203
-410 213
-390 205
-382 201
-370 201
-370 203
-310 173
-318 179
-334 187
-346 197
-394 209
-366 197
-362 191
-330 169
-318 165
-318 163
-338 191
-366 199
-346 191
-346 191
-306 171
-310 171
-306 163
-350 161
-322 141
-274 119
-286 109
-254 89
-258 93
-258 97
-250 87
-242 105
-250 131
-266 145
-246 135
-242 135
-250 125
-242 113
-242 117
-258 135
-262 121
-318 145
-338 143
-290 127
-246 107
-254 99
-282 111
-270 105
-294 127
-278 117
-290 115
-254 97
-250 115
-266 125
-262 111
-278 111
-306 103
-302 109
-314 127
-338 127
-334 137
-326 131
-314 129
-298 131
-298 137
-286 125
-294 131
-278 133
-282 137
-286 127
-274 129
-274 119
-258 121
-270 107
-266 109
-250 93
-298 83
-250 83
-278 87
-274 91
-290 91
-270 101
-294 119
-266 113
-266 121
-290 131
-322 151
-318 157
-314 155
-318 173
-330 173
-362 187
-346 171
-358 173
-354 167
-326 157
-290 143
-302 157
-330 187
-366 199
-350 185
-334 175
-358 183
-338 183
-330 175
-354 191
-358 191
-370 197
-358 193
-294 155
-326 181
-286 163
-314 167
-298 159
-294 163
-302 181
-346 189
-294 161
-298 173
-358 193
-370 197
-374 201
-346 195
-322 167
-294 167
-322 179
-330 183
-354 193
-370 185
-334 155
-298 151
-290 141
-270 137
-246 141
-294 151
-286 157
-298 159
-342 185
-326 171
-314 171
-334 179
-354 187
-314 169
-322 161
-314 175
-326 163
-314 161
-290 157
-318 165
-302 155
-306 153
-346 167
-338 169
-310 167
-378 205
-386 205
-338 187
-370 197
-342 189
-350 187
-398 207
-394 201
-414 213
-410 215
-442 223
-434 221
-402 213
-394 207
-362 195
-338 189
-334 187
-362 189
-346 189
-354 199
-378 195
-334 179
-322 173
-322 153
-334 155
-334 147
-342 151
-282 143
-314 171
-306 165
-322 171
-346 185
-354 187
-354 193
-330 193
-342 195
-350 189
-374 203
-378 201
-394 207
-342 187
-326 179
-354 189
-338 177
-346 193
-342 197
-386 203
-374 201
-394 209
-406 213
-398 209
-406 213
-402 211
-394 209
-406 213
-414 215
-398 209
-382 205
-390 205
-386 205
-394 211
-402 207
-334 179
-358 195
-350 191
-354 195
-314 181
-326 181
-322 185
-314 181
-310 175
-286 169
-350 189
-350 189
-338 187
-374 201
-334 183
-306 165
-350 179
-338 161
-322 165
-350 181
-342 177
-318 169
-290 163
-310 169
-342 185
-318 173
-310 171
-306 179
-342 193
-358 197
-374 191
-354 175
-330 161
-294 157
-274 137
-218 109
-230 81
-230 85
-238 97
-206 101
-274 125
-274 137
-310 159
-318 163
-286 137
-298 139
-262 127
-310 159
-286 149
-254 129
-246 111
-294 131
-274 123
-282 131
-278 145
-258 131
-290 133
-290 131
-286 137
-318 153
-294 151
-298 141
-302 135
-270 123
-294 115
-278 105
-306 117
-306 123
-338 117
-326 125
-326 127
-302 109
-310 107
-318 121
-298 103
-310 101
-306 115
-338 141
-346 169
-342 153
-326 145
-326 141
-334 143
-326 133
-310 123
-274 111
-250 117
-258 127
-254 115
-298 119
-302 125
-290 127
-314 145
-302 143
-330 167
-330 167
-350 185
-362 183
-258 137
-250 111
-250 95
-290 89
-262 93
-290 99
-294 127
-278 119
-270 95
-306 109
-294 109
-310 125
-334 127
-310 139
-354 165
-338 171
-346 175
-310 169
-314 165
-362 189
-322 169
-322 157
-314 165
-298 161
-294 163
-310 163
-338 181
-338 187
-362 199
-422 217
-354 197
-378 201
-374 203
-378 199
-390 207
-374 199
-382 207
-362 197
-354 193
-346 187
-358 191
-346 193
-350 191
-326 179
-330 169
-354 167
-342 157
-346 175
-334 171
-314 175
-366 199
-366 197
-342 177
-362 195
-386 207
-402 213
-382 207
-386 199
-310 179
-310 175
-322 183
-306 169
-354 181
-346 183
-366 199
-362 197
-406 213
-338 191
-366 195
-362 199
-346 185
-342 177
-362 189
-390 203
-366 199
-350 189
-334 183
-338 187
-338 179
-314 169
-294 167
-350 189
-326 189
-314 161
-318 181
-298 175
-314 177
-314 177
-350 189
-354 191
-334 175
-330 181
-354 183
-334 181
-350 189
-398 211
-382 207
-358 199
-362 199
-382 205
-406 213
-410 215
-386 205
-402 213
-358 197
-326 181
-310 165
-286 157
-270 151
-294 153
-294 149
-274 127
-306 147
-342 137
-314 127
-302 113
-274 127
-330 153
-342 165
-354 169
-322 163
-302 167
-318 175
-362 197
-366 195
-350 187
-334 187
-362 199
-354 185
-354 179
-326 165
-358 169
-362 187
-378 201
-390 199
-358 195
-358 195
-390 201
-374 193
-350 177
-370 175
-374 183
-358 175
-342 167
-314 153
-318 151
-334 157
-318 161
-338 169
-322 161
-294 139
-298 135
-302 141
-298 155
-342 171
-342 175
-358 179
-342 153
-326 155
-350 173
-310 157
-334 175
-350 185
-326 171
-382 187
-390 193
-354 183
-382 179
-350 173
-338 183
-318 171
-346 177
-338 181
-350 189
-330 185
-330 171
-318 163
-298 153
-318 173
-306 173
-306 171
-298 159
-322 171
-310 167
-322 173
-338 187
-370 199
-362 195
-346 181
-290 149
-278 155
-302 173
-382 195
-378 205
-402 211
-370 199
-374 197
-390 207
-398 209
-386 207
-382 207
-398 211
-390 207
-418 215
-382 205
-406 211
-382 205
-390 209
-390 205
-390 205
-342 181
-362 195
-318 177
-334 183
-290 167
-286 169
-310 177
-302 175
-338 183
-302 175
-282 157
-310 169
-366 193
-398 205
-362 187
-350 161
-342 165
-346 165
-326 149
-310 149
-306 135
-266 119
-294 103
-298 115
-282 93
-294 75
-290 115
-282 99
-270 97
-274 115
-282 139
-298 169
-286 163
-326 183
-350 191
-366 197
-346 193
-390 203
-350 193
-358 193
-322 183
-354 191
-330 189
-370 197
-350 193
-346 187
-342 185
-306 171
-334 187
-350 189
-306 163
-306 159
-290 159
-322 175
-314 159
-294 165
-342 187
-342 189
-322 183
-294 171
-274 153
-298 173
-338 189
-338 191
-302 175
-314 173
-306 163
-330 177
-342 181
-322 183
-342 187
-358 193
-374 197
-382 205
-318 185
-346 187
-302 155
-318 153
-302 153
-270 143
-294 145
-282 157
-282 147
-334 153
-290 137
-298 139
-274 147
-294 151
-306 149
-282 147
-286 147
-302 125
-286 121
-306 121
-318 99
-278 83
-298 69
-262 61
-270 53
-242 33
-254 35
-274 39
-270 15
-282 13
-262 7
-262 37
-298 45
-282 67
-258 61
-250 63
-238 61
-242 93
-266 93
-258 77
-258 61
-258 55
-242 69
-238 91
-214 81
-246 97
-254 111
-270 107
-302 121
-274 129
-294 131
-302 117
-326 129
-278 107
-266 95
-294 121
-262 105
-270 111
-306 157
-346 171
-334 161
-346 177
-378 203
-386 205
-358 197
-374 201
-374 199
-338 191
-322 183
-374 201
-374 203
-358 199
-330 181
-342 191
-334 185
-354 189
-358 191
-378 203
-350 189
-318 165
-322 163
-314 155
-302 153
-326 173
-318 173
-326 175
-266 149
-310 157
-298 149
-270 123
-302 123
-258 115
-266 131
-266 123
-270 121
-270 115
-254 115
-262 129
-302 145
-282 143
-278 145
-286 143
-314 147
-262 129
-294 137
-326 161
-342 175
-342 173
-338 179
-358 193
-306 173
-326 177
-302 175
-314 175
-334 173
-286 155
-266 147
-298 157
-346 171
-342 169
-326 175
-338 181
-354 193
-346 185
-362 189
-362 195
-386 199
-370 191
-338 163
-350 171
-298 135
-274 129
-306 141
-298 151
-278 129
-282 155
-290 153
-318 171
-338 175
-350 169
-350 169
-370 183
-358 175
-326 157
-358 169
-374 193
-378 201
-374 201
-338 183
-338 187
-334 187
-314 169
-318 167
-326 179
-334 181
-322 165
-266 139
-262 133
-258 115
-242 117
-222 97
-242 101
-290 105
-258 113
-258 99
-266 103
-262 117
-282 135
-278 143
-290 151
-330 159
-342 183
-346 183
-330 177
-346 169
-342 183
-334 183
-330 187
-354 185
-386 209
-378 203
-382 203
-362 201
-350 199
-374 203
-378 205
-358 199
-362 199
-358 197
-370 201
-350 191
-322 179
-330 187
-354 197
-382 203
-366 197
-358 193
-362 197
-350 189
-322 185
-330 173
-286 149
-246 141
-258 131
-282 123
-314 139
-334 133
-298 153
-302 157
-254 117
-246 99
-270 103
-222 99
-254 93
-262 83
-258 85
-226 63
-254 81
-238 73
-250 101
-254 89
-250 89
-234 93
-262 99
-266 101
-290 111
-270 91
-278 115
-306 107
-294 85
-282 77
-274 47
-242 35
-246 11
-246 49
-274 39
-282 27
-286 29
-270 1
-258 5
-214 3
-262 31
-278 25
-286 41
-258 27
-278 15
-274 21
-246 19
-282 5
-286 31
-250 5
-270 13
-262 9
-314 39
-286 43
-298 61
-270 59
-258 57
-254 55
-222 41
-254 41
-246 31
-282 13
-286 19
-274 27
-274 11
-290 15
-250 21
-282 5
-310 17
-306 7
-302 9
-290 13
-278 25
-278 17
-230 19
-230 29
-250 21
-278 19
-266 47
-230 43
-238 57
-250 43
-206 29
-274 39
-242 33
-274 21
-274 25
-250 47
-262 71
-226 67
-214 41
-210 41
-238 9
-242 9
-238 1
-226 29
-234 31
-286 49
-258 37
-262 37
-250 35
-262 55
-214 65
-230 87
-294 125
-274 127
-306 141
-302 127
-310 137
-298 141
-294 129
-290 117
-266 101
-306 103
-254 93
-270 117
-270 137
-274 135
-278 141
-314 169
-334 179
-338 169
-330 167
-306 153
-254 133
-282 149
-302 153
-306 147
-322 161
-322 171
-366 193
-346 187
-346 185
-330 179
-298 165
-322 163
-298 163
-278 145
-270 153
-302 155
-298 159
-318 163
-322 177
-322 183
-330 183
-378 199
-362 193
-374 191
-346 171
-350 175
-354 175
-346 169
-334 169
-322 173
-286 143
-338 173
-318 171
-342 177
-326 167
-298 163
-298 159
-310 173
-294 161
-314 163
-302 145
-318 139
-326 143
-282 125
-294 143
-302 149
-318 149
-314 157
-306 149
-334 157
-278 147
-290 157
-278 153
-310 151
-274 121
-294 123
-250 113
-270 113
-278 123
-294 137
-298 145
-294 135
-342 143
-298 151
-302 171
-350 181
-350 185
-334 177
-306 167
-302 175
-362 199
-390 205
-342 185
-370 203
-342 183
-330 179
-366 193
-350 183
-318 175
-318 169
-318 171
-346 185
-334 175
-346 191
-346 183
-334 187
-366 195
-350 185
-358 197
-370 199
-374 205
-354 199
-338 189
-402 211
-374 205
-334 187
-382 203
-394 203
-398 203
-350 187
-334 185
-330 185
-330 185
-318 181
-338 189
-314 175
-342 175
-334 177
-342 171
-318 175
-286 159
-334 177
-298 155
-330 185
-362 195
-374 203
-362 197
-346 187
-338 185
-374 201
-362 181
-370 193
-350 185
-330 181
-342 185
-330 173
-326 173
-322 157
-338 171
-350 179
-338 179
-326 165
-286 131
-274 137
-294 153
-342 187
-338 187
-374 201
-298 173
-318 179
-318 179
-294 169
-338 187
-366 201
-406 211
-402 211
-350 195
-366 195
-366 195
-322 175
-286 155
-318 179
-350 189
-358 193
-390 207
-374 201
-410 213
-362 197
-390 207
-402 209
-358 195
-346 183
-346 189
-354 193
-374 203
-298 171
-310 169
-266 149
-294 161
-334 181
-318 173
-342 181
-378 191
-358 191
-362 195
-358 193
-346 193
-346 189
-358 193
-338 191
-310 181
-346 179
-338 173
-326 181
-322 177
-314 177
-342 177
-370 187
-330 177
-330 173
-306 155
-298 145
-306 135
-282 101
-254 91
-234 75
-254 89
-262 87
-266 85
-286 71
-266 69
-294 85
-274 77
-274 71
-274 73
-258 75
-282 81
-282 85
-282 95
-250 117
-270 89
-262 79
-250 87
-266 101
-310 95
-270 91
-246 97
-274 123
-262 99
-262 87
-282 103
-282 117
-310 135
-298 141
-318 133
-330 141
-318 151
-310 137
-302 131
-330 141
-338 157
-326 159
-294 151
-306 157
-286 147
-262 137
-254 141
-278 165
-290 163
-298 167
-294 163
-282 159
-254 133
-290 147
-302 145
-302 115
-346 135
-326 125
-294 121
-298 105
-322 123
-314 115
-302 109
-298 105
-306 103
-306 95
-326 101
-314 113
-330 125
-314 127
-298 143
-354 171
-338 159
-334 183
-346 179
-358 193
-366 193
-342 181
-342 187
-306 175
-314 181
-362 189
-370 187
-358 193
-358 191
-322 189
-326 185
-346 185
-302 177
-302 169
-342 177
-334 181
-350 185
-366 197
-378 203
-374 193
-362 195
-358 187
-342 177
-350 185
-342 181
-338 181
-346 179
-334 181
-334 171
-358 181
-346 171
-306 153
-278 141
-330 163
-330 165
-334 159
-334 149
-326 127
-306 139
-298 137
-262 127
-302 139
-314 149
-290 131
-278 111
-302 101
-290 89
-278 91
-306 107
-274 103
-278 91
-266 95
-262 111
-282 121
-266 111
-254 111
-246 95
-270 109
-310 119
-322 107
-302 121
-290 117
-342 145
-370 169
-314 143
-322 139
-274 133
-222 111
-234 115
-282 123
-290 143
-314 137
-250 115
-298 139
-282 133
-318 165
-302 163
-286 157
-318 157
-302 145
-330 167
-330 165
-330 177
-342 189
-358 193
-350 191
-370 201
-366 195
-370 197
-370 201
-362 197
-382 207
-366 199
-334 191
-382 201
-374 199
-338 181
-342 193
-366 195
-362 199
-378 201
-342 193
-390 207
-354 197
-314 175
-358 189
-358 193
-346 193
-382 205
-346 185
-306 167
-306 155
-330 163
-266 149
-266 127
-250 123
-254 147
-302 167
-310 171
-314 163
-310 167
-302 181
-322 185
-334 183
-334 183
-366 195
-398 205
-326 179
-314 173
-326 183
-346 181
-362 189
-330 183
-334 185
-378 205
-406 213
-398 203
-366 191
-350 187
-350 189
-342 185
-330 183
-318 181
-342 189
-354 197
-358 195
-370 195
-366 185
-334 173
-354 179
-334 183
-346 181
-298 155
-310 161
-302 145
-298 145
-274 149
-270 143
-286 151
-310 149
-294 145
-322 133
-278 129
-290 133
-318 149
-302 153
-298 139
-274 105
-314 129
-290 113
-302 105
-278 111
-290 125
-278 123
-290 143
-286 131
-302 129
-262 117
-290 121
-294 123
-298 127
-258 105
-282 113
-282 107
-242 107
-234 99
-214 79
-238 85
-278 107
-258 97
-258 111
-254 99
-238 111
-294 131
-286 149
-346 159
-338 157
-318 155
-330 157
-310 149
-326 157
-306 131
-282 139
-310 131
-314 149
-346 155
-334 149
-318 139
-306 135
-302 121
-278 123
-254 115
-294 129
-262 127
-274 129
-302 145
-326 159
-334 175
-350 189
-326 183
-322 171
-334 175
-306 169
-262 161
-314 169
-338 171
-310 163
-290 145
-322 161
-298 159
-290 163
-318 175
-310 179
-318 173
-346 181
-358 189
-346 185
-382 203
-366 197
-358 195
-370 197
-350 193
-382 205
-354 195
-362 195
-318 181
-338 185
-366 195
-362 189
-342 187
-342 181
-346 181
-342 171
-330 161
-318 141
-286 143
-334 163
-362 183
-326 167
-322 175
-338 173
-286 163
-274 155
-290 161
-290 157
-294 161
-322 169
-350 187
-346 197
-378 201
-342 193
-358 181
-326 165
-382 193
-354 175
-334 171
-330 179
-302 157
-258 147
-246 129
-242 137
-230 117
-238 125
-298 165
-306 175
-334 183
-358 187
-342 181
-330 181
-346 191
-358 187
-326 183
-338 187
-310 175
-342 189
-302 161
-294 167
-306 161
-362 171
-358 171
-350 169
-334 165
-354 169
-350 173
-370 195
-354 197
-362 199
-398 211
-350 195
-378 205
-390 205
-378 199
-382 205
-374 203
-374 195
-390 201
-406 211
-406 211
-362 201
-398 205
-350 187
-346 173
-354 177
-338 187
-342 181
-346 191
-330 183
-350 183
-330 171
-322 169
-326 181
-378 203
-390 203
-350 187
-330 175
-314 169
-354 185
-350 193
-362 197
-322 177
-342 187
-342 185
-350 185
-346 177
-342 167
-342 177
-330 159
-318 145
-318 121
-302 145
-306 117
-302 115
-266 111
-294 113
-262 133
-266 141
-242 127
-278 149
-290 149
-298 151
-326 181
-394 207
-374 201
-398 211
-366 201
-386 203
-370 193
-322 177
-310 169
-290 167
-298 177
-342 185
-322 167
-330 183
-338 175
-330 179
-354 189
-338 175
-346 193
-330 189
-354 187
-326 183
-306 161
-362 177
-322 179
-310 165
-314 175
-306 163
-354 179
-354 183
-342 185
-370 199
-314 175
-302 179
-338 183
-330 183
-370 199
-378 203
-326 173
-298 169
-386 207
-370 199
-398 211
-394 207
-362 201
-314 179
-314 175
-318 173
-334 185
-370 197
-330 183
-330 187
-322 189
-294 159
-314 159
-310 133
-274 125
-330 137
-330 143
-338 163
-318 149
-326 149
-334 159
-314 137
-290 131
-334 157
-374 179
-338 167
-322 147
-326 151
-314 165
-350 153
-382 159
-346 167
-350 183
-314 173
-310 165
-358 189
-342 191
-330 183
-294 169
-298 169
-310 175
-330 187
-334 185
-354 193
-354 175
-326 181
-306 167
-326 165
-306 161
-314 169
-330 163
-282 155
-358 185
-378 189
-326 171
-258 145
-294 157
-322 173
-318 173
-298 165
-334 171
-330 169
-334 179
-358 169
-346 157
-334 149
-334 137
-302 129
-318 139
-306 131
-278 117
-298 131
-322 149
-306 143
-310 151
-286 141
-318 153
-310 151
-326 181
-334 177
-318 159
-298 157
-302 163
-294 147
-274 135
-270 131
-290 141
-286 143
-266 121
-274 127
-302 141
-298 149
-302 145
-306 139
-298 143
-314 141
-326 133
-286 121
-314 137
-302 125
-334 157
-298 147
-302 133
-294 141
-306 145
-302 125
-278 107
-266 113
-246 93
-266 105
-294 121
-270 97
-274 85
-262 79
-250 97
-250 117
-262 105
-306 91
-322 95
-326 113
-310 107
-310 125
-326 143
-366 145
-314 141
-274 123
-266 121
-330 129
-318 123
-266 117
-302 147
-286 127
-282 141
-314 141
-310 111
-262 99
-274 103
-270 129
-310 131
-342 155
-322 153
-310 157
-322 175
-354 155
-330 153
-334 159
-330 147
-326 147
-346 155
-342 153
-326 157
-330 167
-322 163
-306 163
-270 147
-274 155
-298 157
-322 181
-306 163
-334 175
-354 195
-270 167
-286 173
-298 173
-294 157
-306 165
-294 173
-338 175
-358 187
-394 197
-374 193
-350 195
-358 197
-370 197
-354 193
-330 189
-318 181
-342 183
-350 173
-362 175
-338 165
-298 157
-310 169
-306 167
