-18 3
-50 25
-50 25
-34 19
-34 19
-30 19
-30 19
-42 23
-50 25
-50 25
-42 23
-34 21
-42 23
-42 23
-50 25
-42 23
-34 21
-42 23
-42 23
-42 23
-50 25
-50 25
-42 23
-50 25
-38 21
-42 23
-50 25
-42 23
-38 21
-30 19
-50 25
-50 25
-50 25
-42 23
-50 25
-42 23
-42 23
-42 23
-22 13
-34 21
-50 25
-42 23
-42 23
-42 23
-50 25
-42 23
-50 25
-26 17
-38 21
-38 21
-22 17
-50 25
-38 21
-42 23
-42 23
-50 25
-38 21
-38 21
-34 21
-42 23
-50 25
-50 25
-50 25
-34 19
-22 15
-22 13
-18 13
-34 19
-38 21
-42 23
-38 21
-42 23
-42 23
-42 23
-50 25
-50 25
-50 25
-50 25
-42 23
-34 21
-30 19
-30 19
-50 25
-50 25
-50 25
-50 25
-50 25
-50 25
-50 25
-50 25
-50 25
-50 25
-42 23
-42 23
-34 21
-38 21
-34 21
-30 19
-26 13
-22 17
-34 21
-42 23
-34 21
-50 25
-50 25
-50 25
-34 21
-34 21
-22 15
-34 19
-38 21
-38 21
-34 19
-30 19
-42 23
-34 21
-34 19
-42 23
-42 23
-50 25
-50 25
-34 21
-50 25
-42 23
-50 25
-50 25
-50 25
-50 25
-50 25
-38 21
-14 11
-14 9
-22 11
-14 9
-26 19
-34 21
-50 25
-42 23
-42 23
-42 23
-42 23
-34 21
-42 23
-50 25
-50 25
-42 23
-42 23
-50 25
-50 25
-50 25
-50 25
-34 21
-42 23
-50 25
-50 25
-50 25
-50 25
-50 25
-42 23
-34 21
-38 21
-30 15
-38 21
-50 25
-42 23
-50 25
-42 23
-50 25
-50 25
-50 25
-42 23
-30 19
-34 17
-42 23
-42 23
-42 23
-42 23
-30 19
-42 23
-50 25
-50 25
-50 25
-42 23
-42 23
-42 23
-50 25
-34 21
-18 15
-14 11
-34 19
-30 17
-42 23
-50 25
-38 21
-50 25
-34 19
-22 17
-42 23
-34 17
-34 19
-34 19
-50 25
-50 25
-42 23
-50 25
-34 21
-42 23
-38 21
-38 21
-34 17
-34 21
-26 13
-26 13
-42 23
-50 25
-50 25
-42 23
-50 25
-50 25
-50 25
-30 19
-38 21
-50 25
-42 23
-34 17
-34 19
-26 19
-18 11
-14 1
-6 3
-10 1
-18 7
-18 13
-18 11
-18 15
-22 15
-42 23
-34 21
-38 21
-26 13
-22 15
-42 23
-50 25
-42 23
-50 25
-50 25
-34 21
-42 23
-38 21
-34 19
-50 25
-42 23
-30 19
-18 3
-22 3
-10 3
-26 17
-34 21
-42 23
-50 25
-50 25
-50 25
-50 25
-50 25
-50 25
-34 21
-42 23
-42 23
-34 19
-38 21
-42 23
-42 23
-34 21
-38 21
-34 21
-42 23
-42 23
-42 23
-50 25
-30 19
-22 17
-22 9
-22 11
-34 21
-34 17
-34 19
-42 23
-50 25
-50 25
-42 23
-42 23
-50 25
-50 25
-50 25
-50 25
-50 25
-50 25
-50 25
-42 23
-30 19
-38 21
-38 21
-42 23
-38 21
-30 17
-42 23
-42 23
-42 23
-42 23
-42 23
-50 25
-42 23
-38 21
-42 23
-22 17
-22 11
-18 3
-18 1
-10 3
-18 3
-14 7
-34 19
-6 11
-14 7
-18 1
-22 11
-26 11
-22 15
-26 17
-42 23
-38 21
-18 15
-22 17
-30 19
-42 23
-34 19
-38 21
-50 25
-50 25
-38 21
-42 23
-42 23
-42 23
-42 23
-34 19
-30 15
-26 11
-18 9
-18 5
-18 11
-18 15
-34 21
-38 21
-42 23
-42 23
-50 25
-42 23
-42 23
-42 23
-50 25
-50 25
-38 21
-50 25
-50 25
-42 23
-50 25
-42 23
-42 23
-42 23
-50 25
-50 25
-50 25
-42 23
-50 25
-50 25
-50 25
-50 25
-50 25
-50 25
-30 19
-34 21
-38 21
-50 25
-34 19
-34 21
-34 17
-26 19
-34 19
-38 21
-42 23
-26 17
-34 19
-26 17
-38 21
-34 21
-42 23
-42 23
-38 21
-38 21
-26 15
-42 23
-50 25
-42 23
-50 25
-42 23
-42 23
-38 21
-42 23
-50 25
-50 25
-42 23
-42 23
-42 23
-50 25
-42 23
-38 21
-42 23
-34 21
-38 21
-50 25
-38 21
-34 21
-50 25
-34 21
-26 17
-22 17
-26 15
-26 15
-18 15
-18 7
-22 9
-30 17
-34 21
-34 19
-30 19
-50 25
-42 23
-42 23
-50 25
-42 23
-38 21
-38 21
-50 25
-50 25
-42 23
-50 25
-50 25
-50 25
-50 25
-50 25
-50 25
-50 25
-42 23
-42 23
-22 17
-22 15
-22 13
-42 23
-34 21
-50 25
-50 25
-42 23
-42 23
-42 23
-42 23
-42 23
-50 25
-42 23
-42 23
-50 25
-50 25
-42 23
-38 21
-42 23
-50 25
-42 23
-34 21
-42 23
-34 19
-42 23
-50 25
-42 23
-50 25
-42 23
-50 25
-42 23
-34 21
-42 23
-50 25
-34 21
-18 11
-26 11
-26 15
-18 11
-18 1
-26 13
-34 21
-38 21
-34 19
-38 21
-50 25
-50 25
-42 23
-42 23
-50 25
-50 25
-50 25
-50 25
-42 23
-50 25
-50 25
-42 23
-42 23
-42 23
-34 21
-42 23
-42 23
-50 25
-42 23
-38 21
-50 25
-50 25
-50 25
-50 25
-50 25
-38 21
-42 23
-42 23
-50 25
-50 25
-42 23
-30 19
-38 21
-50 25
-50 25
-50 25
-42 23
-50 25
-38 21
-50 25
-50 25
-42 23
-38 21
-34 19
-34 19
-34 19
-38 21
-42 23
-42 23
-50 25
-50 25
-42 23
-42 23
-50 25
-34 19
-50 25
-50 25
-50 25
-50 25
-30 19
-38 21
-50 25
-38 21
-22 15
-34 19
-34 21
-22 15
-22 15
-30 19
-34 21
-34 21
-34 21
-42 23
-42 23
-30 19
-50 25
-42 23
-42 23
-50 25
-50 25
-50 25
-38 21
-34 19
-34 19
-38 21
-42 23
-30 19
-42 23
-50 25
-50 25
-50 25
-50 25
-50 25
-50 25
-42 23
-50 25
-50 25
-50 25
-50 25
-50 25
-50 25
-42 23
-50 25
-30 19
-30 19
-30 19
-30 17
-18 13
-42 23
-34 21
-18 11
-26 17
-30 19
-42 23
-42 23
-38 21
-50 25
-38 21
-38 21
-50 25
-42 23
-50 25
-22 13
-18 11
-30 17
-18 13
-34 19
-30 17
-38 21
-50 25
-42 23
-34 19
-34 19
-30 15
-10 7
-26 13
-34 19
-26 15
-26 17
-22 17
-22 15
-34 19
-42 23
-42 23
-50 25
-30 19
-34 19
-30 19
-22 15
-18 15
-34 17
-34 19
-42 23
-30 15
-34 17
-38 21
-50 25
-42 23
-42 23
-42 23
-50 25
-42 23
-42 23
-42 23
-42 23
-34 21
-34 21
-34 21
-50 25
-50 25
-30 19
-38 21
-42 23
-34 21
-30 19
-38 21
-50 25
-50 25
-50 25
-34 19
-34 17
-18 15
-42 23
-30 17
-18 15
-18 9
-26 17
-30 17
-22 17
-34 21
-50 25
-42 23
-50 25
-50 25
-50 25
-50 25
-50 25
-50 25
-50 25
-42 23
-34 21
-42 23
-42 23
-34 19
-30 17
-30 17
-50 25
-50 25
-26 15
-30 17
-50 25
-22 15
-22 17
-6 11
-18 13
-22 15
-34 21
-18 15
-14 3
-22 3
-26 1
-26 1
-22 1
-22 11
-18 7
-26 13
-22 17
-30 19
-42 23
-38 21
-42 23
-22 17
-18 13
-34 21
-50 25
-42 23
-34 21
-38 21
-50 25
-42 23
-42 23
-42 23
-50 25
-50 25
-50 25
-38 21
-30 15
-26 15
-38 21
-50 25
-50 25
-42 23
-26 15
-34 19
-50 25
-42 23
-50 25
-38 21
-34 21
-22 13
-26 17
-34 19
-18 13
-34 21
-34 21
-34 21
-42 23
-50 25
-50 25
-50 25
-30 19
-18 9
-14 5
-14 9
-22 13
-22 5
-22 11
-38 21
-26 11
-18 11
-10 11
-26 13
-26 19
-34 21
-14 9
-26 17
-42 23
-42 23
-42 23
-42 23
-42 23
-26 17
-30 17
-26 17
-38 21
-42 23
-50 25
-50 25
-50 25
-50 25
-50 25
-50 25
-42 23
-42 23
-50 25
-42 23
-42 23
-38 21
-30 19
-34 19
-26 13
-26 13
-34 19
-30 17
-50 25
-50 25
-50 25
-50 25
-50 25
-34 21
-50 25
-50 25
-50 25
-50 25
-42 23
-50 25
-50 25
-42 23
-50 25
-50 25
-50 25
-42 23
-34 21
-42 23
-50 25
-38 21
-42 23
-38 21
-26 19
-22 11
-22 15
-22 11
-22 7
-14 13
-26 17
-42 23
-50 25
-42 23
-34 21
-34 21
-42 23
-42 23
-42 23
-34 21
-38 21
-38 21
-50 25
-50 25
-50 25
-42 23
-50 25
-50 25
-50 25
-50 25
-50 25
-38 21
-42 23
-50 25
-50 25
-50 25
-42 23
-26 17
-18 11
-14 9
-18 1
-18 7
-26 15
-26 9
-26 13
-42 23
-38 21
-50 25
-42 23
-42 23
-50 25
-42 23
-38 21
-50 25
-50 25
-42 23
-38 21
-50 25
-50 25
-38 21
-42 23
-50 25
-50 25
-34 21
-42 23
-50 25
-38 21
-42 23
-50 25
-50 25
-50 25
-50 25
-50 25
-42 23
-50 25
-50 25
-50 25
-50 25
-50 25
-42 23
-50 25
-30 19
-34 21
-26 17
-34 21
-42 23
-42 23
-42 23
-34 21
-34 21
-50 25
-50 25
-42 23
-26 17
-42 23
-42 23
-50 25
-50 25
-38 21
-30 19
-42 23
-50 25
-42 23
-50 25
-50 25
-38 21
-42 23
-30 17
-34 19
-34 21
-38 21
-38 21
-50 25
-50 25
-50 25
-42 23
-34 21
-34 21
-42 23
-42 23
-42 23
-42 23
-50 25
-42 23
-42 23
-50 25
-42 23
-42 23
-38 21
-42 23
-50 25
-42 23
-50 25
-50 25
-50 25
-50 25
-50 25
-42 23
-42 23
-42 23
-26 17
-22 15
-42 23
-50 25
-42 23
-18 15
-26 17
-22 15
-34 19
-38 21
-34 19
-34 19
-34 19
-42 23
-50 25
-50 25
-50 25
-50 25
-50 25
-50 25
-50 25
-42 23
-42 23
-50 25
-26 17
-42 23
-50 25
-50 25
-42 23
-42 23
-50 25
-50 25
-50 25
-50 25
-42 23
-22 17
-38 21
-30 19
-30 19
-34 21
-30 19
-42 23
-50 25
-50 25
-50 25
-50 25
-50 25
-42 23
-34 19
-26 13
-30 13
-26 13
-50 25
-50 25
-50 25
-42 23
-34 19
-26 17
-38 21
-38 21
-50 25
-50 25
-42 23
-50 25
-50 25
-50 25
-42 23
-30 17
-30 17
-30 17
-30 19
-42 23
-38 21
-30 19
-42 23
-42 23
-34 19
-34 21
-42 23
-50 25
-38 21
-34 21
-50 25
-50 25
-50 25
-42 23
-42 23
-42 23
-42 23
-50 25
-50 25
-50 25
-50 25
-50 25
-42 23
-42 23
-42 23
-50 25
-42 23
-50 25
-42 23
-50 25
-50 25
-42 23
-50 25
-50 25
-50 25
-42 23
-42 23
-42 23
-30 19
-38 21
-38 21
-30 17
-34 19
-30 19
-50 25
-42 23
-30 19
-42 23
-26 19
-22 17
-42 23
-50 25
-50 25
-50 25
-50 25
-50 25
-42 23
-42 23
-50 25
-38 21
-38 21
-50 25
-50 25
-50 25
-50 25
-50 25
-50 25
-50 25
-50 25
-50 25
-26 17
-22 15
-26 15
-26 17
-26 15
-30 15
-38 21
-42 23
-50 25
-42 23
-50 25
-50 25
-42 23
-34 19
-30 19
-26 17
-34 19
-34 19
-34 17
-38 21
-42 23
-50 25
-38 21
-34 21
-42 23
-50 25
-42 23
-50 25
-50 25
-42 23
-22 15
-22 15
-30 17
-34 21
-34 21
-42 23
-42 23
-34 21
-34 19
-42 23
-38 21
-30 19
-34 19
-30 13
-26 15
-34 19
-22 17
-18 17
-34 21
-34 21
-26 17
-34 19
-26 15
-26 15
-26 15
-34 17
-34 21
-42 23
-50 25
-50 25
-50 25
-50 25
-42 23
-34 21
-30 19
-30 19
-26 17
-34 21
-38 21
-42 23
-50 25
-50 25
-42 23
-42 23
-50 25
-50 25
-42 23
-42 23
-38 21
-42 23
-42 23
-42 23
-42 23
-34 19
-38 21
-50 25
-50 25
-42 23
-42 23
-50 25
-50 25
-38 21
-34 21
-30 19
-30 17
-42 23
-50 25
-50 25
-50 25
-50 25
-50 25
-42 23
-38 21
-42 23
-50 25
-50 25
-42 23
-34 21
-42 23
-42 23
-14 3
-18 1
-22 3
-18 5
-14 11
-18 7
-22 5
-22 9
-22 11
-6 7
-18 5
-22 13
-22 11
-6 3
-6 5
-34 21
-50 25
-42 23
-42 23
-50 25
-42 23
-50 25
-50 25
-50 25
-50 25
-42 23
-42 23
-50 25
-50 25
-34 19
-22 17
-30 19
-30 19
-38 21
-38 21
-42 23
-42 23
-50 25
-50 25
-50 25
-42 23
-38 21
-42 23
-50 25
-42 23
-42 23
-50 25
-30 19
-38 21
-30 19
-30 17
-34 21
-38 21
-38 21
-50 25
-50 25
-50 25
-42 23
-42 23
-42 23
-38 21
-50 25
-42 23
-42 23
-42 23
-42 23
-34 21
-22 17
-30 19
-30 17
-30 17
-42 23
-50 25
-50 25
-50 25
-50 25
-30 19
-34 21
-42 23
-42 23
-50 25
-50 25
-42 23
-50 25
-50 25
-26 19
-34 21
-30 15
-22 7
-22 7
-18 7
-10 9
-18 1
-18 1
-18 1
-22 13
-22 13
-6 7
-22 7
-26 15
-34 19
-34 21
-42 23
-42 23
-50 25
-42 23
-42 23
-50 25
-50 25
-50 25
-42 23
-50 25
-42 23
-42 23
-42 23
-42 23
-42 23
-50 25
-42 23
-34 19
-22 15
-26 13
-30 17
-30 17
-18 13
-30 15
-34 19
-42 23
-42 23
-50 25
-50 25
-50 25
-38 21
-34 17
-18 7
-22 1
-14 3
-22 9
-30 17
-30 19
-34 19
-38 21
-50 25
-34 21
-50 25
-50 25
-50 25
-42 23
-50 25
-50 25
-42 23
-38 21
-50 25
-50 25
-50 25
-42 23
-34 19
-42 23
-50 25
-38 21
-42 23
-42 23
-42 23
-50 25
-50 25
-38 21
-50 25
-50 25
-50 25
-26 17
-30 19
-18 13
-30 19
-50 25
-50 25
-50 25
-50 25
-50 25
-34 21
-42 23
-42 23
-50 25
-50 25
-50 25
-50 25
-50 25
-42 23
-50 25
-34 21
-38 21
-38 21
-34 17
-26 13
-22 9
-22 7
-10 3
-14 5
-14 5
-18 7
-34 19
-42 23
-42 23
-50 25
-42 23
-42 23
-42 23
-42 23
-38 21
-42 23
-50 25
-34 21
-50 25
-50 25
-50 25
-50 25
-50 25
-50 25
-34 21
-38 21
-42 23
-34 21
-42 23
-50 25
-50 25
-30 17
-18 15
-34 17
-42 23
-38 21
-34 19
-42 23
-38 21
-34 21
-22 15
-34 21
-30 19
-34 19
-34 19
-34 19
-30 17
-42 23
-50 25
-50 25
-42 23
-50 25
-34 21
-26 19
-30 19
-26 15
-18 3
-10 7
-22 3
-22 3
-18 5
-18 1
-22 1
-22 5
-26 13
-38 21
-42 23
-34 21
-38 21
-42 23
-42 23
-42 23
-50 25
-50 25
-50 25
-50 25
-50 25
-50 25
-34 19
-30 19
-38 21
-50 25
-42 23
-42 23
-50 25
-50 25
-26 19
-42 23
-42 23
-50 25
-50 25
-42 23
-50 25
-50 25
-50 25
-42 23
-50 25
-50 25
-50 25
-50 25
-50 25
-38 21
-42 23
-42 23
-50 25
-42 23
-42 23
-34 19
-26 13
-22 7
-26 9
-30 17
-30 19
-26 15
-26 17
-42 23
-50 25
-50 25
-50 25
-50 25
-50 25
-50 25
-42 23
-50 25
-42 23
-42 23
-50 25
-50 25
-50 25
-50 25
-50 25
-30 19
-18 13
-18 13
-22 9
-34 19
-50 25
-34 21
-50 25
-42 23
-50 25
-42 23
-50 25
-50 25
-50 25
-50 25
-50 25
-50 25
-42 23
-50 25
-34 21
-38 21
-42 23
-50 25
-50 25
-50 25
-30 17
-26 17
-42 23
-50 25
-42 23
-50 25
-50 25
-42 23
-50 25
-50 25
-38 21
-26 17
-30 19
-34 21
-38 21
-50 25
-50 25
-42 23
-34 19
-42 23
-30 19
-42 23
-50 25
-50 25
-50 25
-50 25
-50 25
-34 21
-30 19
-42 23
-42 23
-50 25
-42 23
-50 25
-50 25
-42 23
-42 23
-42 23
-34 21
-34 21
-34 21
-42 23
-50 25
-50 25
-38 21
-38 21
-30 17
-42 23
-50 25
-34 21
-26 19
-10 9
-14 1
-18 1
-18 3
-18 5
-30 19
-42 23
-50 25
-50 25
-42 23
-30 15
-34 19
-34 21
-42 23
-30 19
-34 21
-34 21
-42 23
-42 23
-42 23
-42 23
-50 25
-50 25
-50 25
-42 23
-42 23
-50 25
-50 25
-38 21
-42 23
-42 23
-42 23
-42 23
-42 23
-42 23
-38 21
-42 23
-42 23
-42 23
-26 19
-50 25
-42 23
-38 21
-38 21
-42 23
-50 25
-42 23
-38 21
-38 21
-42 23
-50 25
-42 23
-38 21
-26 17
-42 23
-42 23
-50 25
-42 23
-30 19
-34 21
-38 21
-42 23
-42 23
-50 25
-50 25
-50 25
-50 25
-50 25
-22 11
-22 11
-22 7
-30 13
-30 13
-26 15
-22 9
-10 9
-30 19
-42 23
-34 17
-42 23
-26 17
-38 21
-50 25
-50 25
-50 25
-42 23
-42 23
-50 25
-50 25
-50 25
-42 23
-34 21
-26 13
-26 19
-34 19
-42 23
-38 21
-42 23
-50 25
-38 21
-50 25
-50 25
-42 23
-22 17
-34 21
-22 15
-50 25
-50 25
-42 23
-50 25
-50 25
-50 25
-50 25
-50 25
-50 25
-42 23
-30 19
-30 19
-34 21
-38 21
-38 21
-30 15
-22 17
-22 15
-18 15
-22 17
-18 15
-22 11
-34 17
-34 19
-38 21
-42 23
-50 25
-38 21
-30 19
-50 25
-50 25
-50 25
-50 25
-26 17
-30 19
-34 19
-22 17
-42 23
-42 23
-50 25
-50 25
-42 23
-50 25
-42 23
-42 23
-50 25
-50 25
-50 25
-50 25
-50 25
-42 23
-38 21
-26 15
-30 19
-42 23
-50 25
-50 25
-50 25
-50 25
-50 25
-42 23
-50 25
-38 21
-42 23
-42 23
-42 23
-26 11
-34 19
-50 25
-50 25
-42 23
-34 19
-34 17
-50 25
-50 25
-50 25
-34 21
-42 23
-42 23
-50 25
-50 25
-50 25
-50 25
-50 25
-50 25
-50 25
-50 25
-50 25
-50 25
-50 25
-50 25
-42 23
-42 23
-38 21
-34 19
-42 23
-42 23
-50 25
-42 23
-38 21
-42 23
-50 25
-50 25
-50 25
-42 23
-42 23
-38 21
-42 23
-34 19
-30 19
-26 15
-34 17
-26 15
-26 15
-26 15
-26 15
-42 23
-34 19
-38 21
-42 23
-34 21
-42 23
-42 23
-50 25
-42 23
-42 23
-38 21
-30 17
-34 19
-26 17
-18 17
-30 17
-26 19
-22 17
-30 17
-30 15
-26 11
-18 15
-26 13
-26 19
-30 17
-42 23
-50 25
-42 23
-50 25
-42 23
-38 21
-18 13
-22 17
-26 15
-30 15
-34 19
-14 13
-14 13
-30 17
-22 15
-18 11
-38 21
-34 19
-26 17
-22 7
-26 13
-26 13
-42 23
-42 23
-42 23
-42 23
-42 23
-50 25
-38 21
-42 23
-34 21
-42 23
-50 25
-50 25
-50 25
-50 25
-50 25
-50 25
-26 17
-30 17
-50 25
-42 23
-26 17
-34 21
-42 23
-34 21
-50 25
-50 25
-50 25
-50 25
-50 25
-42 23
-50 25
-42 23
-42 23
-42 23
-50 25
-50 25
-50 25
-50 25
-50 25
-50 25
-42 23
-50 25
-38 21
-30 15
-22 17
-42 23
-50 25
-50 25
-50 25
-50 25
-50 25
-30 17
-26 15
-14 13
-14 7
-22 9
-34 21
-38 21
-34 19
-30 15
-34 17
-50 25
-50 25
-42 23
-50 25
-50 25
-42 23
-50 25
-42 23
-42 23
-34 21
-42 23
-50 25
-50 25
-50 25
-50 25
-42 23
-42 23
-38 21
-42 23
-50 25
-38 21
-50 25
-30 17
-10 3
-18 11
-26 17
-42 23
-30 19
-42 23
-34 21
-34 19
-42 23
-42 23
-42 23
-42 23
-42 23
-26 13
-22 5
-14 1
-22 5
-18 1
-26 13
-26 17
-42 23
-34 17
-38 21
-50 25
-42 23
-38 21
-34 19
-34 17
-14 11
-18 11
-26 17
-26 17
-30 17
-26 15
-14 5
-22 5
-14 3
-14 3
-14 1
-18 1
-22 13
-18 13
-30 19
-42 23
-50 25
-42 23
-42 23
-34 21
-22 15
-34 19
-34 21
-42 23
-42 23
-50 25
-42 23
-42 23
-50 25
-50 25
-50 25
-42 23
-50 25
-42 23
-42 23
-30 19
-30 17
-50 25
-50 25
-42 23
-34 21
-50 25
-34 21
-30 19
-42 23
-50 25
-42 23
-50 25
-50 25
-50 25
-50 25
-50 25
-50 25
-42 23
-26 17
-22 15
-22 13
-26 17
-38 21
-30 19
-34 21
-50 25
-50 25
-22 9
-10 5
-10 5
-14 9
-18 3
-18 1
-18 3
-22 1
-14 1
-18 13
-26 17
-34 19
-34 21
-30 17
-42 23
-50 25
-50 25
-50 25
-42 23
-34 19
-34 17
-34 21
-34 19
-34 19
-42 23
-34 21
-42 23
-38 21
-34 21
-22 13
-18 13
-34 21
-42 23
-34 21
-38 21
-34 19
-14 9
-14 11
-34 19
-42 23
-42 23
-22 15
-26 15
-26 15
-18 9
-18 3
-18 7
-26 15
-30 19
-22 11
-18 11
-26 7
-22 15
-10 3
-30 15
-26 15
-22 7
-26 17
-30 19
-26 17
-30 13
-34 19
-34 21
-14 13
-26 17
-30 19
-42 23
-50 25
-50 25
-42 23
-50 25
-50 25
-50 25
-50 25
-50 25
-30 15
-30 19
-38 21
-30 19
-50 25
-42 23
-50 25
-50 25
-50 25
-50 25
-50 25
-50 25
-50 25
-30 19
-34 17
-38 21
-38 21
-42 23
-42 23
-42 23
-42 23
-42 23
-42 23
-34 21
-42 23
-38 21
-50 25
-50 25
-42 23
-42 23
-50 25
-50 25
-50 25
-42 23
-42 23
-50 25
-50 25
-50 25
-50 25
-26 15
-30 19
-30 15
-22 13
-30 17
-50 25
-34 21
-42 23
-30 19
-22 13
-22 5
-14 3
-18 9
-14 5
-18 11
-14 9
-22 13
-22 11
-34 19
-50 25
-34 21
-30 15
-26 17
-26 19
-38 21
-42 23
-34 21
-26 19
-50 25
-38 21
-26 17
-38 21
-50 25
-50 25
-50 25
-42 23
-34 21
-42 23
-50 25
-50 25
-50 25
-50 25
-50 25
-50 25
-42 23
-50 25
-34 21
-34 21
-38 21
-34 21
-50 25
-50 25
-42 23
-34 21
-26 15
-26 19
-38 21
-30 19
-30 17
-30 17
-34 19
-34 19
-34 19
-42 23
-38 21
-42 23
-42 23
-50 25
-42 23
-42 23
-34 21
-42 23
-30 17
-18 7
-18 9
-18 11
-30 17
-30 17
-18 11
-14 11
-18 1
-18 3
-18 13
-34 19
-34 19
-26 17
-30 19
-30 17
-34 19
-50 25
-34 21
-38 21
-50 25
-50 25
-50 25
-50 25
-50 25
-42 23
-42 23
-34 21
-30 17
-30 15
-42 23
-50 25
-42 23
-50 25
-50 25
-50 25
-42 23
-50 25
-50 25
-50 25
-42 23
-38 21
-34 21
-34 19
-38 21
-50 25
-50 25
-50 25
-50 25
-42 23
-42 23
-34 19
-50 25
-42 23
-42 23
-42 23
-42 23
-42 23
-34 21
-42 23
-42 23
-50 25
-42 23
-42 23
-34 21
-50 25
-42 23
-50 25
-50 25
-50 25
-50 25
-50 25
-42 23
-50 25
-42 23
-26 15
-42 23
-50 25
-42 23
-50 25
-50 25
-42 23
-42 23
-50 25
-50 25
-50 25
-50 25
-34 19
-26 15
-26 19
-18 13
-34 19
-30 19
-30 19
-34 19
-42 23
-42 23
-42 23
-38 21
-42 23
-50 25
-38 21
-34 21
-34 19
-30 15
-18 11
-14 1
-18 9
-26 17
-34 19
-38 21
-50 25
-50 25
-50 25
-50 25
-50 25
-42 23
-50 25
-50 25
-42 23
-42 23
-50 25
-42 23
-42 23
-42 23
-34 19
-38 21
-34 19
-34 21
-18 13
-42 23
-42 23
-42 23
-38 21
-38 21
-38 21
-42 23
-50 25
-30 19
-34 19
-30 15
-30 19
-42 23
-50 25
-34 21
-42 23
-50 25
-42 23
-50 25
-50 25
-42 23
-34 19
-42 23
-38 21
-42 23
-50 25
-42 23
-34 19
-34 19
-42 23
-42 23
-38 21
-50 25
-50 25
-50 25
-50 25
-42 23
-34 21
-38 21
-50 25
-34 19
-30 17
-26 15
-34 19
-34 21
-42 23
-42 23
-42 23
-50 25
-42 23
-42 23
-50 25
-50 25
-50 25
-50 25
-42 23
-50 25
-42 23
-50 25
-50 25
-42 23
-42 23
-50 25
-50 25
-50 25
-50 25
-42 23
-50 25
-34 21
-34 21
-42 23
-50 25
-50 25
-50 25
-50 25
-50 25
-50 25
-42 23
-50 25
-50 25
-42 23
-34 19
-42 23
-42 23
-42 23
-34 19
-34 21
-34 21
-30 17
-30 17
-42 23
-30 17
-30 19
-38 21
-30 19
-50 25
-42 23
-50 25
-50 25
-34 19
-42 23
-34 19
-50 25
-38 21
-42 23
-50 25
-50 25
-50 25
-50 25
-34 21
-50 25
-38 21
-22 13
-18 13
