-12 6
-452 48
-420 64
-432 38
-460 52
-456 74
-468 80
-444 90
-432 112
-468 120
-468 132
-500 118
-464 86
-444 102
-436 92
-452 106
-448 98
-512 112
-552 168
-492 148
-500 164
-484 126
-468 90
-496 124
-472 124
-484 120
-444 136
-476 150
-440 146
-444 154
-456 156
-460 126
-436 132
-448 136
-508 182
-540 194
-492 184
-468 162
-484 172
-540 158
-520 142
-476 136
-480 138
-500 144
-544 156
-488 108
-484 106
-488 122
-476 138
-468 134
-400 114
-536 118
-556 152
-520 186
-468 152
-512 200
-540 254
-524 246
-512 248
-496 224
-504 206
-492 222
-476 202
-472 228
-472 228
-452 210
-480 206
-428 176
-444 182
-452 152
-428 142
-396 112
-376 114
-420 142
-460 126
-496 138
-500 130
-436 124
-436 108
-444 86
-440 130
-416 114
-460 160
-484 170
-440 128
-432 118
-456 100
-400 98
-424 88
-444 114
-432 124
-512 148
-492 126
-540 160
-516 154
-472 148
-456 132
-496 146
-452 136
-508 138
-512 138
-516 122
-548 112
-500 106
-532 122
-500 116
-468 112
-472 140
-484 120
-496 118
-440 116
-448 120
-492 134
-412 126
-448 104
-408 114
-424 106
-428 78
-416 64
-392 106
-444 102
-464 118
-432 120
-428 94
-412 134
-424 176
-424 150
-440 132
-420 130
-432 112
-488 118
-440 78
-420 90
-392 52
-412 100
-448 88
-460 106
-500 146
-464 174
-488 178
-456 180
-508 202
-504 206
-532 220
-496 230
-508 238
-472 208
-484 200
-448 188
-516 184
-444 170
-472 200
-492 182
-472 164
-472 152
-512 166
-492 194
-500 198
-472 192
-452 208
-444 226
-512 236
-528 254
-536 272
-548 288
-544 300
-548 296
-600 306
-636 314
-604 302
-588 318
-600 320
-556 308
-580 328
-560 302
-544 296
-540 284
-552 304
-588 314
-568 322
-568 304
-544 324
-568 308
-556 300
-576 296
-572 302
-524 280
-548 286
-572 310
-584 310
-604 316
-600 308
-580 300
-568 278
-588 284
-524 260
-548 280
-556 308
-544 316
-612 334
-648 348
-680 360
-684 362
-644 354
-680 366
-672 362
-632 352
-680 362
-680 362
-644 354
-632 344
-572 322
-520 268
-504 248
-500 252
-500 248
-548 258
-592 286
-532 232
-520 224
-504 212
-456 192
-496 172
-516 144
-536 166
-540 174
-508 178
-536 158
-524 160
-564 188
-520 170
-620 174
-568 162
-504 172
-536 178
-500 164
-532 162
-564 190
-536 188
-532 216
-560 210
-500 188
-488 196
-496 202
-484 230
-532 224
-516 174
-456 132
-488 156
-480 156
-484 130
-436 124
-464 164
-492 192
-476 204
-492 176
-520 190
-468 170
-516 202
-504 204
-548 224
-516 222
-560 210
-476 190
-520 206
-496 178
-540 206
-468 186
-488 148
-504 168
-492 178
-468 164
-468 132
-536 158
-480 166
-480 138
-540 150
-500 140
-520 156
-496 150
-508 166
-556 174
-556 158
-520 154
-528 160
-512 122
-492 110
-504 106
-476 68
-412 70
-404 64
-408 96
-452 78
-488 92
-424 76
-476 82
-496 108
-488 124
-516 160
-496 172
-476 174
-488 180
-484 172
-544 178
-488 170
-488 166
-468 128
-496 160
-492 138
-500 136
-488 154
-488 188
-516 202
-528 208
-488 174
-444 176
-468 158
-456 122
-424 114
-428 88
-444 104
-428 78
-384 82
-424 88
-412 36
-412 32
-428 30
-440 20
-428 26
-376 30
-392 26
-400 18
-408 24
-452 30
-456 10
-488 6
-436 16
-484 38
-492 2
-480 30
-440 66
-480 46
-484 48
-516 40
-440 26
-536 46
-476 34
-408 54
-460 46
-476 34
-500 54
-476 34
-452 50
-416 58
-440 62
-468 38
-456 46
-428 20
-444 56
-440 82
-488 52
-496 38
-528 56
-504 44
-484 56
-508 52
-512 44
-456 26
-436 8
-464 8
-484 2
-468 2
-424 14
-420 22
-436 24
-460 12
-464 20
-452 10
-416 6
-436 8
-428 2
-416 4
-420 4
-488 14
-492 28
-480 30
-500 6
-496 20
-464 50
-520 68
-508 58
-516 38
-496 54
-504 46
-504 84
-488 100
-484 102
-472 104
-488 142
-468 150
-452 132
-396 98
-396 110
-440 90
-448 116
-436 124
-400 158
-436 164
-432 188
-504 244
-504 242
-496 246
-556 302
-572 320
-600 324
-568 326
-568 312
-596 320
-628 324
-556 294
-560 294
-532 278
-548 304
-592 314
-572 310
-564 300
-560 294
-540 284
-540 280
-524 278
-568 292
-600 316
-596 322
-540 306
-588 302
-556 286
-596 308
-592 296
-592 292
-564 274
-516 258
-524 270
-552 274
-540 270
-500 264
-504 268
-524 282
-528 278
-528 288
-568 322
-644 342
-644 342
-652 348
-628 338
-668 354
-684 362
-620 348
-588 324
-656 360
-660 352
-672 364
-700 366
-640 350
-612 334
-560 316
-612 324
-632 334
-652 344
-652 342
-636 340
-620 330
-576 322
-616 314
-584 300
-620 326
-596 312
-588 292
-596 316
-524 300
-552 290
-516 274
-512 272
-516 252
-508 266
-512 276
-516 270
-508 250
-516 266
-580 302
-532 288
-448 264
-532 294
-568 306
-576 288
-564 282
-552 294
-560 292
-568 310
-560 314
-608 328
-592 324
-528 302
-536 302
-604 332
-592 326
-624 342
-596 338
-596 334
-604 332
-628 346
-588 324
-568 300
-552 302
-528 296
-552 296
-560 264
-500 254
-536 246
-544 244
-512 242
-472 244
-516 252
-572 290
-548 274
-544 274
-568 296
-576 304
-604 322
-624 324
-628 330
-664 338
-608 332
-604 330
-536 314
-532 302
-564 292
-560 298
-548 288
-544 282
-552 284
-556 282
-572 266
-504 234
-488 256
-552 252
-548 232
-524 202
-480 208
-536 234
-500 226
-468 190
-528 248
-512 224
-532 218
-496 204
-496 222
-480 204
-444 192
-508 204
-504 220
-488 210
-476 212
-500 222
-512 188
-528 218
-488 196
-504 188
-464 194
-476 176
-456 162
-484 176
-484 218
-516 218
-532 228
-512 248
-496 214
-520 210
-508 188
-512 178
-520 160
-544 186
-516 176
-488 182
-476 140
-428 130
-448 148
-460 162
-448 156
-480 174
-456 160
-432 162
-440 166
-480 198
-472 196
-448 162
-452 128
-472 154
-484 134
-532 148
-540 180
-472 142
-516 170
-520 160
-500 136
-520 140
-480 112
-488 88
-516 110
-508 88
-460 98
-492 100
-484 124
-492 106
-528 104
-528 124
-552 144
-492 146
-496 130
-496 118
-472 104
-512 130
-488 122
-464 130
-484 158
-488 156
-492 120
-428 108
-480 100
-492 106
-468 92
-440 100
-468 102
-476 144
-520 142
-528 164
-536 196
-536 184
-532 168
-532 182
-544 182
-524 180
-500 194
-512 166
-504 136
-532 158
-500 174
-488 186
-516 192
-476 162
-468 174
-484 208
-500 230
-560 272
-568 278
-568 294
-580 294
-596 302
-604 302
-544 270
-520 268
-524 272
-540 274
-552 298
-580 304
-556 294
-620 316
-536 284
-548 280
-576 318
-604 328
-636 340
-672 360
-628 334
-652 348
-608 332
-548 292
-548 286
-544 302
-600 322
-576 302
-560 300
-544 290
-540 286
-564 274
-556 290
-532 272
-528 292
-528 292
-576 316
-608 314
-552 302
-592 306
-548 310
-624 342
-636 344
-668 348
-632 340
-576 322
-588 318
-644 334
-648 338
-612 344
-644 350
-640 348
-664 362
-628 344
-592 330
-588 332
-596 326
-592 336
-624 338
-664 350
-676 360
-660 354
-560 314
-612 336
-632 330
-668 348
-652 350
-608 342
-596 338
-640 350
-628 344
-684 360
-628 344
-608 316
-652 328
-612 334
-632 334
-616 332
-544 294
-548 276
-548 284
-588 310
-556 272
-580 304
-600 302
-600 300
-580 306
-628 316
-592 304
-604 320
-568 310
-584 302
-588 296
-528 294
-592 324
-576 324
-608 316
-584 302
-588 312
-580 302
-576 318
-604 322
-576 328
-576 326
-540 302
-580 312
-560 312
-584 324
-588 324
-628 346
-564 316
-568 322
-612 342
-600 334
-556 310
-576 326
-580 320
-568 318
-636 328
-604 302
-612 314
-636 328
-584 308
-552 296
-564 302
-580 300
-576 296
-632 336
-648 354
-612 330
-632 330
-580 308
-616 334
-592 332
-632 346
-628 340
-608 322
-596 304
-632 316
-624 304
-612 308
-620 324
-516 294
-576 310
-584 302
-560 268
-532 250
-556 258
-548 244
-592 248
-588 248
-520 250
-516 246
-528 264
-524 262
-464 268
-476 234
-544 236
-524 266
-528 294
-556 304
-596 306
-628 324
-628 328
-600 316
-628 320
-608 332
-596 314
-572 316
-560 298
-600 308
-576 292
-604 314
-560 318
-600 324
-608 330
-652 354
-672 364
-660 358
-588 324
-628 326
-580 318
-620 338
-572 312
-528 296
-512 298
-508 294
-516 300
-544 294
-544 296
-524 274
-536 290
-572 308
-608 324
-592 322
-548 298
-596 320
-656 340
-640 348
-636 340
-564 308
-600 314
-644 332
-632 334
-616 338
-672 356
-616 344
-628 340
-684 354
-604 328
-624 342
-660 354
-664 356
-552 320
-540 276
-528 284
-560 304
-588 312
-576 312
-608 314
-616 316
-608 310
-628 336
-660 350
-680 352
-708 374
-688 364
-664 354
-616 326
-576 318
-560 300
-588 286
-552 286
-560 298
-568 300
-588 308
-544 270
-520 242
-488 226
-488 210
-504 240
-552 282
-564 270
-564 276
-568 296
-508 290
-532 310
-576 330
-548 312
-568 320
-608 334
-656 354
-644 342
-676 364
-704 374
-672 364
-684 364
-688 366
-624 340
-664 356
-632 342
-616 334
-660 346
-632 344
-600 324
-568 296
-592 286
-572 276
-528 250
-584 256
-552 252
-600 266
-556 252
-576 274
-532 262
-540 262
-548 258
-584 272
-540 262
-572 270
-512 262
-548 272
-532 260
-572 266
-568 286
-596 302
-576 300
-504 264
-572 282
-576 298
-580 306
-532 294
-504 280
-536 290
-552 290
-568 298
-568 292
-556 308
-588 306
-532 282
-532 252
-520 244
-584 276
-608 298
-632 306
-616 322
-628 318
-584 298
-564 296
-540 298
-580 308
-528 274
-600 312
-592 312
-588 314
-612 330
-636 338
-664 350
-692 354
-700 372
-660 364
-684 366
-696 364
-660 346
-576 316
-612 324
-624 330
-612 334
-640 334
-604 320
-612 324
-592 314
-556 298
-552 300
-540 304
-548 294
-572 298
-544 298
-580 316
-568 312
-596 326
-604 318
-556 294
-600 318
-580 312
-540 302
-540 296
-588 308
