-12 6
-552 304
-552 300
-556 298
-568 310
-644 346
-612 326
-628 338
-636 336
-608 324
-640 332
-600 316
-644 332
-588 322
-672 336
-564 302
-572 310
-504 272
-568 282
-564 302
-544 294
-584 304
-520 268
-504 258
-512 252
-472 238
-548 260
-540 258
-584 288
-548 260
-612 294
-624 282
-620 308
-600 290
-592 310
-612 324
-648 334
-628 320
-600 306
-596 314
-604 314
-580 302
-608 320
-568 298
-560 276
-512 286
-528 296
-528 272
-508 278
-636 310
-588 296
-600 302
-612 304
-680 336
-616 310
-592 318
-616 314
-660 332
-564 302
-600 312
-596 316
-604 306
-608 318
-580 306
-540 280
-492 268
-556 300
-536 284
-552 312
-600 292
-588 294
-612 310
-564 296
-536 262
-488 214
-524 234
-500 236
-480 220
-532 202
-536 212
-568 218
-488 212
-528 198
-572 212
-540 202
-544 208
-556 218
-560 246
-508 226
-548 254
-532 242
-524 242
-544 264
-528 258
-508 242
-508 242
-520 266
-556 262
-508 250
-544 258
-568 256
-540 258
-548 278
-580 282
-576 262
-592 276
-612 282
-596 310
-544 294
-560 304
-572 318
-600 330
-548 286
-580 314
-584 314
-596 324
-612 328
-608 322
-604 326
-588 310
-572 318
-540 298
-560 300
-564 284
-528 284
-568 302
-616 324
-608 308
-632 328
-636 336
-632 328
-608 318
-584 324
-580 314
-580 298
-588 300
-588 312
-592 316
-620 328
-616 338
-584 318
-604 328
-640 348
-608 320
-600 322
-592 326
-576 314
-568 308
-624 318
-576 296
-572 288
-568 308
-556 304
-512 266
-544 284
-520 288
-524 290
-556 296
-564 310
-568 318
-568 300
-588 322
-628 330
-588 334
-600 332
-632 340
-656 346
-640 326
-628 316
-620 314
-592 302
-624 322
-604 322
-576 310
-552 314
-544 284
-548 286
-544 278
-568 282
-580 290
-576 268
-560 262
-540 248
-584 256
-588 258
-544 250
-520 242
-516 228
-520 248
-588 268
-560 266
-556 268
-528 274
-536 286
-532 278
-508 262
-520 270
-556 290
-600 298
-592 324
-568 320
-556 294
-556 272
-528 286
-564 298
-576 298
-608 316
-556 310
-620 322
-604 312
-584 298
-584 292
-592 296
-584 300
-616 320
-616 328
-640 324
-652 326
-624 320
-616 302
-636 294
-624 282
-596 276
-592 298
-576 292
-596 288
-592 290
-612 292
-596 290
-576 298
-604 310
-592 286
-560 262
-584 264
-588 270
-532 260
-524 254
-524 268
-580 280
-544 276
-576 298
-588 312
-528 296
-628 330
-668 336
-624 326
-572 316
-552 300
-588 304
-596 316
-588 322
-644 342
-672 346
-636 340
-664 348
-664 348
-640 336
-608 326
-612 330
-568 314
-584 318
-612 320
-556 300
-536 298
-564 282
-508 262
-512 276
-532 282
-584 270
-596 294
-600 304
-648 328
-620 322
-556 288
-568 306
-540 286
-588 314
-596 334
-588 318
-568 310
-608 332
-600 334
-592 320
-668 342
-656 342
-596 320
-560 296
-576 298
-560 292
-532 298
-608 322
-616 310
-604 318
-576 308
-532 292
-580 308
-604 314
-644 340
-648 340
-656 348
-672 342
-620 334
-636 340
-596 338
-632 348
-632 338
-636 336
-592 314
-604 294
-588 276
-596 276
-560 262
-556 238
-572 232
-532 218
-584 210
-512 196
-524 228
-568 252
-560 222
-564 240
-564 244
-516 224
-516 210
-508 182
-508 194
-512 200
-496 204
-512 194
-496 210
-532 228
-512 224
-528 240
-500 226
-484 194
-504 226
-568 264
-572 266
-520 226
-516 218
-524 224
-500 218
-512 204
-496 164
-512 176
-444 164
-492 202
-488 212
-512 198
-540 198
-588 200
-580 160
-544 176
-556 184
-556 182
-548 192
-548 188
-564 200
-536 180
-496 176
-532 160
-532 190
-488 164
-504 156
-512 148
-480 162
-440 164
-492 204
-492 214
-532 196
-504 182
-524 194
-500 186
-472 166
-476 202
-520 182
-516 132
-420 104
-412 62
-372 72
-384 120
-440 138
-456 134
-468 130
-452 126
-464 158
-452 148
-492 176
-492 162
-496 184
-524 170
-536 198
-568 190
-524 170
-504 158
-484 142
-504 130
-496 100
-504 94
-508 82
-464 80
-508 122
-456 134
-492 116
-496 104
-504 110
-508 110
-504 108
-448 112
-436 114
-508 144
-452 120
-416 98
-460 94
-416 94
-428 82
-464 90
-480 92
-472 120
-472 130
-480 124
-480 96
-472 114
-488 136
-524 106
-468 130
-484 102
-504 150
-500 154
-532 162
-572 180
-600 194
-592 228
-588 232
-528 220
-544 216
-568 224
-548 250
-580 246
-588 234
-636 256
-544 254
-552 266
-600 294
-604 290
-524 248
-496 244
-572 258
-560 276
-580 282
-584 296
-600 302
-592 318
-560 310
-592 310
-660 350
-640 338
-632 334
-652 338
-656 346
-596 332
-644 348
-696 364
-628 350
-628 350
-648 352
-600 334
-584 310
-608 328
-600 334
-604 314
-620 318
-632 322
-608 290
-600 286
-576 284
-576 284
-524 258
-484 218
-528 236
-540 234
-552 252
-568 282
-528 262
-528 240
-488 246
-468 214
-520 238
-504 246
-524 248
-496 260
-528 292
-496 262
-524 264
-476 244
-556 272
-604 296
-568 280
-568 254
-528 276
-556 270
-548 272
-508 262
-568 276
-544 268
-536 260
-496 252
-552 268
-592 284
-584 294
-580 308
-600 300
-560 294
-516 298
-528 314
-560 320
-624 334
-624 340
-624 322
-584 304
-556 296
-572 300
-552 282
-596 278
-564 292
-540 264
-540 282
-596 308
-604 320
-604 316
-612 312
-624 318
-600 324
-596 332
-588 324
-592 330
-584 310
-568 310
-544 292
-560 280
-544 284
-528 278
-580 296
-564 286
-600 316
-604 322
-644 340
-640 346
-620 338
-624 338
-652 356
-616 344
-592 326
-548 316
-596 326
-596 318
-620 334
-604 326
-588 316
-624 338
-596 330
-636 336
-612 326
-604 318
-620 320
-628 326
-620 332
-588 310
-580 298
-556 302
-592 306
-584 300
-528 276
-524 244
-568 256
-544 246
-528 260
-508 236
-516 256
-520 276
-572 300
-572 304
-584 306
-632 324
-644 338
-592 324
-588 322
-652 340
-636 344
-652 350
-612 328
-616 328
-592 316
-576 294
-568 290
-532 274
-588 282
-568 282
-588 304
-556 276
-580 280
-584 276
-584 268
-580 254
-584 258
-540 232
-536 242
-528 240
-496 230
-512 246
-520 248
-616 268
-592 274
-556 254
-548 260
-552 266
-580 280
-536 248
-592 274
-628 280
-624 274
-616 288
-640 298
-580 290
-572 288
-568 274
-576 262
-552 272
-588 280
-596 284
-600 290
-592 264
-552 278
-512 262
-512 260
-524 274
-520 280
-556 308
-576 316
-572 318
-596 324
-600 328
-604 326
-604 326
-632 336
-604 330
-616 332
-584 320
-628 332
-644 344
-676 352
-672 346
-664 346
-672 346
-636 340
-632 338
-604 314
-608 326
-564 312
-556 304
-552 292
-568 300
-592 318
-548 282
-572 298
-552 298
-508 272
-584 284
-532 264
-468 246
-476 236
-512 236
-476 236
-492 232
-500 244
-496 244
-472 222
-532 230
-572 248
-596 260
-584 238
-576 246
-552 236
-560 226
-552 212
-528 214
-540 242
-556 254
-560 262
-560 258
-584 260
-508 236
-528 246
-568 272
-544 276
-588 284
-612 274
-592 296
-576 274
-500 254
-588 264
-592 256
-540 252
-524 258
-540 232
-544 248
-528 244
-516 220
-552 230
-588 254
-552 252
-484 222
-504 212
-524 210
-552 220
-572 224
-536 194
-496 182
-516 170
-520 174
-492 172
-512 172
-492 142
-484 100
-436 76
-452 58
-412 54
-416 70
-476 106
-480 124
-496 130
-492 116
-456 98
-472 98
-468 110
-452 120
-484 96
-476 72
-464 120
-448 110
-436 64
-412 26
-472 48
-408 24
-408 94
-420 90
-464 128
-428 108
-460 128
-448 116
-480 166
-432 132
-432 158
-408 130
-428 134
-436 144
-436 136
-364 136
-388 100
-420 84
-424 122
-428 102
-408 102
-432 98
-444 72
-444 108
-476 116
-464 94
-452 74
-472 76
-488 72
-484 86
-488 66
-512 24
-456 6
-476 20
-504 4
-512 28
-464 42
-516 72
-524 42
-484 30
-488 18
-524 30
-456 14
-488 44
-500 58
-516 78
-484 74
-548 50
-480 50
-484 24
-444 4
-468 6
-456 8
-496 42
-492 18
-468 22
-504 24
-500 28
-484 18
-468 6
-452 12
-472 16
-464 0
-416 2
-440 4
-484 12
-480 52
-496 26
-472 8
-472 2
-404 14
-444 20
-496 30
-440 30
-456 38
-416 6
-416 52
-440 22
-452 2
-428 18
-384 2
-408 20
-412 84
-412 70
-464 54
-444 70
-460 98
-508 124
-500 112
-484 138
-500 152
-520 140
-544 144
-492 108
-488 132
-528 142
-512 166
-492 158
-496 140
-512 142
-560 158
-564 160
-484 154
-496 160
-488 170
-508 176
-468 162
-512 176
-500 138
-500 140
-532 160
-488 140
-496 150
-524 148
-464 90
-484 88
-444 88
-468 80
-468 74
-468 52
-500 64
-532 82
-512 88
-508 102
-536 102
-520 108
-484 118
-512 98
-512 88
-488 64
-488 54
-440 34
-452 74
-448 60
-512 68
-476 94
-524 106
-520 110
-532 70
-508 52
-500 54
-488 74
-492 100
-516 90
-516 70
-496 12
-520 12
-516 32
-476 60
-492 54
-436 30
-416 30
-448 8
-444 6
-444 6
-448 12
-420 38
-440 12
-460 22
-472 10
-528 14
-468 2
-480 26
-460 50
-536 88
-476 84
-488 108
-480 94
-436 94
-448 102
-464 128
-512 172
-564 174
-540 196
-532 176
-560 188
-596 214
-596 214
-548 230
-560 214
-552 234
-568 230
-584 232
-564 226
-508 198
-544 198
-508 152
-504 166
-464 154
-472 158
-492 174
-432 132
-448 156
-496 168
-448 130
-464 150
-476 122
-492 96
-484 96
-468 88
-484 88
-440 50
-436 42
-436 32
-456 54
-496 110
-464 100
-480 134
-428 124
-436 140
-472 164
-440 154
-428 132
-408 154
-420 178
-464 186
-476 174
-472 182
-420 152
-464 176
-500 174
-476 146
-464 132
-508 172
-460 150
-412 134
-432 128
-460 160
-504 184
-480 144
-460 144
-448 130
-456 128
-456 84
-448 66
-448 104
-424 68
-416 56
-436 74
-472 34
-472 44
-464 46
-468 68
-508 90
-464 72
-432 64
-432 72
-404 58
-424 50
-428 16
-424 10
-432 18
-488 42
-504 78
-536 56
-524 56
-524 62
-480 68
