-12 6
-568 250
-512 240
-540 274
-544 244
-488 218
-472 204
-468 206
-540 218
-532 252
-500 258
-508 234
-520 238
-528 226
-504 236
-500 218
-480 198
-456 170
-476 186
-548 212
-516 200
-516 200
-488 224
-476 198
-532 196
-528 172
-516 176
-536 158
-512 150
-496 146
-496 166
-492 128
-448 128
-452 104
-428 66
-444 54
-432 24
-440 40
-448 48
-488 72
-456 58
-484 84
-496 98
-484 82
-496 90
-560 78
-452 78
-484 94
-488 96
-472 86
-472 112
-424 104
-484 116
-496 140
-472 104
-468 124
-472 120
-456 112
-488 148
-452 170
-464 158
-436 126
-396 132
-440 154
-504 142
-536 170
-500 138
-512 116
-468 98
-476 106
-500 100
-464 126
-456 112
-448 98
-456 94
-452 102
-500 128
-452 116
-472 116
-500 96
-496 84
-500 108
-468 122
-472 126
-492 106
-484 76
-472 100
-496 82
-480 44
-480 18
-436 48
-452 54
-428 52
-404 40
-372 24
-388 58
-364 62
-436 94
-440 142
-492 174
-440 190
-456 162
-476 144
-480 152
-532 154
-520 176
-544 192
-536 190
-508 200
-512 204
-496 212
-524 230
-504 230
-496 252
-528 262
-492 258
-504 268
-460 256
-480 262
-504 276
-576 318
-540 302
-556 298
-600 314
-568 306
-564 302
-576 278
-564 288
-584 302
-576 284
-572 272
-540 248
-564 252
-560 276
-580 280
-540 278
-540 280
-516 280
-488 280
-472 276
-544 288
-536 290
-556 284
-504 280
-528 288
-588 300
-640 308
-612 298
-624 322
-572 284
-552 260
-604 284
-584 292
-580 282
-528 260
-520 274
-564 300
-540 294
-536 286
-616 316
-612 320
-628 330
-668 350
-640 338
-640 326
-604 326
-560 306
-552 312
-592 334
-572 322
-584 330
-624 334
-636 336
-640 344
-592 332
-612 342
-636 348
-660 356
-668 358
-624 344
-612 338
-612 332
-604 328
-568 296
-576 286
-592 286
-532 258
-560 280
-572 302
-596 302
-580 294
-532 290
-516 272
-576 274
-540 258
-532 290
-520 264
-484 256
-492 252
-504 236
-516 256
-568 278
-564 286
-540 270
-532 260
-520 254
-516 268
-524 268
-552 294
-600 302
-576 268
-560 262
-592 284
-552 276
-548 260
-528 252
-560 264
-532 268
-600 292
-600 310
-596 304
-540 288
-476 264
-540 282
-556 288
-592 310
-576 300
-552 294
-504 276
-528 274
-536 268
-548 278
-532 272
-560 286
-596 304
-604 316
-640 310
-620 322
-572 308
-548 300
-604 312
-624 322
-592 304
-588 304
-584 282
-580 276
-564 272
-588 288
-524 266
-552 270
-580 272
-580 260
-552 264
-560 266
-628 302
-584 290
-576 284
-572 268
-556 278
-540 250
-544 274
-588 284
-568 286
-552 288
-564 302
-564 302
-540 284
-544 284
-568 300
-500 280
-572 304
-556 296
-592 322
-620 334
-568 302
-608 312
-636 324
-608 318
-572 300
-572 322
-548 308
-544 308
-572 294
-528 284
-496 284
-512 296
-524 284
-552 300
-576 310
-592 310
-592 310
-540 284
-560 290
-588 296
-600 296
-576 274
-572 288
-580 294
-548 252
-588 272
-588 268
-576 254
-536 254
-560 292
-552 294
-532 274
-548 284
-544 272
-568 276
-516 254
-524 268
-568 266
-508 258
-544 254
-544 254
-556 282
-576 272
-544 256
-520 256
-600 308
-568 286
-552 266
-588 290
-568 280
-540 270
-572 280
-604 290
-556 268
-540 258
-500 252
-548 280
-484 258
-572 284
-564 284
-524 250
-532 278
-500 262
-540 276
-584 286
-560 280
-608 294
-540 268
-572 292
-588 280
-560 260
-568 266
-552 264
-524 246
-500 242
-496 260
-536 286
-548 264
-544 248
-524 256
-560 290
-580 308
-548 280
-560 290
-580 306
-532 280
-500 256
-504 260
-552 292
-564 298
-540 310
-516 302
-480 282
-500 280
-556 300
-556 302
-500 260
-432 254
-464 240
-460 256
-488 274
-548 306
-548 288
-568 316
-640 328
-652 344
-620 336
-576 316
-588 320
-556 294
-604 314
-584 314
-564 306
-528 296
-580 312
-628 334
-616 330
-604 330
-576 318
-612 332
-584 318
-576 304
-556 306
-508 260
-580 266
-572 264
-548 256
-508 248
-532 264
-528 270
-524 272
-520 288
-496 286
-496 286
-576 302
-532 274
-548 280
-604 298
-584 302
-576 280
-568 292
-540 288
-532 280
-576 300
-560 298
-580 290
-520 288
-532 286
-536 262
-528 272
-624 314
-648 334
-608 318
-548 306
-556 308
-584 304
-568 310
-556 310
-660 348
-620 324
-644 322
-640 330
-624 320
-552 302
-580 308
-572 308
-600 308
-552 276
-568 278
-552 286
-584 302
-552 292
-520 292
-536 286
-548 296
-532 300
-548 310
-540 312
-568 316
-604 334
-568 318
-584 320
-576 314
-576 310
-596 326
-592 328
-628 334
-588 318
-556 282
-508 258
-492 250
-548 266
-560 288
-576 308
-592 298
-576 298
-560 314
-596 316
-568 294
-584 296
-548 276
-536 268
-532 268
-520 282
-512 288
-460 246
-468 242
-520 266
-568 296
-548 288
-536 298
-568 320
-644 350
-660 354
-660 358
-636 342
-604 332
-624 338
-620 338
-644 340
-632 342
-660 356
-596 330
-676 356
-588 332
-540 308
-544 310
-624 336
-656 346
-636 342
-604 304
-568 270
-564 280
-568 286
-576 276
-572 292
-560 300
-564 288
-572 296
-600 308
-632 326
-576 306
-576 318
-652 352
-608 340
-596 330
-584 316
-568 308
-576 304
-644 336
-624 336
-640 350
-644 356
-684 360
-628 336
-616 336
-628 340
-620 342
-600 328
-600 326
-608 318
-528 286
-552 282
-576 308
-552 298
-568 296
-632 324
-596 300
-604 308
-580 306
-572 318
-636 332
-556 310
-584 316
-636 322
-640 336
-580 300
-584 322
-536 306
-596 306
-568 288
-572 262
-536 250
-572 276
-548 292
-532 290
-528 292
-536 300
-556 298
-556 284
-532 284
-564 290
-584 306
-580 310
-592 300
-588 294
-576 310
-620 328
-580 302
-652 338
-632 344
-584 324
-584 320
-644 330
-560 310
-596 322
-648 344
-648 340
-628 332
-632 352
-624 348
-592 304
-520 274
-528 280
-596 316
-600 308
-568 310
-572 310
-580 326
-568 314
-628 326
-640 334
-668 338
-624 310
-632 310
-548 286
-532 268
-524 280
-536 306
-508 296
-572 316
-636 346
-664 338
-644 344
-608 326
-548 318
-532 308
-576 320
-560 318
-588 332
-568 316
-600 336
-624 336
-604 336
-560 320
-616 340
-584 314
-552 304
-572 324
-564 290
-588 302
-608 328
-632 344
-676 360
-656 354
-640 346
-624 336
-680 366
-648 352
-628 342
-648 354
-656 344
-656 354
-640 344
-656 354
-632 348
-616 330
-592 318
-544 280
-508 264
-508 276
-512 288
-564 314
-584 326
-580 308
-568 288
-516 270
-580 260
-560 260
-580 260
-596 272
-592 268
-592 272
-520 248
-528 234
-512 220
-476 210
-480 222
-500 230
-484 240
-464 220
-480 228
-524 260
-540 266
-560 286
-548 276
-564 268
-580 274
-564 272
-560 268
-540 272
-544 290
-608 308
-544 300
-532 288
-544 278
-584 280
-584 272
-520 240
-524 222
-488 234
-484 242
-472 232
-468 202
-496 208
-436 216
-516 228
-504 258
-504 242
-512 228
-512 192
-468 174
-456 162
-512 174
-532 172
-500 142
-508 156
-468 144
-472 132
-460 140
-460 120
-488 112
-500 108
-424 78
-428 124
-372 92
-472 118
-504 134
-424 144
-432 116
-420 72
-416 54
-460 52
-448 38
-480 30
-496 52
-540 56
-504 26
-552 32
-552 36
-548 50
-488 84
-460 84
-516 146
-496 142
-500 112
-516 130
-520 114
-504 102
-508 84
-520 84
-504 74
-496 72
-496 86
-476 64
-520 78
-500 80
-444 82
-472 62
-412 82
-428 88
-424 76
-452 70
-392 86
-424 86
-432 110
-448 110
-508 138
-520 102
-420 112
-512 150
-432 104
-424 116
-372 86
-372 66
-408 34
-388 24
-372 14
-424 2
-484 2
-520 2
-504 22
-484 26
-448 20
-464 4
-472 24
-500 14
-472 8
-516 62
-488 74
-540 84
-572 70
-584 56
-484 34
-476 42
-492 32
-548 20
-552 34
-540 34
-532 26
-508 34
-488 30
-524 30
-492 12
-456 2
-464 18
-452 30
-448 46
-492 8
-468 14
-508 40
-556 60
-512 102
-456 102
-484 100
-516 82
-488 116
-456 146
-464 106
-496 118
-476 96
-496 110
-516 104
-496 86
-464 76
-456 44
-452 66
-472 58
-492 96
-504 122
-540 140
-524 130
-492 122
-468 132
-444 138
-444 126
-468 118
-420 90
-432 94
-476 104
-484 110
-480 88
-472 58
-520 56
-472 56
-488 102
-516 158
-524 168
-528 150
-508 156
-552 142
-516 118
-472 120
-432 92
-468 68
-400 34
-408 40
-404 4
-440 14
-436 56
-436 64
-444 32
-384 20
-404 38
-448 70
-428 70
-432 62
-396 40
-380 28
-392 34
-420 6
-412 6
-412 8
-412 12
-396 30
-428 16
-444 10
-436 8
-440 26
-372 34
-360 50
-416 80
-408 92
-424 62
-404 56
-388 72
-376 94
-344 76
-396 86
-428 96
-548 100
-472 122
-488 108
-508 114
-476 124
-488 120
-488 92
-508 106
-504 110
-452 142
-492 166
-536 180
-544 170
-524 182
-512 166
-536 150
-548 144
-520 122
-516 96
-452 106
-496 120
-552 138
-572 112
-564 108
-488 118
-432 120
-432 126
-460 132
-512 144
-512 180
-520 188
-552 204
-568 212
-500 232
-564 268
-564 254
-592 286
-604 310
-600 306
-572 312
-584 308
-556 298
-540 266
-516 252
-532 264
-496 236
-480 260
-528 264
-532 268
-536 264
-528 236
-540 238
-460 198
-452 166
-480 190
-516 240
-476 238
-484 238
-552 256
-552 258
-548 276
-580 296
-592 288
-564 288
-548 272
-524 256
-512 254
-516 274
-500 274
-568 294
-580 296
-556 298
-556 300
-560 302
-508 282
-496 286
-560 306
-564 296
-556 286
-504 244
-460 218
-480 238
-480 242
-512 236
-460 232
-524 262
-532 248
-548 272
-552 274
-544 258
-508 258
-488 238
-480 208
-528 234
-516 244
-472 250
-484 220
-496 230
-500 242
-544 296
-508 274
-548 278
-564 286
-556 288
-580 282
-520 248
-524 228
-500 224
-512 236
-504 230
-540 246
-516 220
-520 224
-548 230
-532 202
-452 162
-460 128
-424 154
-416 152
-472 188
-524 226
-472 212
-516 228
-448 198
-464 202
-432 186
