14 11
-318 169
-298 147
-290 159
-326 179
-302 165
-310 173
-334 183
-346 185
-334 187
-342 185
-362 191
-358 189
-318 177
-366 187
-322 179
-286 155
-306 171
-274 155
-270 157
-278 151
-274 141
-270 139
-314 159
-346 173
-346 183
-358 197
-326 179
-326 181
-338 183
-382 195
-382 195
-402 211
-378 201
-374 199
-378 197
-386 201
-366 201
-402 207
-374 197
-366 195
-378 195
-378 201
-386 207
-382 201
-390 203
-394 201
-358 193
-338 187
-310 157
-298 165
-326 173
-310 165
-306 171
-354 171
-310 159
-262 145
-298 161
-310 167
-318 165
-274 159
-302 165
-298 169
-294 167
-322 179
-318 159
-326 167
-334 185
-338 175
-310 171
-310 173
-286 151
-310 155
-338 169
-346 167
-318 163
-322 171
-338 189
-354 195
-366 195
-354 191
-382 203
-370 201
-366 197
-338 185
-298 161
-298 165
-250 139
-270 131
-294 139
-290 153
-294 147
-310 147
-246 129
-278 143
-290 157
-314 163
-358 187
-374 201
-374 203
-338 191
-298 175
-306 177
-322 179
-322 173
-326 179
-318 159
-306 147
-282 157
-334 173
-374 185
-318 169
-322 177
-350 193
-386 205
-370 203
-366 201
-338 177
-350 193
-354 191
-358 191
-338 187
-342 187
-326 183
-298 169
-286 147
-262 137
-286 151
-306 147
-342 159
-334 161
-330 169
-338 167
-326 157
-302 157
-282 155
-290 169
-338 187
-338 187
-318 171
-318 161
-346 181
-334 181
-342 189
-330 177
-390 207
-386 207
-294 175
-330 183
-374 197
-370 197
-366 193
-390 205
-366 185
-382 201
-390 195
-334 183
-298 167
-358 185
-286 163
-286 159
-322 183
-322 169
-326 183
-374 189
-326 169
-302 165
-294 141
-306 145
-298 149
-302 151
-266 163
-238 137
-234 131
-262 139
-286 157
-274 151
-294 147
-314 139
-330 157
-326 159
-346 163
-310 131
-342 141
-302 143
-326 151
-318 155
-286 139
-322 155
-302 155
-306 155
-302 165
-262 159
-266 143
-294 137
-270 103
-286 109
-262 101
-250 83
-250 73
-246 103
-238 101
-238 89
-258 111
-266 137
-294 151
-326 159
-326 167
-338 183
-306 173
-318 183
-298 161
-302 163
-326 181
-370 201
-322 181
-378 203
-354 193
-358 195
-318 175
-322 171
-330 179
-326 177
-338 167
-318 163
-330 185
-306 165
-254 141
-294 153
-262 147
-302 157
-302 157
-310 155
-302 143
-294 145
-302 159
-314 153
-310 157
-274 141
-314 139
-290 141
-286 143
-270 145
-246 125
-258 111
-258 125
-242 101
-266 119
-270 137
-254 127
-274 125
-314 149
-310 147
-322 139
-330 153
-342 169
-374 179
-342 181
-338 175
-342 179
-346 183
-350 175
-362 165
-354 183
-342 177
-322 177
-358 175
-330 165
-302 165
-310 167
-298 167
-318 175
-302 177
-270 151
-310 157
-318 165
-310 159
-278 133
-250 115
-230 89
-250 93
-242 87
-274 109
-294 115
-290 103
-258 101
-278 107
-242 81
-206 83
-238 83
-246 81
-238 77
-230 43
-270 29
-254 21
-298 1
-286 11
-238 11
-262 19
-290 35
-306 35
-302 23
-290 5
-278 7
-286 33
-254 45
-234 53
-246 63
-270 79
-270 63
-262 59
-274 57
-270 51
-254 49
-258 41
-266 15
-254 3
-270 31
-306 41
-294 21
-298 13
-246 11
-238 15
-202 1
-202 1
-278 23
-294 17
-250 15
-234 3
-250 1
-282 29
-310 15
-302 3
-294 11
-298 9
-286 21
-258 29
-286 35
-298 41
-306 31
-262 23
-234 3
-242 31
-258 63
-254 63
-254 59
-234 35
-222 71
-254 109
-270 133
-234 105
-238 99
-242 97
-254 91
-222 75
-254 99
-242 107
-258 103
-274 127
-234 113
-238 109
-262 105
-230 119
-242 125
-266 125
-286 117
-270 121
-238 107
-278 125
-298 127
-306 147
-326 155
-238 137
-278 157
-290 157
-294 159
-298 167
-306 163
-298 157
-298 161
-326 169
-334 179
-314 177
-318 177
-314 177
-314 175
-310 169
-354 175
-338 163
-330 155
-326 169
-326 175
-314 171
-318 175
-290 159
-314 169
-346 185
-378 205
-358 189
-366 195
-318 173
-286 155
-274 145
-262 135
-274 151
-298 149
-294 145
-334 159
-334 171
-322 161
-358 165
-366 161
-338 151
-326 147
-342 133
-318 111
-310 95
-310 91
-314 89
-254 69
-290 75
-270 85
-298 89
-274 83
-278 81
-270 85
-274 85
-230 73
-250 89
-262 105
-318 127
-294 119
-266 87
-274 105
-242 107
-254 107
-230 67
-226 59
-214 87
-282 71
-310 79
-258 71
-242 89
-246 101
-262 105
-298 113
-286 103
-266 89
-298 95
-290 101
-318 123
-314 125
-302 135
-334 161
-310 143
-322 121
-330 133
-350 139
-338 135
-314 135
-302 123
-330 121
-338 133
-318 151
-346 141
-310 123
-286 121
-274 123
-278 139
-286 129
-338 151
-334 149
-326 137
-314 137
-302 137
-318 145
-322 169
-322 173
-314 165
-358 169
-330 147
-306 137
-318 149
-318 177
-322 187
-282 169
-298 157
-342 171
-322 161
-290 141
-274 135
-314 153
-310 157
-286 165
-282 143
-290 153
-302 147
-286 145
-290 141
-326 161
-318 165
-358 181
-322 173
-310 171
-310 177
-274 151
-282 169
-314 167
-322 169
-302 167
-302 171
-314 181
-286 129
-266 123
-302 153
-334 183
-330 189
-358 195
-338 191
-374 199
-366 189
-310 165
-362 177
-330 171
-326 173
-306 171
-306 169
-354 183
-350 189
-314 179
-358 197
-358 199
-366 199
-366 203
-334 187
-314 183
-330 183
-314 173
-306 157
-334 189
-346 177
-338 181
-310 173
-350 189
-346 189
-298 169
-306 175
-326 181
-362 199
-366 197
-326 183
-326 173
-350 191
-370 203
-366 201
-370 199
-374 203
-374 203
-366 201
-386 207
-350 193
-358 189
-350 183
-370 187
-342 175
-338 159
-354 179
-282 157
-330 165
-322 169
-302 155
-270 151
-306 153
-322 153
-326 161
-334 183
-314 175
-354 197
-334 189
-370 201
-354 191
-350 193
-374 201
-354 191
-342 193
-346 193
-318 169
-322 169
-358 193
-322 169
-346 185
-342 185
-370 193
-370 193
-350 187
-338 179
-318 173
-322 187
-322 173
-334 171
-342 191
-322 177
-318 175
-302 161
-286 159
-258 145
-298 153
-314 153
-294 145
-266 147
-290 145
-314 149
-254 129
-270 127
-294 145
-282 131
-290 103
-286 109
-306 121
-286 127
-302 131
-326 151
-306 155
-290 149
-278 135
-274 139
-290 123
-298 123
-298 105
-318 93
-266 101
-238 97
-262 97
-314 117
-314 125
-326 147
-322 173
-346 183
-302 153
-302 145
-310 167
-314 155
-274 155
-258 153
-298 163
-282 157
-298 171
-258 149
-306 161
-314 157
-306 145
-278 147
-334 171
-334 171
-358 189
-346 189
-386 203
-350 193
-366 197
-334 183
-334 189
-322 177
-354 189
-394 197
-346 191
-350 193
-342 185
-374 203
-362 197
-390 207
-390 205
-386 205
-354 195
-330 187
-310 177
-326 177
-318 171
-314 161
-326 177
-326 175
-338 167
-330 165
-302 161
-326 183
-338 187
-346 183
-306 163
-314 169
-338 165
-366 183
-342 169
-326 175
-346 191
-342 183
-382 203
-298 175
-330 179
-338 187
-306 177
-318 177
-342 179
-370 197
-378 201
-326 181
-310 173
-298 155
-290 153
-322 175
-342 183
-322 185
-330 177
-326 165
-310 163
-358 191
-350 191
-410 213
-418 217
-382 205
-374 203
-374 203
-386 209
-358 193
-338 179
-342 181
-382 199
-378 203
-386 209
-390 209
-362 199
-350 193
-378 203
-354 195
-346 193
-322 187
-334 189
-362 193
-370 201
-314 175
-362 199
-334 185
-334 193
-322 179
-338 193
-394 207
-410 213
-410 215
-378 201
-382 201
-346 187
-330 183
-350 185
-350 193
-346 185
-310 167
-346 171
-290 155
-310 167
-294 161
-298 151
-338 177
-322 169
-334 181
-358 189
-382 197
-354 185
-306 165
-310 165
-354 179
-298 165
-358 195
-334 189
-374 201
-370 201
-362 195
-370 199
-358 191
-322 173
-322 167
-282 143
-278 127
-266 123
-282 117
-246 107
-262 109
-250 105
-294 103
-314 123
-310 111
-290 85
-258 75
-270 57
-302 59
-290 63
-278 71
-290 81
-286 73
-310 97
-294 101
-302 115
-314 127
-262 139
-278 133
-298 143
-298 147
-314 143
-306 155
-290 135
-266 133
-286 147
-282 163
-246 145
-306 173
-326 175
-326 159
-306 157
-334 183
-326 175
-326 169
-322 177
-294 177
-342 195
-358 193
-422 217
-382 205
-350 185
-354 191
-366 195
-390 203
-374 201
-354 191
-338 189
-330 183
-342 189
-366 195
-342 177
-346 177
-326 175
-298 165
-298 167
-266 155
-270 151
-314 171
-338 189
-378 199
-346 185
-346 185
-362 195
-362 201
-386 207
-382 203
-362 195
-362 201
-374 203
-366 195
-306 175
-310 157
-282 155
-266 141
-334 171
-334 175
-338 175
-338 179
-354 183
-378 199
-362 189
-350 185
-342 183
-318 177
-318 167
-342 177
-314 159
-322 141
-278 129
-254 111
-266 115
-306 107
-318 109
-290 121
-250 121
-294 151
-314 149
-270 165
-278 165
-338 187
-342 189
-358 193
-338 177
-358 175
-330 177
-306 157
-286 149
-290 161
-314 165
-322 177
-330 181
-342 181
-374 199
-334 185
-318 181
-362 195
-322 183
-338 181
-334 179
-338 181
-354 189
-354 189
-314 173
-314 163
-330 169
-314 169
-294 167
-286 135
-274 139
-314 161
-342 175
-326 183
-322 173
-326 177
-314 173
-354 187
-366 187
-334 165
-358 183
-278 153
-294 155
-254 141
-266 153
-298 161
-302 149
-274 127
-306 143
-302 157
-322 169
-342 167
-342 177
-354 179
-354 181
-338 175
-326 173
-342 179
-354 177
-338 161
-322 151
-310 143
-350 155
-326 151
-326 139
-310 149
-294 131
-298 121
-270 113
-278 111
-306 127
-294 127
-262 135
-266 127
-278 135
-298 151
-318 169
-314 169
-294 155
-318 153
-326 149
-286 139
-310 137
-306 135
-294 129
-270 109
-286 99
-258 115
-302 151
-298 131
-286 105
-262 103
-290 117
-238 109
-278 121
-294 137
-298 141
-274 141
-274 137
-310 171
-286 165
-314 177
-298 163
-326 171
-294 149
-314 147
-302 147
-258 121
-270 131
-282 147
-314 149
-306 133
-298 137
-282 117
-254 121
-266 119
-254 127
-222 83
-246 75
-266 73
-266 75
-274 75
-286 91
-290 95
-246 91
-222 91
-254 131
-262 137
-246 103
-234 101
-258 137
-286 109
-262 95
-242 67
-262 59
-250 67
-222 75
-286 97
-302 95
-290 87
-314 115
-294 105
-278 99
-254 99
-262 97
-262 111
-274 125
-290 125
-294 107
-310 95
-290 59
-282 53
-274 77
-282 73
-306 79
-282 81
-270 59
-270 49
-262 15
-258 15
-262 37
-250 37
-238 43
-238 59
-246 53
-274 65
-298 83
-274 83
-282 115
-266 133
-338 165
-310 159
-298 161
-286 151
-322 181
-330 181
-346 187
-302 171
-330 175
-334 179
-330 173
-274 137
-310 169
-322 181
-314 167
-318 179
-346 185
-362 191
-366 193
-338 181
-326 179
-266 155
-322 161
-318 173
-334 177
-338 157
-362 167
-338 165
-306 165
-322 163
-302 153
-354 155
-342 159
-338 161
-334 153
-314 151
-342 161
-330 159
-322 161
-318 153
-346 173
-334 167
-350 167
-346 157
-306 143
-286 153
-270 133
-250 117
-286 123
-274 127
-274 119
-302 119
-258 109
-302 137
-302 137
-310 143
-298 137
-290 147
-314 159
-322 167
-322 175
-350 193
-342 183
-322 179
-330 173
-306 165
-278 149
-290 159
-338 175
-278 127
-310 137
-298 135
-314 143
-294 143
-286 153
-302 165
-322 173
-338 183
-362 197
-350 189
-350 187
-366 181
-314 155
-302 149
-346 165
-334 161
-310 145
-302 153
-326 149
-302 137
-278 135
-290 111
-314 95
-270 85
-258 91
-222 69
-194 35
-238 21
-230 17
-230 13
-206 33
-218 13
-226 5
-230 13
-258 15
-270 35
-258 47
-258 51
-282 73
-282 91
-302 85
-282 83
-298 95
-278 81
-266 103
-254 89
-298 83
-282 83
-294 93
-318 89
-294 97
-278 99
-290 79
-290 77
-278 77
-310 71
-294 65
-282 65
-278 31
-306 35
-258 21
-286 19
-306 7
-258 13
-258 45
-290 69
-262 83
-278 53
-290 47
-254 57
-234 45
-262 49
-258 71
-242 85
-302 73
-290 73
-282 75
-294 73
-290 47
-294 41
-294 39
-258 37
-242 23
-222 9
-254 11
-262 11
-266 47
-286 43
-274 49
-274 57
-306 61
-270 31
-230 35
-230 49
-226 49
-242 45
-282 33
-250 49
-246 25
-254 27
-258 53
-238 55
-258 55
-266 35
-294 43
-310 39
-298 41
-266 1
-242 15
-250 13
-258 3
-318 1
-302 1
-274 27
-290 39
-286 25
-270 11
-282 35
-250 51
-266 35
-250 25
-234 13
-214 37
-230 41
-218 37
-218 51
-214 35
-266 83
-282 93
-274 95
-298 111
-302 103
-298 103
-250 91
-294 123
-318 143
-298 145
-282 145
-270 141
-270 141
-306 139
-318 167
-306 161
-350 185
-298 157
-310 153
-294 149
-294 159
-274 151
-330 169
-326 167
-306 155
-338 163
-338 161
-306 155
-282 135
-318 147
-318 145
-322 159
-346 161
-330 157
-318 149
-310 145
-286 147
-318 145
-322 145
-298 135
-298 167
-314 173
-282 163
-302 167
-270 155
-294 159
-282 159
-326 165
-322 153
-330 147
-330 145
-330 151
-354 159
-286 127
-338 139
-330 123
-318 129
-286 111
-310 109
-290 109
-290 107
-322 133
-298 127
-274 141
-322 151
-298 145
-290 135
-318 157
-282 151
-314 163
-306 151
-270 147
-298 169
-302 163
-306 175
-306 167
-338 175
-330 161
-314 145
-286 109
-274 89
-278 81
-286 107
-258 103
-254 91
-274 91
-302 115
-298 121
-298 121
-298 123
-290 111
-250 115
-246 121
-314 153
-286 143
-266 127
-266 107
-274 123
-238 135
-254 121
-258 121
-290 149
-302 157
-298 137
-254 123
-286 141
-298 129
-302 125
-326 127
-326 145
-370 185
-338 183
-346 189
-354 183
-366 191
-334 171
-294 167
-342 191
-350 193
-322 173
-310 169
-302 155
-326 165
-346 183
-326 165
-310 147
-322 155
-350 161
-354 181
-342 161
-326 167
-358 175
-362 177
-318 155
-354 153
-338 145
-314 135
-290 131
-322 131
-286 145
-322 157
-298 157
-306 147
-314 151
-330 171
-346 177
-358 181
-374 205
-326 175
-294 167
-298 169
-326 179
-326 177
-314 163
-298 153
-270 143
-278 151
-286 149
-286 121
-230 107
-274 87
-274 85
-270 85
-254 81
-234 87
-242 91
-234 101
-254 103
-258 111
-258 125
-278 121
-286 117
-278 111
-294 107
-290 113
-254 95
-254 109
-246 73
-222 95
-230 79
-262 79
-274 57
-294 45
-290 31
-266 39
-270 23
-306 21
-274 19
-266 9
-266 13
-266 31
-258 19
-254 37
-258 37
-286 5
-242 13
-226 13
-262 3
-282 31
-262 29
-238 3
-258 17
-258 15
-246 13
-266 3
-262 27
-262 35
-246 31
-258 29
-234 11
-258 1
-222 31
-254 39
-266 19
-258 29
-250 15
-258 41
-234 55
-218 55
-214 65
-242 99
-214 91
-254 85
-230 83
-218 75
-226 89
-274 91
-270 97
-278 111
-246 103
-234 105
-262 109
-250 117
-274 139
-294 111
-270 119
-290 139
-314 159
-346 179
-350 177
-322 159
-302 161
-282 165
-286 155
-310 145
-318 155
-334 163
-354 179
-362 189
-358 191
-334 185
-342 191
-294 175
-314 179
-274 165
-282 161
-274 153
-306 163
-310 157
-350 169
-310 141
-294 125
-318 125
-270 109
-286 127
-242 89
-218 79
-278 113
-242 73
-222 79
-242 57
-254 65
-286 69
-266 75
-290 65
-254 87
-246 63
-226 69
-246 59
-242 59
-226 73
-246 67
-234 39
-262 45
-266 51
-242 65
-250 75
-270 69
-258 81
-266 57
-278 45
-246 25
-234 27
-230 7
-238 19
-250 29
-242 25
-246 21
-270 19
-274 3
-274 7
-262 1
-226 1
-230 3
-266 19
-282 41
-246 53
-262 95
-270 99
-214 79
-286 127
-270 117
-254 137
-302 149
-338 159
-326 165
-310 153
-266 145
-266 139
-278 147
-234 123
-258 125
-298 149
-310 173
-306 165
-302 151
-294 159
-326 177
-330 171
-338 179
-358 177
-342 173
-326 165
-286 147
-310 167
-310 171
-302 159
-314 167
-290 165
-314 171
-330 187
-310 165
-294 163
-302 161
-322 175
-294 169
-318 183
-330 173
-326 169
-354 189
-334 183
-330 181
-342 191
-374 199
-350 179
-350 185
-326 181
-342 179
-306 169
-306 169
-290 155
-286 151
-258 139
-306 163
-294 157
-298 153
-282 137
-274 127
-266 127
-242 101
-270 109
-306 125
-286 135
-274 151
-262 141
-270 147
-298 165
-314 175
-338 179
-294 159
-330 177
-322 183
-370 205
-366 201
-390 207
-398 203
-366 195
-362 199
-370 203
-358 197
-346 191
-370 191
-334 187
-366 193
-346 193
-330 181
-306 171
-378 199
-382 203
-314 181
-302 165
-318 173
-286 167
-342 181
-298 161
-310 169
-278 149
-314 177
-270 151
-222 133
-286 147
-334 161
-334 161
-286 137
-326 147
-314 145
-306 131
-258 115
-290 131
-318 157
-318 169
-366 191
-378 203
-354 195
-358 195
-378 203
-334 183
-294 173
-362 199
-386 207
-386 207
-366 199
-350 191
-354 197
-362 195
-374 201
-382 207
-406 211
-382 203
-386 205
-414 211
-366 201
-342 189
-306 177
-346 189
-318 175
-362 195
-326 179
-330 179
-378 195
-398 197
-366 187
-342 191
-350 195
-278 157
-286 139
-298 127
-298 149
-290 155
-322 179
-358 195
-366 197
-378 201
-374 203
-350 195
-346 189
-366 195
-334 189
-322 185
-314 183
-378 203
-314 179
-294 165
-306 179
-330 189
-378 203
-342 181
-362 189
-334 183
-310 181
-334 183
-346 181
-346 181
-382 199
-406 213
-374 201
-390 207
-354 189
-322 179
-334 183
-338 175
-362 185
-354 195
-326 173
-350 177
-342 177
-318 177
-330 187
-330 187
-318 181
-330 177
-330 171
-298 165
-290 155
-322 177
-310 171
-306 167
-306 165
-318 167
-306 161
-318 175
-382 205
-398 211
-394 205
-402 211
-390 205
-362 193
-338 179
-350 183
-358 185
-346 187
-350 191
-326 185
-330 179
-362 185
-350 181
-342 173
-326 177
-350 191
-362 195
-382 201
-382 207
-374 197
-366 201
-374 205
-366 199
-382 201
-382 207
-382 205
-342 193
-362 203
-354 191
-334 179
-310 165
-302 149
-306 159
-266 145
-302 155
-318 159
-310 157
-374 195
-362 199
-358 195
-374 201
-298 171
-326 175
-354 193
-342 187
-350 195
-390 205
-346 195
-358 195
-362 195
-410 213
-378 201
-406 213
-382 205
-374 201
-366 201
-362 197
-362 197
-382 203
-390 209
-374 203
-362 201
-354 195
-362 197
-330 181
-286 161
-322 171
-282 157
-354 189
-338 185
-326 181
-314 163
-322 151
-326 165
-326 167
-326 163
-326 179
-342 187
-358 197
-322 179
-370 195
-374 197
-326 185
-330 177
-302 161
-306 165
-266 131
-294 127
-346 107
-318 99
-314 121
-330 121
-286 99
-294 97
-298 101
-302 93
-274 69
-266 83
-238 91
-210 79
-238 89
-210 53
-234 67
-242 79
-250 67
-242 65
-254 73
-274 77
-306 79
-322 97
-298 99
-314 101
-310 91
-286 91
-278 69
-294 81
-274 89
-318 117
-314 113
-298 115
-298 107
-306 125
-266 111
-234 111
-274 111
-306 97
-282 93
-286 65
-258 47
-250 43
-250 45
-254 71
-266 39
-230 49
-254 53
-250 35
-238 29
-218 31
-250 25
-250 21
-218 33
-218 19
-250 3
-266 27
-274 19
-250 43
-278 81
-282 79
-310 73
-306 61
-258 63
-246 39
-270 31
-238 23
-294 1
-274 9
-254 5
-274 3
-274 13
-242 9
-198 29
-270 13
-274 31
-266 27
-250 15
-242 3
-254 9
-254 7
-266 5
-270 23
-258 23
-270 21
-234 45
-222 33
-226 25
-218 3
-258 9
-282 13
-242 15
-254 17
-254 11
-258 13
-262 17
-262 5
-254 15
-218 49
-226 21
-218 17
-218 35
-250 17
-262 27
-242 19
-218 31
-250 55
-234 53
-266 49
-238 69
-274 53
-290 81
-286 57
-282 97
-254 109
-210 103
-234 127
-278 157
-258 133
-282 135
-298 125
-318 117
-298 125
-294 153
-310 155
-310 165
-346 189
-346 187
-318 175
-314 177
-326 185
-330 183
-358 189
-358 195
-354 189
-366 199
-374 203
-382 205
-382 203
-358 197
-370 195
-374 195
-358 193
-338 183
-322 179
-322 183
-318 181
-346 189
-390 207
-378 203
-374 199
-350 195
-330 187
-302 173
-326 161
-318 161
-270 139
-266 119
-254 117
-246 129
-234 129
-230 103
-202 95
-210 73
-214 107
-234 115
-270 125
-278 131
-294 147
-342 185
-326 187
-378 199
-382 201
-362 195
-342 189
-334 187
-378 187
-358 177
-326 173
-330 181
-366 189
-366 193
-342 189
-302 179
-342 191
-370 199
-402 203
-366 187
-330 183
-326 171
-310 159
-306 157
-314 163
-330 181
-342 189
-346 185
-378 203
-394 209
-362 195
-290 165
-322 167
-330 165
-302 155
-278 147
-278 133
-254 133
-258 143
-302 151
-258 147
-282 145
-298 167
-330 173
-286 153
-302 169
-338 185
-302 171
-318 179
-286 165
-338 179
-350 183
-346 185
-366 189
-378 179
-338 157
-306 129
-306 121
-302 117
-306 137
-298 127
-306 139
-318 161
-358 177
-350 183
-350 185
-366 177
-350 179
-350 191
-314 177
-306 173
-334 187
-354 191
-346 187
-298 167
-302 181
-374 203
-346 191
-318 171
-306 165
-306 171
-358 189
-354 191
-354 185
-362 197
-366 197
-386 205
-330 187
-318 163
-322 163
-318 145
-254 117
-278 107
-266 125
-222 111
-262 137
-294 155
-314 165
-350 167
-342 165
-334 157
-314 137
-306 149
-298 151
-310 143
-298 145
-342 149
-338 163
-334 165
-306 147
-314 145
-326 141
-314 147
-310 141
-314 153
-322 159
-302 151
-266 139
-266 141
-294 157
-302 155
-326 157
-298 147
-310 159
-314 163
-302 171
-350 187
-330 179
-334 175
-310 167
-310 169
-310 171
-286 167
-274 145
-262 155
-302 177
-318 173
-314 171
-334 173
-270 153
-302 163
-302 157
-282 147
-270 145
-286 147
-274 133
-250 129
-290 135
-326 145
-302 129
-294 125
-294 131
-322 139
-322 137
-322 117
-290 111
-294 139
-258 117
-274 119
-278 103
-266 113
-262 105
-218 107
-218 89
-246 89
-214 91
-230 93
-226 99
-230 89
-258 99
-270 119
-278 139
-278 141
-274 149
-298 153
-318 179
-366 193
-386 205
-382 207
-342 189
-342 189
-338 193
-338 191
-342 187
-322 179
-354 191
-326 183
-322 175
-342 187
-362 199
-358 197
-358 195
-370 199
-378 199
-362 189
-302 175
-302 173
-302 165
-294 159
-278 145
-266 141
-294 153
-314 149
-278 145
-298 159
-306 157
-310 165
-334 185
-294 169
-294 163
-334 185
-318 171
-310 167
-334 175
-374 187
-326 165
-334 179
-346 177
-338 185
-350 189
-346 191
-374 197
-358 189
-350 189
-370 201
-338 193
-330 189
-342 191
-318 181
-298 167
-286 153
-322 175
-290 153
-302 165
-314 167
-318 163
-322 165
-306 171
-342 179
-362 189
-358 193
-378 205
-366 191
-402 207
-402 207
-358 185
-350 183
-322 171
-330 161
-310 173
-338 189
-354 185
-334 185
-350 187
-370 199
-398 207
-370 201
-346 195
-338 191
-346 193
-330 185
-354 197
-402 213
-374 205
-374 199
-366 191
-350 185
-346 187
-298 171
-350 187
-370 203
-374 199
-354 191
-358 195
-346 189
-314 185
-346 193
-378 205
-394 209
-346 195
-366 199
-362 197
-386 207
-374 205
-378 205
-374 199
-386 205
-334 179
-318 169
-294 159
-282 143
-342 161
-278 165
-290 161
-346 187
-342 177
-358 191
-326 183
-326 189
-362 181
-362 167
-342 157
-374 177
-318 153
-342 167
-334 179
-350 171
-342 183
-334 169
-322 171
-302 161
-294 151
-330 177
-322 179
-362 199
-358 191
-374 203
-350 195
-386 207
-362 187
-366 195
-358 195
-338 183
-350 189
-374 203
-318 183
-342 189
-330 189
-370 195
-374 185
-350 179
-358 165
-326 161
-322 139
-314 147
-326 145
-318 143
-306 119
-306 129
-254 101
-294 81
-282 97
-298 109
-270 101
-214 83
-238 91
-290 93
-266 67
-206 49
-246 39
-226 51
-206 51
-246 67
-270 67
-262 51
-246 29
-226 45
-230 61
-234 65
-250 83
-246 59
-278 45
-282 29
-286 45
-270 39
-290 57
-286 45
-258 61
-262 93
-290 89
-298 103
-318 113
-318 139
-298 119
-270 113
-254 115
-270 117
-270 123
-278 117
-290 133
-282 121
-302 125
-306 129
-290 113
-286 131
-314 159
-318 161
-314 175
-302 169
-330 185
-334 179
-338 185
-342 191
-362 187
-374 205
-370 199
-366 201
-342 185
-330 163
-298 155
-298 157
-242 115
-246 119
-278 147
-274 151
-314 153
-322 159
-334 171
-334 159
-274 139
-286 133
-278 133
-302 145
-354 161
-330 171
-326 169
-354 183
-350 189
-354 185
-322 165
-326 173
-302 153
-270 151
-306 173
-298 165
-350 175
-378 185
-358 183
-342 183
-342 183
-390 207
-378 199
-370 197
-362 191
-350 195
-374 197
-374 195
-354 197
-318 183
-378 197
-378 203
-378 203
-342 189
-330 179
-366 199
-366 199
-418 215
-378 203
-378 203
-382 201
-358 193
-338 193
-354 195
-342 179
-322 177
-378 201
-354 195
-398 209
-386 207
-402 213
-386 207
-394 209
-374 203
-398 211
-402 213
-370 199
-366 193
-398 207
-386 201
-390 201
-382 187
-358 185
-294 169
-358 187
-390 201
-390 197
-354 189
-398 203
-390 203
-322 171
-294 163
-298 161
-358 189
