14 11
-342 183
-370 199
-378 199
-382 205
-334 191
-338 189
-342 181
-346 171
-374 185
-378 191
-390 189
-378 191
-370 187
-338 167
-318 175
-358 197
-362 197
-330 183
-390 193
-398 203
-382 199
-382 205
-342 191
-350 195
-314 177
-350 187
-342 181
-334 179
-322 171
-318 171
-354 193
-302 173
-322 177
-334 185
-294 177
-338 189
-370 201
-346 195
-306 179
-310 179
-346 189
-318 179
-306 173
-318 175
-338 181
-338 181
-302 167
-314 169
-298 165
-290 147
-298 145
-294 147
-274 115
-246 117
-278 97
-282 109
-250 111
-242 107
-286 129
-262 125
-310 139
-286 135
-302 155
-286 151
-282 139
-286 135
-278 127
-286 129
-322 139
-338 139
-338 143
-318 123
-306 111
-330 131
-290 113
-314 125
-306 121
-302 133
-278 129
-282 151
-330 177
-358 179
-326 173
-314 173
-342 185
-322 167
-306 169
-318 177
-286 157
-254 153
-350 189
-326 171
-346 177
-322 169
-326 165
-314 165
-330 157
-306 165
-318 151
-338 165
-310 163
-310 169
-326 163
-310 165
-254 139
-258 145
-294 157
-330 159
-294 135
-290 127
-278 143
-266 109
-266 111
-266 123
-282 145
-282 155
-326 153
-310 141
-310 133
-298 137
-282 123
-282 131
-314 147
-342 161
-326 161
-322 167
-330 151
-358 161
-326 135
-318 139
-322 169
-322 159
-330 173
-322 169
-294 169
-274 161
-294 171
-322 167
-326 175
-350 181
-314 169
-298 151
-298 151
-266 159
-230 137
-218 111
-270 127
-254 143
-290 147
-338 177
-314 167
-334 185
-314 171
-302 163
-326 177
-322 177
-342 181
-294 147
-294 137
-306 153
-298 161
-330 165
-294 163
-314 167
-298 153
-326 161
-374 175
-358 171
-374 179
-338 169
-334 175
-318 163
-294 149
-306 143
-298 145
-302 131
-338 149
-334 159
-314 147
-342 147
-346 145
-346 161
-346 163
-330 177
-346 185
-362 195
-358 197
-366 199
-386 203
-354 195
-374 203
-382 207
-350 195
-350 193
-310 185
-342 191
-362 191
-334 179
-326 173
-314 175
-310 171
-342 187
-366 193
-330 181
-302 169
-322 169
-366 177
-354 185
-402 205
-370 199
-346 189
-366 191
-346 193
-358 199
-274 165
-330 189
-358 197
-406 213
-370 203
-378 205
-378 199
-354 191
-370 195
-334 187
-342 185
-350 183
-346 193
-310 179
-350 183
-342 183
-342 179
-338 189
-330 185
-342 173
-370 181
-366 181
-346 183
-310 179
-302 171
-330 181
-394 205
-390 209
-430 219
-418 217
-358 191
-346 181
-354 191
-318 179
-282 171
-302 171
-334 167
-322 171
-362 187
-334 189
-282 165
-294 173
-230 141
-290 159
-362 181
-306 169
-334 163
-334 167
-330 159
-378 177
-366 177
-318 165
-322 157
-326 151
-310 159
-310 151
-282 151
-330 153
-330 169
-298 151
-314 147
-294 123
-274 123
-254 109
-266 121
-310 139
-310 127
-314 147
-318 163
-326 159
-334 165
-334 159
-338 145
-318 133
-286 127
-286 149
-354 177
-334 173
-318 163
-302 167
-302 173
-270 163
-318 175
-314 167
-318 163
-314 155
-334 169
-318 157
-318 161
-302 143
-286 141
-278 119
-278 133
-318 117
-270 101
-242 101
-278 123
-330 153
-334 145
-302 131
-250 91
-274 85
-282 85
-262 75
-274 65
-258 55
-254 47
-250 49
-270 35
-258 11
-258 5
-254 25
-226 9
-214 21
-186 11
-174 19
-194 5
-222 11
-266 15
-266 35
-246 79
-246 71
-254 83
-290 93
-258 61
-258 45
-290 65
-262 43
-234 43
-250 27
-270 11
-234 17
-258 59
-278 85
-270 101
-262 97
-250 95
-258 123
-262 99
-254 73
-262 75
-270 97
-242 93
-246 67
-246 65
-234 61
-262 77
-298 83
-278 71
-270 73
-290 85
-302 83
-250 67
-250 39
-242 39
-266 53
-286 43
-262 43
-278 23
-270 33
-282 51
-270 23
-242 21
-242 3
-266 11
-286 19
-274 15
-238 9
-270 7
-234 29
-266 13
-246 27
-274 31
-250 35
-238 27
-266 37
-282 21
-290 41
-310 47
-278 57
-302 69
-278 79
-282 97
-298 107
-286 95
-278 79
-266 61
-262 63
-298 63
-298 69
-306 69
-282 85
-258 69
-266 77
-274 85
-298 105
-270 97
-282 115
-262 109
-266 115
-262 127
-250 113
-258 113
-258 111
-286 109
-282 121
-258 95
-262 101
-262 97
-294 111
-262 113
-254 117
-258 133
-258 123
-278 127
-294 105
-294 95
-258 91
-234 65
-258 83
-254 71
-282 73
-274 63
-246 57
-278 55
-266 45
-262 53
-282 87
-346 123
-330 117
-286 97
-298 81
-318 97
-302 99
-298 81
-298 87
-274 99
-278 111
-290 113
-286 123
-318 133
-298 135
-286 135
-338 161
-338 149
-294 137
-322 169
-334 171
-334 181
-302 177
-326 181
-318 185
-358 195
-374 201
-362 201
-386 203
-370 199
-358 195
-346 197
-394 211
-382 205
-374 201
-382 205
-378 205
-366 201
-366 197
-386 207
-406 211
-406 211
-410 213
-386 207
-370 197
-366 197
-358 199
-338 193
-302 181
-342 189
-366 193
-330 177
-346 191
-346 191
-362 197
-362 197
-362 197
-346 185
-346 189
-362 191
-366 191
-366 193
-358 191
-362 195
-310 171
-278 167
-318 183
-354 189
-350 191
-338 187
-302 177
-322 175
-322 175
-314 171
-338 183
-354 193
-354 191
-322 169
-326 173
-314 171
-342 183
-346 193
-354 193
-346 183
-338 181
-318 169
-334 169
-266 161
-314 173
-326 175
-362 197
-346 187
-322 175
-302 173
-298 153
-294 159
-310 171
-346 179
-326 175
-330 181
-306 175
-310 171
-334 179
-294 155
-314 175
-330 177
-354 189
-334 177
-322 167
-290 165
-282 149
-294 149
-310 159
-310 147
-318 155
-306 151
-290 153
-266 157
-302 161
-318 159
-286 139
-334 159
-302 163
-314 169
-342 177
-330 173
-322 175
-326 187
-342 179
-310 163
-278 131
-310 155
-294 161
-286 151
-330 169
-342 177
-330 177
-314 165
-322 161
-298 163
-342 173
-302 165
-318 161
-294 147
-290 157
-298 155
-338 171
-354 197
-366 195
-358 191
-322 169
-310 171
-310 157
-310 171
-318 173
-290 155
-294 145
-234 103
-226 83
-222 49
-238 53
-246 41
-258 29
-250 35
-234 33
-222 19
-202 29
-222 5
-222 13
-242 5
-234 3
-218 41
-238 41
-274 41
-254 51
-242 49
-234 77
-250 105
-254 105
-266 101
-294 113
-266 107
-266 133
-282 139
-314 145
-310 141
-274 137
-258 117
-318 137
-290 139
-302 129
-310 121
-302 119
-302 119
-282 119
-270 95
-266 95
-250 105
-294 129
-286 125
-290 137
-310 133
-326 137
-326 159
-354 177
-338 181
-354 187
-318 177
-318 183
-314 177
-298 165
-310 183
-322 183
-378 199
-362 195
-390 203
-350 195
-354 193
-362 187
-350 189
-346 185
-330 177
-354 175
-322 159
-274 141
-302 137
-310 147
-330 129
-358 109
-322 121
-306 115
-306 121
-330 119
-314 133
-274 127
-278 121
-258 119
-238 105
-238 99
-218 87
-242 83
-234 99
-246 113
-254 117
-238 85
-250 97
-250 101
-274 123
-282 145
-302 147
-302 147
-274 139
-286 135
-282 145
-290 127
-258 125
-238 131
-278 149
-270 127
-294 159
-282 139
-274 135
-266 119
-266 121
-254 103
-270 95
-278 83
-290 89
-282 91
-278 63
-242 69
-254 77
-278 89
-262 77
-238 59
-230 43
-286 27
-270 11
-262 3
-246 15
-246 19
-250 9
-226 7
-266 23
-222 21
-274 1
-218 7
-250 11
-250 5
-234 13
-218 27
-250 69
-262 71
-274 103
-294 99
-294 131
-318 149
-322 143
-290 121
-262 113
-262 109
-230 91
-258 95
-246 91
-234 73
-242 55
-266 41
-258 31
-266 53
-238 47
-250 47
-238 53
-278 33
-234 37
-234 71
-266 75
-238 69
-250 55
-250 71
-274 69
-266 71
-254 73
-250 79
-286 67
-278 77
-310 63
-310 65
-290 81
-274 61
-302 57
-246 41
-282 65
-290 91
-302 57
-314 71
-306 81
-286 81
-290 61
-310 47
-294 35
-278 41
-282 33
-310 37
-322 29
-302 23
-298 39
-286 57
-274 23
-290 13
-278 17
-246 11
-266 15
-234 19
-230 23
-270 33
-262 39
-242 53
-234 63
-262 61
-238 53
-238 39
-266 43
-278 47
-298 51
-306 53
-274 75
-238 65
-262 85
-246 35
-198 31
-214 39
-282 79
-274 81
-274 73
-262 83
-254 65
-262 53
-270 81
-278 97
-262 91
-246 109
-258 111
-258 119
-306 151
-278 141
-302 123
-334 135
-306 135
-294 109
-294 133
-286 117
-290 127
-322 149
-306 151
-322 155
-302 141
-274 121
-242 105
-290 125
-294 111
-290 95
-282 113
-294 105
-270 99
-274 115
-266 105
-298 115
-290 115
-306 113
-314 135
-350 155
-334 161
-342 145
-314 139
-326 129
-338 141
-310 141
-266 129
-294 129
-290 147
-286 139
-270 127
-258 117
-266 103
-290 119
-286 123
-254 123
-270 131
-278 141
-302 161
-286 165
-286 163
-310 173
-298 157
-310 149
-346 149
-342 153
-318 157
-306 147
-306 139
-298 153
-266 133
-262 133
-266 115
-310 141
-334 153
-326 147
-282 131
-294 151
-322 161
-294 147
-298 139
-294 151
-306 141
-294 133
-250 133
-286 125
-302 139
-314 151
-330 153
-314 155
-306 151
-310 147
-326 159
-326 157
-298 147
-290 155
-306 165
-346 187
-350 195
-350 189
-362 189
-354 191
-318 177
-270 153
-310 165
-318 179
-322 175
-342 187
-306 179
-334 185
-342 185
-302 179
-290 159
-318 169
-290 167
-282 167
-282 171
-282 165
-278 153
-310 155
-286 151
-298 165
-326 177
-334 169
-310 165
-310 151
-290 139
-290 125
-306 147
-310 147
-282 143
-270 127
-282 159
-290 169
-290 161
-314 171
-318 163
-286 151
-278 153
-286 139
-298 145
-326 151
-326 147
-286 145
-302 177
-318 179
-306 167
-338 179
-310 165
-334 175
-318 169
-354 187
-354 191
-370 197
-390 203
-378 203
-362 197
-370 199
-378 197
-350 193
-338 175
-346 155
-326 153
-246 125
-270 125
-290 131
-294 135
-306 155
-282 125
-258 121
-282 107
-278 75
-262 59
-242 61
-238 63
-230 61
-262 71
-290 83
-270 87
-258 85
-250 91
-242 71
-246 89
-230 83
-218 95
-218 61
-222 69
-198 77
-202 67
-218 65
-242 55
-250 81
-190 51
-222 75
-254 115
-286 139
-290 139
-278 145
-302 161
-298 149
-290 141
-302 161
-314 157
-294 159
-326 161
-338 175
-326 159
-310 145
-306 143
-350 169
-322 169
-330 167
-334 185
-338 183
-322 177
-338 183
-314 153
-342 153
-310 157
-278 145
-326 149
-294 139
-310 119
-286 123
-270 111
-270 125
-286 139
-346 165
-342 165
-350 167
-298 161
-342 177
-346 171
-354 195
-302 169
-346 179
-314 163
-330 171
-350 187
-318 179
-346 195
-358 193
-358 195
-362 193
-362 199
-374 201
-366 197
-374 201
-366 203
-370 199
-330 185
-314 181
-310 181
-318 173
-314 173
-302 167
-306 171
-290 153
-286 137
-298 141
-302 151
-286 149
-290 161
-294 169
-266 151
-310 153
-326 169
-342 171
-314 161
-282 161
-306 169
-346 187
-330 183
-354 185
-334 185
-310 177
-338 193
-314 179
-342 183
-342 181
-318 175
-338 183
-350 193
-370 197
-362 195
-390 203
-382 207
-374 205
-366 201
-354 187
-338 177
-342 181
-338 173
-298 153
-294 147
-350 165
-338 177
-282 143
-278 143
-262 115
-286 137
-290 133
-282 107
-282 77
-238 61
-214 43
-226 61
-214 59
-226 31
-194 37
-234 33
-218 33
-230 35
-246 39
-270 37
-294 41
-290 49
-278 41
-266 63
-246 75
-250 81
-262 85
-242 85
-262 89
-234 71
-266 63
-266 35
-290 49
-306 27
-266 19
-282 21
-290 1
-250 31
-302 31
-278 29
-258 21
-274 49
-262 53
-222 43
-266 51
-226 47
-242 21
-282 7
-286 3
-294 11
-330 3
-314 9
-286 7
-294 7
-290 1
-238 19
-270 49
-246 33
-282 39
-274 31
-298 31
-278 35
-262 41
-266 63
-298 107
-274 99
-262 85
-230 93
-258 87
-262 77
-214 73
-226 91
-230 91
-258 111
-286 97
-274 85
-282 83
-266 59
-306 79
-302 49
-334 69
-298 45
-294 53
-286 47
-246 51
-266 83
-282 79
-282 91
-270 93
-270 101
-242 111
-298 127
-310 121
-302 113
-330 139
-346 161
-326 145
-326 133
-342 137
-270 133
-302 147
-258 123
-270 133
-266 137
-250 115
-262 111
-298 131
-294 123
-282 119
-278 101
-270 85
-250 71
-222 79
-218 65
-238 93
-254 79
-226 91
-258 103
-250 103
-238 111
-274 145
-290 151
-234 145
-282 147
-294 143
-302 157
-290 161
-318 171
-302 163
-302 167
-322 173
-314 163
-346 175
-334 173
-338 181
-294 169
-302 163
-302 159
-302 167
-302 173
-298 165
-318 173
-350 191
-346 187
-354 197
-370 203
-378 203
-398 209
-406 213
-346 191
-362 197
-330 183
-314 171
-334 159
-330 167
-322 163
-290 155
-314 159
-330 173
-310 161
-322 167
-318 167
-326 167
-330 179
-290 153
-310 175
-334 187
-326 185
-346 187
-330 181
-334 183
-370 191
-374 197
-346 189
-322 173
-314 155
-266 143
-314 169
-322 157
-294 145
-294 155
-290 143
-342 151
-342 167
-362 155
-322 155
-302 141
-298 129
-314 141
-342 149
-306 169
-334 163
-318 169
-318 153
-278 143
-286 141
-266 137
-266 131
-254 113
-234 101
-246 127
-242 87
-262 95
-246 103
-278 127
-286 113
-258 97
-230 123
-258 125
-302 139
-266 145
-302 161
-330 187
-374 201
-342 191
-342 193
-350 195
-338 193
-378 205
-346 195
-382 201
-378 201
-374 199
-370 197
-350 183
-338 183
-342 179
-354 191
-386 205
-402 211
-326 183
-338 189
-326 175
-338 163
-326 159
-322 149
-322 147
-330 155
-306 143
-290 139
-242 121
-294 139
-346 159
-294 151
-254 131
-298 139
-250 121
-294 123
-290 135
-286 143
-326 135
-314 153
-326 165
-350 169
-358 169
-378 177
-318 159
-330 163
-342 165
-290 163
-326 185
-322 171
-330 181
-326 181
-382 203
-390 207
-390 209
-406 213
-370 203
-370 195
-350 183
-366 197
-342 193
-362 197
-358 185
-346 185
-346 187
-334 173
-346 185
-366 193
-334 177
-330 173
-350 177
-310 177
-318 163
-310 159
-262 153
-310 159
-302 157
-314 165
-342 179
-366 189
-326 175
-290 169
-298 155
-306 169
-310 149
-318 165
-322 159
-310 153
-302 145
-318 139
-330 165
-306 171
-342 181
-338 185
-378 201
-350 191
-338 187
-374 195
-394 207
-386 205
-402 211
-374 203
-410 215
-378 199
-342 183
-338 187
-318 171
-310 171
-322 175
-330 177
-286 159
-294 167
-314 167
-330 181
-318 167
-358 187
-358 183
-378 193
-362 193
-366 201
-358 197
-326 185
-338 191
-370 197
-418 215
-390 205
-406 211
-410 213
-406 213
-378 203
-354 189
-382 205
-342 183
-326 181
-322 183
-366 199
-382 205
-406 213
-382 199
-394 209
-378 201
-374 197
-362 189
-366 199
-310 177
-282 161
-298 169
-342 191
-394 211
-366 199
-370 201
-338 189
-346 181
-358 193
-358 195
-386 201
-354 183
-342 179
-326 181
-318 175
-314 181
-346 179
-342 175
-350 181
-354 187
-350 177
-362 175
-362 175
-334 161
-294 165
-322 161
-286 143
-282 135
-294 135
-294 129
-326 157
-338 169
-342 149
-274 141
-294 135
-270 143
-294 145
-298 133
-310 135
-286 153
-274 147
-290 121
-282 115
-270 119
-258 111
-266 129
-310 165
-350 185
-306 163
-326 169
-346 175
-342 193
-354 195
-342 191
-354 193
-370 201
-394 209
-374 203
-362 197
-310 163
-306 155
-318 167
-338 177
-338 187
-342 185
-370 197
-354 189
-358 187
-302 157
-342 191
-354 193
-330 183
-322 181
-362 199
-374 203
-370 201
-358 197
-346 187
-354 191
-366 197
-306 175
-318 165
-298 159
-322 173
-322 169
-334 167
-314 159
-318 147
-318 137
-302 141
-322 135
-250 109
-290 125
-294 133
-278 121
-266 115
-254 91
-270 103
-262 95
-234 79
-266 77
-246 79
-242 89
-234 91
-250 99
-250 69
-242 57
-238 45
-266 41
-258 45
-262 63
-226 59
-210 75
-226 75
-250 81
-262 101
-266 105
-278 79
-290 95
-298 95
-282 73
-262 75
-242 57
-262 65
-254 33
-222 21
-222 25
-242 53
-262 33
-262 39
-258 43
-266 61
-290 71
-226 49
-246 37
-246 37
-230 41
-230 23
-250 31
-234 17
-270 13
-270 1
-246 3
-234 1
-266 29
-282 31
-282 49
-246 57
-238 71
-214 33
-234 23
-226 3
-242 7
-238 3
-206 5
-262 1
-246 27
-234 29
-242 23
-278 23
-250 9
-298 1
-286 31
-286 29
-298 13
-266 9
-274 13
-238 3
-238 23
-222 15
-222 35
-238 31
-238 31
-242 7
-250 5
-262 31
-238 45
-246 71
-262 91
-282 105
-290 115
-286 119
-286 133
-270 121
-290 109
-266 123
-286 141
-282 155
-322 177
-314 163
-294 163
-266 155
-334 169
-310 151
-322 163
-330 177
-298 157
-270 135
-266 133
-270 139
-306 151
-310 139
-314 153
-310 127
-294 121
-294 111
-290 109
-330 161
-358 151
-346 139
-354 147
-314 145
-346 149
-346 145
-302 137
-326 123
-310 117
-302 105
-270 91
-282 107
-274 89
-274 89
-270 93
-238 91
-234 89
-254 101
-322 131
-358 149
-326 143
-306 129
-306 123
-274 119
-286 147
-274 143
-274 151
-282 135
-254 121
-242 133
-262 141
-314 169
-334 185
-334 187
-334 181
-370 195
-418 215
-386 205
-334 193
-378 207
-394 207
-378 193
-406 205
-350 195
-402 213
-374 203
-374 203
-358 195
-398 211
-358 195
-350 187
-334 183
-330 187
-354 185
-354 185
-322 177
-326 187
-334 183
-330 185
-330 177
-350 189
-342 193
-362 193
-342 171
-302 153
-286 137
-298 137
-310 143
-314 141
-242 111
-282 117
-290 135
-310 127
-290 139
-262 133
-266 111
-226 89
-238 79
-286 97
-294 85
-298 89
-298 89
-282 77
-254 65
-250 43
-262 17
-234 5
-258 1
-250 1
-266 19
-270 5
-234 7
-266 37
-254 65
-226 35
-214 85
-222 101
-298 113
-286 113
-254 113
-258 129
-282 143
-314 147
-282 125
-250 119
-298 143
-342 151
-310 141
-278 137
-306 151
-298 123
-306 123
-334 157
-330 169
-346 181
-310 163
-302 159
-302 153
-314 163
-290 153
-318 165
-330 167
-342 183
-358 189
-318 177
-342 193
-386 207
-386 199
-350 193
-366 193
-334 177
-298 163
-310 163
-302 157
-302 157
-314 153
-334 153
-334 149
-314 131
-326 133
-314 133
-286 139
-254 127
-242 121
-294 135
-282 135
-298 129
-286 129
-270 113
-258 107
-242 107
-278 107
-298 111
-290 109
-322 139
-334 149
-314 145
-306 147
-326 153
-338 167
-310 167
-282 161
-306 165
-330 155
-294 135
-298 137
-302 131
-302 133
-306 131
-306 111
-290 81
-298 89
-262 97
-226 85
-242 65
-214 47
-234 71
-254 91
-270 121
-286 113
-274 91
-274 111
-318 153
-334 159
-322 157
-302 135
-314 153
-298 147
-234 119
-258 141
-270 153
-250 149
-258 147
-278 155
-286 139
-266 129
-302 139
-310 139
-254 119
-298 161
-322 175
-326 177
-326 175
-306 163
-326 161
-298 163
-282 147
-318 169
-338 181
-322 183
-338 191
-314 171
-334 185
-334 189
-322 187
-330 185
-330 185
-338 193
-370 197
-382 201
-350 179
-334 167
-282 133
-266 121
-238 109
-274 109
-262 117
-270 135
-242 133
-266 137
-294 143
-314 169
-322 181
-338 179
-342 181
-318 175
-346 193
-370 199
-338 187
-326 185
-370 203
-358 195
-354 195
-342 187
-330 181
-354 195
-358 195
-370 203
-350 195
-302 173
-266 155
-294 165
-326 181
-306 177
-310 177
-362 197
-378 201
-362 195
-334 179
-342 179
-366 185
-358 193
-346 189
-358 193
-330 185
-314 171
-318 175
-354 185
-338 187
-358 195
-430 219
-406 211
-354 189
-346 183
-358 187
-318 165
-298 167
-338 177
-366 199
-342 189
-362 187
-282 155
-334 177
-278 159
-282 141
-306 133
-286 149
-266 127
-274 157
-294 165
-302 165
-326 177
-354 195
-366 197
-338 187
-314 179
-350 183
-298 163
-314 169
-322 167
-310 169
-310 173
-338 185
-326 179
-346 183
-326 179
-366 199
-342 187
-342 191
-338 189
-338 185
-330 183
-338 189
-334 183
-362 193
-346 187
-374 203
-390 203
-370 195
-354 187
-378 195
-382 205
-366 203
-390 209
-390 209
-434 221
-382 207
-382 205
-370 205
-362 199
-358 197
-314 181
-346 189
-358 201
-342 193
-326 179
-326 179
-378 203
-406 213
-342 195
-346 191
-354 193
-366 199
-342 183
-354 193
-334 177
-326 173
-302 159
-334 165
-322 169
-310 163
-278 149
-326 159
-306 135
-266 123
-254 119
-198 107
-254 111
-242 95
-226 117
-298 145
-290 143
-298 151
-330 171
-326 173
-354 191
-370 195
-362 195
-374 199
-402 211
-386 209
-370 205
-330 181
-318 173
-306 161
-290 155
-302 161
-338 173
-298 151
-326 155
-338 145
-310 129
-282 127
-306 147
-286 147
-322 165
-310 165
-294 169
-278 167
-294 163
-290 167
-334 171
-330 179
-338 181
-338 181
-330 173
-318 171
-310 157
-334 173
-326 165
-334 159
-310 157
-334 177
-346 175
-358 177
-358 173
-318 173
-290 155
-314 155
-274 137
-326 149
-306 141
-306 151
-278 143
-290 141
-290 137
-302 135
-302 135
-334 147
-330 157
-326 151
-330 143
-322 149
-306 141
-350 143
-322 155
-314 141
-334 129
-306 123
-330 131
-294 123
-250 117
-290 141
-298 147
-298 139
-318 161
-334 179
-334 183
-334 175
-342 179
-310 171
-306 167
-322 171
-330 181
-322 189
-366 201
-374 197
-322 183
-342 187
-362 197
-378 201
-366 199
-358 191
-334 185
-322 175
-318 177
-306 169
-354 179
-298 161
-294 149
-282 135
-326 143
-314 143
-314 117
-306 133
-302 147
-294 147
-310 153
-310 151
-286 139
-298 159
-298 165
-330 163
-314 167
-346 173
-346 177
-306 147
-314 147
-314 163
-342 175
-338 159
-374 183
-334 175
-302 167
-334 189
-330 187
-334 187
-322 185
-310 175
-362 193
-322 183
-286 163
-302 173
-330 181
-326 173
-318 175
-330 181
-310 173
-322 173
-334 185
-382 203
-354 195
-358 191
-342 185
-342 179
-334 179
-358 185
-342 187
-338 187
-354 197
-366 195
-298 165
-314 165
-346 183
-350 185
-342 181
-370 199
-330 189
-358 199
-366 201
-374 201
-386 199
-362 197
-334 187
-334 183
-350 195
-342 183
-346 179
-330 167
-338 177
-346 181
-346 183
-318 167
-358 185
-374 195
-370 193
-342 177
-350 181
-402 201
-394 197
-370 197
-354 197
-370 199
-338 187
-302 163
-338 195
-310 181
-314 173
-358 183
-302 157
-290 151
-270 137
-286 147
-250 125
-246 123
-254 125
-246 131
-302 163
-282 153
-282 149
-274 157
-302 163
-290 165
-318 173
-326 159
-294 157
-346 169
-314 167
-310 165
-310 161
-342 179
-314 165
-322 163
-298 161
-306 153
-294 145
-314 153
-286 131
-274 147
-330 157
-290 141
-306 139
-298 149
-330 147
-322 145
-378 183
-358 181
-334 187
-326 177
-334 185
-330 189
-334 183
-306 165
-290 155
-278 157
-282 155
-286 167
-326 187
-330 185
-342 191
-342 189
-314 171
-350 185
-350 191
-362 199
-366 195
-346 187
-294 169
-358 197
-390 201
-374 199
-362 195
-318 171
-354 181
-346 183
-350 181
-322 181
-330 177
-274 151
-298 153
-314 155
-314 153
-270 121
-250 101
-262 117
-290 141
-270 145
-282 129
-298 133
-254 109
-274 127
-318 135
-334 147
-330 145
-334 131
-318 143
-298 139
-318 169
-330 179
-346 179
-318 159
-294 135
-322 155
-358 159
-310 161
-282 131
-274 135
-318 151
-330 171
-302 159
-266 143
-318 165
-346 179
-270 127
-282 127
-262 125
-242 105
-282 115
-270 123
-282 139
-306 143
-278 149
-254 141
-306 155
-290 149
-302 137
-306 151
-282 143
-318 149
-306 145
-310 135
-318 151
-326 159
-346 161
-326 165
-330 161
-310 167
-310 159
-306 157
-302 145
-342 161
-346 163
-346 161
-334 179
-366 191
-326 183
-354 197
-386 207
-374 203
-338 181
-358 197
-370 201
-362 195
-350 197
-334 179
-358 165
-314 165
-310 159
-306 157
-354 187
-330 165
-322 165
-302 163
-326 169
-366 187
-366 187
-358 193
-350 181
-386 191
-366 195
-306 149
-290 133
-282 137
-274 153
-338 161
-334 159
-342 167
-342 151
-338 165
-354 175
-354 171
-322 175
-354 185
-362 187
-354 195
-378 195
-322 177
-370 193
-334 183
-346 181
-302 159
-326 167
-318 163
-322 177
-322 177
-362 197
-354 195
-370 195
-354 189
-334 187
-334 179
-334 185
-334 183
-346 177
-338 169
-302 153
-298 155
-362 171
-350 159
-338 157
-346 147
-286 127
-310 135
-318 135
-270 129
-286 131
-262 113
-254 113
-286 101
-246 103
-234 111
-222 95
-246 93
-242 109
-262 73
-218 63
-254 67
-238 57
-258 69
-262 67
-218 87
-254 81
-242 99
-250 101
-270 103
-274 127
-302 155
-282 149
-274 151
-318 171
-286 147
-306 153
-306 153
-302 153
-298 139
-302 153
-294 155
-278 121
-314 145
-310 141
-302 139
-250 143
-294 151
-258 147
-262 143
-318 151
-290 141
-318 159
-310 163
-282 147
-302 141
-314 151
-330 159
-314 151
-294 139
-306 155
-278 151
-286 139
-334 153
-330 141
-338 163
-354 159
-334 167
-330 175
-342 185
-322 183
-358 199
-402 211
-326 185
-298 169
-278 147
-294 155
-278 135
-278 131
-282 141
-266 131
-246 101
