-12 12
-296 40
-312 38
-332 28
-336 34
-364 42
-420 78
-452 92
-432 92
-448 90
-420 84
-440 72
-416 68
-448 80
-428 68
-448 86
-420 72
-424 30
-388 4
-416 20
-404 0
-452 22
-408 10
-420 14
-428 28
-452 18
-432 30
-452 42
-520 52
-472 76
-432 78
-416 66
-396 64
-404 22
-368 34
-376 10
-376 6
-356 14
-408 40
-448 36
-412 108
-356 160
-388 148
-396 148
-432 180
-380 184
-400 188
-472 222
-500 224
-528 224
-544 258
-484 240
-548 280
-564 294
-548 272
-612 302
-592 278
-600 270
-564 264
-532 276
-552 280
-508 260
-496 276
-488 262
-492 248
-484 256
-512 268
-524 264
-520 268
-524 282
-560 294
-580 298
-580 300
-564 294
-604 304
-584 314
-588 298
-584 308
-612 314
-608 324
-568 300
-580 300
-564 286
-592 302
-584 298
-540 264
-528 244
-528 208
-452 212
-452 206
-464 176
-424 168
-440 160
-464 134
-500 152
-480 134
-464 108
-452 80
-480 72
-504 88
-464 62
-500 44
-492 72
-500 46
-492 48
-472 46
-444 26
-416 6
-376 50
-424 32
-452 6
-460 46
-440 40
-448 42
-440 32
-476 42
-444 42
-472 58
-468 62
-480 82
-516 102
-536 106
-548 138
-508 116
-516 126
-540 122
-524 92
-516 122
-492 104
-528 120
-516 128
-476 124
-484 126
-480 146
-484 156
-496 152
-428 132
-376 82
-360 54
-396 72
-412 94
-424 94
-420 100
-452 112
-420 130
-420 142
-444 114
-428 108
-448 126
-488 132
-480 132
-436 108
-468 98
-464 104
-464 100
-452 126
-472 156
-488 136
-508 156
-532 188
-532 172
-536 166
-520 164
-504 150
-528 170
-532 150
-504 156
-480 134
-508 146
-496 116
-500 130
-536 132
-512 106
-512 130
-536 130
-492 120
-492 124
-496 110
-508 100
-536 122
-528 102
-556 86
-560 86
-520 68
-504 88
-468 86
-516 70
-552 68
-464 60
-516 54
-484 42
-424 56
-436 34
-484 106
-472 118
-456 74
-404 76
-436 56
-464 22
-440 24
-448 48
-484 68
-508 82
-440 58
-484 2
-484 2
-468 12
-524 4
-568 10
-524 18
-496 14
-492 26
-444 16
-484 14
-508 10
-500 22
-472 16
-408 8
-464 18
-472 18
-448 8
-440 0
-468 16
-460 2
-416 18
-440 8
-488 8
-472 14
-408 12
-452 48
-488 66
-480 64
-452 104
-468 108
-548 124
-524 96
-528 94
-496 114
-512 92
-512 58
-528 60
-512 60
-512 74
-492 52
-512 72
-488 70
-428 52
-388 46
-400 88
-384 138
-436 124
-432 76
-460 112
-488 122
-536 124
-548 106
-528 94
-472 82
-500 78
-452 50
-460 84
-440 38
-420 44
-392 8
-384 40
-412 30
-352 98
-400 114
-388 118
-424 98
-396 94
-404 120
-460 150
-452 164
-520 210
-568 252
-620 262
-560 256
-536 240
-544 246
-472 256
-512 280
-496 272
-512 280
-512 266
-580 306
-552 312
-628 340
-568 318
-520 258
-580 290
-564 286
-572 282
-560 262
-596 256
-544 244
-508 208
-528 192
-548 190
-536 196
-524 180
-480 192
-508 190
-496 186
-508 184
-508 160
-504 140
-492 134
-540 114
-484 120
-456 142
-484 118
-520 100
-472 82
-516 48
-536 72
-480 80
-428 98
-440 66
-372 94
-432 66
-484 82
-504 70
-524 50
-460 14
-452 32
-424 18
-408 48
-384 2
-396 6
-404 38
-368 24
-416 16
-448 36
-424 16
-424 36
-408 24
-412 32
-412 46
-452 36
-480 4
-444 16
-464 36
-436 44
-448 44
-440 28
-472 24
-480 22
-432 56
-432 30
-396 38
-420 30
-444 40
-424 44
-484 4
-444 24
-484 10
-504 36
-484 48
-432 52
-424 44
-464 34
-488 2
-492 20
-484 22
-436 12
-460 26
-464 60
-480 60
-504 72
-472 56
-432 54
-480 92
-452 80
-432 60
-424 80
-468 70
-428 24
-408 8
-432 14
-432 22
-416 26
-400 0
-408 18
-392 24
-404 22
-452 16
-452 6
-460 16
-448 26
-452 30
-388 62
-388 38
-408 32
-424 18
-452 12
-520 18
-504 30
-468 26
-424 40
-424 2
-480 40
-492 36
-480 50
-500 76
-468 54
-472 68
-476 68
-424 54
-420 72
-432 56
-432 36
-472 2
-432 8
-484 36
-472 24
-452 32
-456 34
-460 20
-468 14
-504 18
-440 14
-448 14
-424 2
-480 0
-492 2
-492 22
-480 34
-452 58
-492 10
-504 2
-476 18
-536 38
-520 26
-556 4
-532 22
-512 16
-480 36
-464 14
-420 18
-488 26
-472 12
-516 4
-528 16
-552 20
-460 6
-516 18
-468 34
-512 10
-540 34
-452 8
-444 28
-444 34
-420 50
-380 94
-440 110
-448 94
-428 102
-408 52
-504 66
-472 80
-452 62
-384 44
-396 64
-456 24
-440 38
-444 34
-496 2
-476 10
-416 4
-404 4
-432 6
-432 8
-380 6
-400 18
-412 28
-408 12
-416 22
-444 60
-488 76
-460 72
-472 62
-480 40
-468 16
-492 26
-468 18
-476 8
-500 2
-492 8
-480 6
-408 30
-448 72
-432 96
-480 74
-468 70
-416 56
-460 50
-464 88
-460 100
-420 86
-432 88
-448 82
-464 84
-444 116
-448 138
-464 148
-488 204
-544 242
-532 258
-572 300
-556 302
-572 300
-568 310
-616 308
-572 298
-552 284
-504 272
-524 274
-592 300
-524 274
-520 262
-540 256
-552 254
-596 292
-628 308
-632 302
-604 304
-620 324
-536 294
-524 294
-548 288
-564 282
-548 290
-596 298
-576 304
-592 312
-600 322
-584 316
-572 286
-504 268
-536 264
-512 248
-556 266
-524 244
-540 258
-540 266
-556 268
-552 276
-616 296
-608 288
-652 290
-636 302
-524 244
-488 230
-460 232
-448 254
-484 256
-500 250
-524 276
-532 268
-572 296
-544 282
-516 282
-536 296
-492 274
-520 254
-480 262
-508 236
-492 248
-532 276
-500 270
-524 276
-524 262
-540 256
-548 238
-532 244
-488 240
-496 234
-496 230
-480 232
-504 240
-500 226
-548 220
-556 250
-556 240
-548 224
-532 208
-492 196
-520 176
-512 146
-512 122
-492 140
-520 116
-512 152
-472 128
-540 172
-504 134
-476 108
-476 92
-432 46
-476 16
-496 6
-448 16
-444 16
-412 52
-416 94
-460 78
-484 76
-464 94
-488 116
-464 110
-404 86
-440 114
-428 128
-436 126
-484 174
-488 178
-516 196
-524 206
-548 190
-512 174
-464 168
-496 160
-472 142
-496 152
-540 176
-540 168
-576 204
-548 210
-536 206
-516 206
-516 214
-488 198
-496 202
-504 192
-552 202
-536 180
-492 174
-444 172
-492 204
-464 198
-468 190
-436 200
-476 184
-516 196
-484 208
-508 172
-464 182
-424 184
-448 206
-436 188
-484 190
-548 194
-544 202
-520 188
-496 190
-528 202
-556 196
-540 204
-516 202
-540 238
-564 242
-572 232
-548 216
-492 216
-548 210
-576 212
-520 194
-496 192
-496 186
-452 192
-432 182
-484 204
-520 214
-580 254
-548 282
-540 292
-560 312
-568 312
-556 286
-480 232
-472 242
-412 204
-456 204
-516 246
-536 252
-560 284
-576 298
-608 284
-572 264
-548 262
-588 278
-580 296
-580 290
-576 294
-568 288
-544 282
-532 288
-552 296
-524 280
-532 274
-472 240
-512 262
-520 252
-532 248
-572 226
-536 236
-504 230
-480 208
-564 258
-524 236
-500 248
-528 272
-508 240
-512 236
-520 254
-500 252
-452 220
-476 214
-496 214
-472 226
-512 244
-500 224
-488 196
-492 204
-548 224
-540 212
-544 218
-560 240
-564 260
-564 278
-548 282
-516 274
-500 270
-540 280
-596 292
-548 258
-504 266
-484 254
-480 222
-528 228
-552 248
-556 254
-540 242
-532 248
-548 234
-536 238
-504 200
-548 214
-528 200
-536 226
-484 212
-492 206
-492 204
-476 190
-452 206
-464 232
-484 250
-512 258
-464 226
-512 220
-484 216
-552 272
-512 254
-568 274
-576 270
-524 266
-536 272
-552 308
-620 330
-596 322
-568 306
-584 320
-624 332
-576 296
-592 320
-556 314
-544 304
-536 272
-496 266
-540 274
-532 282
-592 290
-592 298
-584 298
-588 306
-532 290
-544 268
-560 290
-536 280
-516 250
-544 260
-556 292
-604 310
-548 288
-564 290
-552 294
-572 286
-520 252
-516 262
-476 232
-476 228
-464 242
-488 244
-476 254
-496 250
-484 244
-524 246
-532 256
-512 230
-540 218
-524 228
-448 246
-532 264
-524 260
-524 258
-536 274
-532 286
-500 276
-520 288
-556 304
-544 300
-544 302
-612 326
-580 304
-560 292
-580 300
-580 300
-560 280
-612 302
-596 314
-592 310
-584 312
-576 302
-576 308
-568 294
-572 286
-556 284
-556 272
-520 244
-540 248
-564 270
-520 228
-476 220
-504 240
-476 248
-472 252
-508 256
-556 250
-496 216
-528 210
-508 208
-512 196
-488 192
-428 160
-436 184
-500 180
-492 196
-516 210
-548 218
-568 254
-552 232
-552 234
-540 234
-528 240
-548 250
-604 280
-612 294
-616 298
-532 274
-576 276
-552 270
-568 262
-476 230
-492 250
-476 244
-488 244
-448 230
-472 242
-492 254
-508 252
-468 218
-464 190
-468 168
-456 182
-444 190
-476 210
-500 220
-488 190
-492 188
-536 206
-544 172
-532 198
-552 222
-492 224
-504 206
-484 192
-428 188
-428 182
-480 220
-488 196
-508 212
-512 238
-540 226
-532 244
-552 260
-556 276
-556 274
-568 276
-552 272
-508 246
-524 244
-504 234
-540 242
-576 230
-532 220
-532 206
-512 228
-484 234
-452 230
-548 252
-580 266
-548 270
-584 284
-556 288
-644 328
-632 328
-596 326
-612 324
-612 322
-644 316
-588 288
-620 316
-620 326
-600 324
-652 342
-624 328
-604 326
-572 316
-516 302
-536 316
-572 308
-568 296
-620 318
-632 326
-592 322
-584 328
-628 332
-632 336
-628 344
-564 322
-536 306
-568 308
-576 298
-540 276
-544 268
-572 256
-552 218
-508 222
-512 228
-512 254
-512 256
-540 270
-572 274
-584 282
-576 288
-472 258
-524 284
-596 304
-596 326
-592 318
-600 336
-600 340
-608 332
-588 334
-608 334
-608 326
-620 306
-572 300
-544 296
-572 320
-588 318
-604 326
-604 336
-648 350
-600 334
-640 332
-620 328
-580 316
-640 322
-628 316
-596 292
-612 304
-620 326
-572 300
-564 300
-560 284
-580 290
-552 296
-544 290
-536 306
-544 290
-520 288
-548 292
-512 278
-516 248
-480 234
-508 232
-524 238
-524 244
-580 238
-484 226
-488 196
-536 206
-520 210
-528 232
-528 234
-492 212
-500 242
-516 274
-544 264
-556 276
-580 282
-536 260
-536 274
-524 274
-504 236
-548 252
-564 270
-568 268
-572 280
-556 264
-528 236
-540 216
-480 220
-480 222
-548 246
-528 236
-528 226
-504 224
-560 244
-552 234
-600 266
-544 260
-488 252
-528 236
-524 254
-496 232
-488 242
-460 220
-468 226
-460 228
-524 256
-508 260
-532 254
-528 278
-568 308
-572 290
-536 272
-532 260
-528 278
-592 296
-588 294
-576 288
-556 262
-532 250
-560 262
-624 302
-540 274
-504 262
-540 274
-564 266
-572 240
-536 224
-488 244
-536 282
-556 276
-536 264
-596 304
-556 306
-548 302
-556 314
-508 286
-580 320
-620 338
-696 370
-652 338
-604 312
-584 312
-612 326
-580 316
-568 300
-572 314
-568 304
-520 262
-468 232
-464 210
-472 196
-424 156
-460 172
-428 170
-416 140
-428 148
-424 184
-480 214
-420 178
-420 180
-356 168
-396 158
-376 144
-404 130
-400 144
-432 168
-412 168
-460 154
-416 122
-444 152
-460 138
-408 148
-424 212
-456 210
-472 204
-440 188
-448 142
-452 152
-428 156
-440 138
-472 126
-440 120
-420 138
-400 136
-412 142
-460 164
-376 142
-420 186
-424 172
-424 172
-416 142
-436 124
-408 110
-384 92
-360 110
-388 98
-404 116
-428 114
-392 128
-420 118
-444 160
-468 178
-460 204
-548 212
-520 190
-516 196
-520 226
-536 224
-584 268
-576 276
-568 294
-592 304
-580 318
-564 306
-576 288
-596 304
-600 310
-564 302
-592 320
-616 338
-632 340
-652 354
-636 340
-632 346
-672 348
-648 346
-624 330
-604 340
-644 344
-664 352
-660 348
-608 328
-624 342
-548 316
-580 312
-544 300
-584 326
-568 314
-536 294
-528 304
-516 292
-572 308
-568 308
-544 294
-504 264
-596 280
-516 266
-496 266
-516 276
-480 248
-484 246
-492 238
-464 234
-464 226
-500 212
-512 222
-504 226
-492 256
-564 286
-572 284
-568 266
-532 260
-552 254
-508 242
-488 246
-524 268
-552 286
-592 304
-572 308
-512 288
-552 316
-640 336
-520 274
-528 276
-476 248
-540 286
-528 274
-556 290
-568 296
-536 276
-540 280
-528 266
-544 282
-544 296
-560 298
-532 284
-552 298
-544 292
-584 310
-576 314
-564 312
-512 284
-528 276
-560 288
-568 302
-484 274
-508 276
-520 266
-504 266
-444 228
-428 226
-460 276
-468 258
-476 264
-504 274
-580 308
-600 302
-588 320
-564 318
-564 306
-528 298
-612 330
-588 314
-552 282
-568 300
-548 306
-520 294
-580 312
-512 274
-488 232
-472 222
-560 264
-512 268
-544 278
-620 306
-600 310
-572 306
-632 324
-616 326
-580 308
-600 314
-608 302
-604 302
-628 318
-636 340
-604 310
-596 324
-580 320
-596 314
-532 294
-564 276
-536 260
-520 254
-604 270
-644 290
-632 298
-616 306
-588 302
-556 296
-560 306
-540 288
-564 278
-496 242
-576 256
-516 244
-508 222
-584 256
-572 256
-516 232
-532 238
-516 230
-528 232
-516 228
-508 234
-480 228
-508 268
-508 276
-540 290
-536 294
-496 276
-564 288
-580 298
-608 320
-604 302
-580 314
-604 322
-576 296
-448 232
-508 232
-512 240
-500 242
-468 236
-512 252
-492 232
-520 244
-568 258
-568 254
-528 226
-592 254
-560 226
-572 232
-556 234
-508 226
-476 210
-496 202
-456 190
-456 170
-508 214
-480 216
-516 252
-576 276
-596 290
-612 284
-576 264
-548 258
-512 256
-532 214
-516 204
-512 224
-516 246
-524 254
-512 212
-468 178
-492 172
-508 146
-516 166
-488 158
-540 162
-484 166
-428 138
-412 152
-376 138
-408 172
-392 162
-420 162
-456 164
-500 182
-528 204
-488 214
-452 158
-440 130
-416 146
-444 136
-432 128
-404 100
-388 106
-324 68
-412 64
-400 70
-420 72
-416 64
-432 44
-448 24
-380 2
-360 4
-432 24
-460 4
-440 10
-456 38
-424 58
-408 96
-456 54
-432 64
-476 80
-476 130
-520 152
-464 152
-440 122
-412 100
-424 114
-452 132
-444 106
-440 88
-416 104
-412 134
-452 154
-412 136
-396 130
-460 182
-488 206
-472 188
-476 206
-472 172
-444 188
-496 210
-524 258
-520 252
-532 234
-524 198
-572 220
-524 220
-532 236
-584 272
-576 284
-524 284
-540 304
-596 318
-568 278
-516 258
-544 270
-564 284
-564 290
-532 286
-476 256
-540 256
-484 238
-540 258
-508 260
-468 240
-456 232
-464 262
-484 242
-528 258
-516 246
-540 244
-480 212
-456 188
-500 208
-524 228
-464 224
-440 182
-416 154
-460 166
-480 194
-496 208
-508 240
-564 240
-500 228
-484 254
-512 264
-524 256
-560 268
-620 290
-568 276
-576 274
-560 288
-616 298
-540 268
-496 262
-512 252
-532 224
-528 242
-500 220
-516 244
-528 264
-512 278
-548 286
-524 274
-512 264
-488 230
-508 216
-440 188
-436 182
-496 220
-476 194
-456 178
-404 176
-492 216
-472 174
-508 212
-492 202
-504 234
-476 190
-420 126
-404 134
-412 158
-408 136
-456 126
-480 170
-472 184
-440 202
-440 216
-532 246
-456 224
-496 216
-540 234
-540 224
-440 192
-428 184
-436 168
-496 196
-588 212
-536 182
-532 200
-472 214
-452 186
-468 148
-448 100
-432 94
-448 86
-444 108
-448 110
-456 116
-460 150
-492 160
-500 162
-524 194
-464 166
-468 162
-464 178
-452 218
-480 238
-508 278
-556 306
-564 294
-536 282
-504 278
-512 276
-568 286
-556 266
-544 276
-592 296
-588 298
-596 314
-592 296
-532 278
-540 286
-564 310
-568 308
-528 302
-516 256
-484 240
-524 260
-440 222
-516 248
-512 262
-508 268
-540 256
-540 276
-532 280
-508 254
-552 280
-572 294
-560 284
-604 324
-612 322
-624 316
-604 294
-636 300
-604 300
-612 302
-624 310
-604 306
-524 258
-520 234
-532 268
-528 282
-580 300
-564 312
-608 318
-632 328
-576 304
-584 304
-580 304
-560 302
-600 320
-600 324
-544 306
-580 318
-604 326
-572 316
-568 308
-532 302
-556 300
-544 302
-532 290
-560 296
-604 328
-560 310
-544 310
-568 318
-608 332
-532 278
-544 286
-564 278
-528 248
-592 280
-588 270
-556 268
-552 254
-532 242
-544 264
-580 258
-500 226
-536 234
-580 246
-552 250
-508 240
-500 244
-508 250
-516 266
-452 236
-488 244
-528 242
-552 266
-524 232
-472 220
-492 212
-500 220
-476 204
-468 184
-532 212
-568 204
-540 218
-544 246
-556 220
-576 224
-548 228
-580 226
-552 222
-524 202
-500 220
-456 208
-492 230
-516 212
-540 214
-532 168
-508 186
-496 182
-476 142
-444 138
-408 102
-492 132
-452 114
-480 116
-492 148
-484 138
-504 138
-488 150
-492 122
-556 100
-540 110
-496 98
-468 84
-492 70
-516 94
-480 88
-492 108
-492 78
-464 56
-460 72
-512 70
-476 64
-476 64
-440 40
-412 10
-408 16
-432 28
-472 50
-492 90
-496 68
-504 94
-536 94
-464 116
-492 134
-512 138
-496 136
-532 190
-448 186
-452 188
-468 202
-484 214
-452 210
-516 226
-528 238
-528 232
-492 236
-492 216
-432 216
-456 226
-460 224
-504 226
-504 258
-492 258
-492 270
-512 252
-528 242
-480 198
-488 216
-452 212
-500 210
-496 226
-472 234
-496 238
-496 240
-560 250
-548 252
-504 240
-492 252
-548 258
-524 254
-492 244
-524 238
-556 256
-556 248
-504 248
-500 234
-484 220
-468 250
-520 292
-472 242
-504 258
-516 276
-540 284
-528 246
-504 214
-508 226
-436 200
-456 178
-492 230
-456 218
-512 212
-520 204
-496 204
-540 216
-508 206
-536 208
-496 204
-516 214
-528 204
-472 176
-484 152
-472 142
-448 146
-428 138
-472 136
-444 150
-436 166
-448 140
-424 128
-444 136
-484 134
-528 150
-488 176
-520 192
-540 216
-532 228
-532 226
-532 216
-468 204
-504 204
-492 218
-508 230
-472 206
-508 234
-500 228
-492 212
-536 246
-492 222
-492 230
-524 238
-568 258
-568 256
-524 230
-436 212
-476 224
-484 210
-512 222
-540 202
-528 200
-488 212
-512 234
-480 248
-548 266
-512 262
-584 272
-564 282
-520 268
-572 310
-560 292
-540 280
-520 260
-544 272
-536 298
-588 316
-576 310
-616 324
-580 328
-612 340
-656 346
-592 332
-632 338
-608 320
-600 308
-544 278
-560 286
-508 252
-504 242
-448 208
-488 232
-492 234
-492 218
-468 200
-448 174
-452 188
-428 148
-428 118
-436 172
-412 180
-444 190
-472 216
-540 228
-532 228
-540 252
-524 272
-560 262
-528 254
-488 236
-508 242
-548 280
-564 298
-576 314
-592 324
-572 318
-564 318
-604 334
-584 316
-652 348
-636 350
-616 338
-600 334
-636 348
-636 348
-616 338
-624 324
-588 332
-628 322
-584 302
-540 286
-520 248
-496 246
-528 254
-528 264
-524 252
-528 272
-524 276
-568 270
-544 276
-584 298
-588 300
-536 266
-568 276
-580 254
-576 218
-556 204
-564 218
-584 220
-588 246
-556 202
-504 184
-504 170
-480 152
-484 132
-452 118
-416 94
-432 136
-472 144
-448 154
-464 140
-472 166
-452 148
-484 176
-484 164
-492 198
-544 220
-600 252
-516 234
-516 242
-532 242
-524 268
-500 282
-540 296
-532 296
-532 286
-540 280
-524 264
-536 232
-496 244
-516 266
-552 276
-480 232
-456 230
-480 260
-480 270
-468 264
-424 234
-400 214
-488 240
-500 274
-492 254
-552 288
-564 288
-580 302
-576 314
-580 308
-580 302
-556 286
-544 278
-468 234
-480 258
-532 270
-512 248
-508 244
-560 256
-536 244
-508 228
-508 226
-460 202
-440 212
-452 188
-448 178
-472 196
-488 216
-484 222
-500 230
-544 256
-512 256
-476 240
-488 252
-508 242
-480 236
-496 238
-508 222
-464 218
-520 224
-476 200
-460 192
-396 182
-440 192
-436 188
-396 174
-376 156
-444 200
-412 200
-428 204
-424 196
-460 230
-488 236
-436 220
-508 268
-488 234
-464 218
-488 260
-524 298
-564 276
-616 288
-568 292
-564 292
-548 278
-548 270
-548 246
-556 268
-548 266
-492 238
-492 258
-496 258
-480 256
-448 224
-492 260
-516 282
-584 318
-576 312
-588 306
-580 306
-560 302
-548 306
-540 302
-520 300
-564 298
-532 260
-504 240
-512 216
-512 176
-484 176
-480 146
-520 172
-476 152
-492 150
-428 154
-452 168
-428 148
-472 198
-536 230
-544 244
-576 244
-528 232
-524 226
-492 210
-540 244
-576 260
-564 236
-560 238
-560 240
-568 240
-532 216
-560 240
-560 272
-560 262
-540 252
-480 238
-560 210
-548 196
-520 186
-500 166
-452 146
-512 176
-512 184
-492 192
-536 196
-532 224
-536 244
-504 242
-524 262
-484 262
-536 282
-568 274
-544 270
-512 244
-496 238
-504 238
-528 244
-536 266
-488 238
-508 252
-512 258
-536 262
-596 294
-588 304
-628 312
-604 316
-576 312
-528 268
-536 276
-592 298
-596 308
-528 290
-488 258
-500 242
-536 226
-520 238
-520 240
-488 254
-492 244
-500 244
-464 260
-528 254
-532 258
-512 262
-524 258
-444 210
-452 226
-464 242
-448 226
-488 222
-508 252
-520 280
-524 282
-556 302
-576 294
-532 246
-552 240
-536 224
-520 210
-480 204
-508 202
-460 166
-484 156
-468 160
-492 200
-472 188
-464 188
-448 190
-444 132
-456 142
-432 102
-420 110
-472 126
-492 126
-540 158
-500 134
-480 122
-456 92
-460 110
-488 130
-488 118
-472 144
-476 146
-492 114
-448 60
-440 10
-444 10
-480 16
-432 2
-452 2
-432 12
-504 6
-484 2
-468 0
-408 40
-452 50
-412 48
-440 36
-444 54
-404 50
-392 50
-404 38
-384 44
-372 42
-432 44
-432 78
-456 86
-468 148
-496 166
-456 172
-496 198
-508 186
-520 174
-508 180
-508 160
-500 148
-464 116
-496 152
-512 140
-528 120
-464 92
-492 78
-464 76
-464 82
-492 60
-428 40
-408 44
-388 36
-416 42
-424 54
-428 70
-376 32
-432 64
-432 74
-460 106
-476 90
-492 48
-476 58
-496 52
-492 26
-460 18
-472 6
-412 18
-460 56
-480 38
-492 20
-460 2
-484 0
-536 4
-424 24
-428 40
-444 32
-416 44
-420 74
-444 84
-368 68
-424 90
-400 98
-416 66
-436 34
-488 58
-460 48
-428 66
-456 94
-440 62
-480 86
-464 86
-460 84
-492 76
-440 48
-408 54
-448 80
-432 108
-500 130
-484 112
-508 94
-484 116
-528 68
-492 58
-456 24
-468 18
-484 40
-440 26
-448 74
-448 66
-452 80
-440 56
-444 84
-456 92
-448 98
-444 96
-392 88
-400 118
-384 122
-412 130
-472 130
-448 110
-432 100
-512 140
-496 146
-496 120
-548 122
-528 140
-528 168
-508 124
-496 130
-500 146
-496 142
-480 118
-424 114
-404 134
-404 128
-392 106
-428 118
-420 140
-432 162
-464 146
-428 184
-508 216
-492 214
-504 206
-452 180
-500 222
-532 242
-512 252
-480 246
-488 258
-464 252
-412 204
-440 194
-448 194
-404 180
-460 214
-444 206
-456 198
-468 200
-436 214
-448 218
-528 250
-520 254
-516 236
-512 246
-492 214
-484 210
-500 246
-524 222
-484 212
-500 234
-468 242
-488 240
-484 242
-428 240
-500 264
-472 250
-468 248
-500 248
-440 216
-476 232
-504 232
-516 246
-492 224
-464 200
-468 196
-484 200
-468 162
-488 190
-500 186
-512 156
-484 180
-468 176
-456 174
-452 184
-428 156
-452 156
-456 176
-484 180
-488 196
-472 184
-544 230
-584 248
-632 282
-616 282
-560 250
-528 240
-500 194
-508 188
-488 190
-528 214
-556 234
-516 236
-508 240
-536 260
-516 268
-516 282
-544 294
-516 254
-516 264
-520 270
-504 268
-440 244
-528 264
-548 282
-544 278
-556 274
-556 266
-504 242
-528 262
-576 272
-532 266
-572 278
-568 280
-564 278
-512 244
-424 228
-484 212
-432 198
-428 202
-428 206
-412 190
-408 210
-472 216
-472 210
-504 234
-516 232
-500 222
-512 248
-516 230
-504 220
-508 230
-500 264
-540 288
-496 286
-580 322
-604 332
-620 336
-628 334
-632 336
-636 340
-624 344
-636 338
-580 322
-600 332
-612 340
-552 302
-584 322
-596 320
-572 318
-568 300
-564 300
-524 282
-496 250
-500 276
-552 286
-524 290
-512 264
-488 250
-476 250
-552 278
-532 292
-516 276
-512 254
-492 244
-460 228
-460 230
-504 250
-508 238
-516 266
-512 258
-508 250
-504 244
-488 266
-496 268
-512 264
-528 262
-504 260
-516 258
-460 210
-476 232
-528 260
-524 282
-560 266
-580 258
-548 236
-536 224
-556 220
-492 214
-516 192
-492 186
-468 182
-500 206
-496 204
-492 182
-504 202
-496 208
-472 212
-496 212
-528 230
-500 218
-504 192
-476 210
-472 216
-480 226
-512 246
-484 218
-492 232
-472 224
-464 204
-476 222
-468 232
-516 244
-568 252
-520 244
-528 238
-556 226
-528 232
-520 222
-504 210
-548 228
-488 182
-516 180
-488 146
-464 144
-440 116
-456 116
-496 154
-492 174
-528 170
-464 168
-468 166
-440 136
-436 136
-420 140
-424 94
-444 112
-408 100
-416 114
-468 126
-448 128
-452 140
-484 132
-496 128
-456 70
-488 90
-472 124
-488 132
-504 128
-504 104
-480 122
-468 142
-444 160
-404 160
-432 178
-464 146
-476 150
-496 162
-492 180
-496 148
-512 156
-472 150
-516 160
-508 148
-532 172
-496 186
-516 168
-496 152
-472 154
-460 132
-448 116
-496 98
-440 78
-432 78
-368 48
-404 58
-452 74
-432 70
-452 80
-512 86
-524 88
-464 40
-408 18
-492 38
-496 42
-412 18
-420 6
-440 14
-484 36
-436 8
-496 12
-508 36
-548 64
-496 36
-496 14
-516 12
-500 20
-372 10
-424 20
-436 64
-416 86
-432 94
-448 98
-408 118
-420 116
-396 122
-452 174
-464 178
-500 222
-548 228
-516 218
-504 232
-488 258
-516 272
-588 302
-572 310
-520 282
-532 274
-528 278
-516 290
-540 282
-540 276
-556 278
-560 286
-524 240
-456 218
-468 214
-488 228
-452 214
-488 214
-516 234
-544 242
-516 244
-564 276
-500 248
-476 254
-524 268
-552 276
-536 270
-560 268
-536 252
-552 248
-560 230
-460 174
-472 178
-464 170
-428 166
-444 188
-468 192
-456 208
-468 232
-500 242
-484 248
-540 256
-504 262
-504 260
-552 288
-500 254
-492 236
-476 228
-548 238
-512 240
-552 234
-560 200
-500 202
-540 194
-508 202
-492 182
-544 242
-508 242
-532 222
-492 230
-436 192
-448 184
-432 134
-460 112
-472 102
-476 92
-456 66
-452 32
-428 72
-432 52
-460 10
-456 30
-476 44
-436 6
-516 16
-468 34
-480 36
-472 48
-472 74
-472 64
-448 24
-480 2
-536 20
-548 16
-548 8
-524 18
-524 8
-508 0
-516 6
-488 38
-488 2
-452 40
-460 64
-448 54
-512 76
-532 56
-536 48
-464 78
-456 66
-496 66
-496 12
-484 18
-480 30
-476 24
-468 48
-488 54
-448 56
-480 60
-444 86
-460 68
-412 62
-464 70
-464 32
-464 24
-516 8
-484 20
-484 34
-500 4
-440 42
-424 24
-396 34
-364 16
-372 2
-392 16
-416 6
-416 12
-432 12
-416 0
-464 6
-408 20
-388 16
-400 0
-416 26
-420 8
-448 4
-436 34
-432 30
-404 70
-420 82
-388 68
-416 88
-436 80
-404 34
-432 56
-416 84
-456 94
-424 72
-456 76
-472 64
-472 40
-416 10
-436 28
-444 54
-452 10
-516 30
-484 32
-484 22
-476 42
-464 46
-448 48
-440 62
-448 54
-516 38
-484 36
-496 54
-500 48
-428 60
-444 64
-476 80
-480 40
-476 28
-484 46
-456 54
-476 50
-440 10
-448 4
-444 2
-420 6
-396 42
-400 26
-472 48
-468 26
-484 26
-488 16
-468 18
-428 36
-448 28
-452 2
-504 44
-500 48
-452 52
-512 46
-520 52
-472 46
-472 52
-516 70
-432 46
-408 34
-388 20
-384 32
-420 38
-436 14
-440 8
-460 2
-488 2
-480 36
-432 44
-404 46
-392 52
-360 58
-468 82
-508 90
-548 62
-504 64
-420 66
-388 72
-428 74
-432 70
-476 80
-432 88
-456 146
-460 148
-476 152
-440 168
-460 146
-480 172
-476 176
-448 164
-424 188
-440 170
-444 166
-412 180
-452 174
-488 146
-420 162
-428 156
-460 178
-492 170
-472 152
-440 130
-460 190
-456 178
-540 238
-536 210
-484 220
-528 224
-520 232
-540 244
-556 242
-456 190
-432 152
-456 146
-432 160
-500 170
-500 180
-520 180
-568 204
-520 168
-488 164
-460 154
-448 146
-444 134
-520 174
-556 190
-540 188
-496 164
-508 162
-580 200
-604 236
-568 252
-560 250
-552 238
-460 202
-460 194
-488 180
-524 192
-512 174
-524 186
-520 190
-544 230
-580 238
-564 254
-520 242
-504 242
-480 230
-440 222
-452 248
-496 276
-560 300
-556 302
-548 288
-560 298
-608 312
-612 308
-620 302
-620 286
-580 294
-492 268
-496 268
-516 270
-544 264
-496 266
-540 268
-532 270
-540 246
-584 256
-572 268
-580 294
-540 270
-528 262
-536 270
-540 262
-516 258
-516 270
-548 264
-592 280
-600 284
-572 270
-564 280
-612 302
-604 300
-520 268
-544 274
-532 256
-520 266
-556 292
-592 308
-564 286
-556 276
-544 268
-576 288
-576 286
-516 270
-584 294
-544 282
-504 262
-512 258
-544 252
-512 250
-520 266
-528 260
-532 256
-508 246
-536 272
-556 260
-496 244
-540 250
-540 222
-512 250
-456 238
-476 260
-436 254
-456 238
-464 228
-412 192
-492 250
-476 222
-496 226
-512 216
-580 252
-556 256
-524 264
-548 270
-560 282
-532 270
-548 262
-548 260
-600 292
-596 294
-548 272
-552 276
-500 240
-532 254
-564 272
-528 266
-572 268
-580 264
-520 280
-576 296
-584 296
-552 302
-548 286
-540 240
-520 218
-512 222
-472 184
-516 230
-484 236
-484 210
-520 244
-500 224
-496 236
-460 208
-432 194
-436 192
-456 220
-496 236
-576 254
-552 262
-620 284
-572 278
-548 248
-552 256
-492 244
-540 220
-508 200
-512 202
-480 206
-516 224
-436 194
-484 202
-512 248
-544 264
-544 282
-552 264
-532 256
-572 252
-544 236
-572 256
-544 252
-512 232
-528 240
-476 194
-432 188
-408 190
-384 178
-396 160
-416 154
-448 146
-392 98
-432 132
-464 144
-444 138
-452 106
-452 130
-448 130
-420 88
-440 94
-408 100
-388 140
-380 118
-436 132
-436 148
-440 144
-408 156
-396 146
-416 122
-400 100
-404 58
-428 54
-436 72
-428 78
-412 98
-420 64
-444 98
-436 98
-392 98
-428 102
-440 118
-472 110
-448 118
-448 134
-444 124
-464 138
-480 174
-492 164
-424 148
-424 162
-416 180
-500 198
-480 192
-492 204
-564 222
-564 210
-564 218
-568 230
-532 252
-504 240
-480 258
-516 266
-504 262
-512 250
-536 234
-536 234
-504 226
-472 216
-512 216
-492 228
-484 212
-480 214
-468 196
-484 180
-436 160
-436 166
-456 166
-480 192
-460 198
-452 192
-488 190
-476 202
-496 228
-496 242
-504 248
-520 254
-540 266
-512 260
-504 264
-532 242
-504 224
-556 244
-560 254
-508 266
-536 276
-560 280
-576 302
-504 266
-564 288
-524 258
-500 260
-484 250
-476 242
-544 262
-532 250
-520 238
-528 238
-556 276
-584 296
-596 308
-600 320
-612 320
-624 318
-612 318
-644 324
-588 308
-616 316
-620 320
-588 304
-600 304
-556 296
-568 322
-528 288
-536 308
-488 270
-480 250
-472 244
-460 238
-504 252
-544 282
-528 250
-532 250
-500 250
-484 234
-468 240
-476 246
-564 274
-540 268
-524 262
-512 246
-528 248
-528 220
-520 220
-540 220
-544 216
-504 218
-540 204
-484 220
-472 220
-440 208
-476 208
-484 190
-512 210
-556 234
-492 222
-512 208
-536 224
-536 222
-572 226
-556 218
-568 232
-540 206
-536 204
-508 200
-508 196
-496 198
-468 164
-520 174
-496 190
-500 196
-548 234
-520 252
-536 250
-548 284
-564 290
-544 276
-604 300
-576 290
-584 284
-584 296
-592 290
-596 294
-572 272
-560 284
-556 286
-584 290
-572 300
-540 294
-492 262
-480 254
-448 244
-428 194
-444 226
-452 246
-524 256
-540 238
-564 210
-548 234
-516 222
-484 212
-480 190
-476 174
-444 162
-452 170
-464 170
-440 174
-472 158
-500 166
-484 182
-464 176
-480 196
-476 216
-472 166
-464 198
-436 212
-444 196
-416 174
-496 206
-512 212
-504 232
-460 208
-464 222
-436 212
-424 184
-404 176
-480 218
-440 194
-480 212
-480 236
-544 228
-536 218
-536 226
-508 216
-504 184
-444 178
-468 188
-504 188
-500 192
-468 172
-424 122
-476 158
-440 176
-468 188
-472 192
-512 222
-540 224
-536 204
-528 194
-512 220
-496 216
-568 242
-512 206
-492 210
-520 202
-500 196
-500 212
-436 172
-440 148
-432 160
-456 182
-428 166
-436 170
-436 160
-452 200
-436 200
-460 190
-488 204
-448 190
-460 212
-496 248
-552 274
-524 274
-576 304
-604 310
-592 310
-556 290
-532 280
-564 294
-500 242
-468 254
-492 244
-444 234
-456 212
-488 232
-440 212
-456 200
-448 190
-500 198
-540 204
-516 216
-528 212
-572 254
-544 250
-540 232
-552 254
-508 226
-524 228
-528 234
-516 230
-528 246
-588 248
-556 214
-520 188
-460 200
-556 228
-496 184
-516 180
-468 134
-496 160
-460 146
-488 194
-416 166
-396 138
-456 136
-472 122
-480 128
-504 118
-476 110
-468 112
-460 88
-396 88
-388 56
-384 24
-352 12
-376 6
-388 44
-384 34
-456 56
-432 44
-440 30
-460 28
-464 42
-488 42
-440 60
-512 48
-536 30
-440 34
-416 20
-444 38
-428 58
-416 52
-468 88
-496 88
-488 82
-508 68
-536 46
-464 50
-512 38
-484 48
-512 94
-468 124
-492 120
-448 150
-500 124
-476 102
-484 116
-464 96
-468 88
-432 76
-412 80
-452 84
-404 96
-392 114
-448 104
-404 138
-504 180
-452 188
-456 184
-524 190
-480 174
-500 192
-472 180
-456 194
-452 184
-436 174
-428 176
-436 176
-420 178
-364 150
-344 150
-388 142
-420 112
-416 106
-396 78
-392 68
-408 82
-416 118
-444 120
-424 126
-444 104
-436 86
-424 86
-492 132
-508 130
-496 148
-504 168
-528 212
-576 258
-528 240
-544 246
-564 254
-500 190
-420 182
-488 198
-476 218
-460 214
-456 216
-444 220
-468 218
-468 236
-468 222
-464 236
-460 218
-464 190
-492 182
-472 174
-488 180
-472 178
-484 226
-464 218
-508 216
-528 234
-496 232
-520 264
-496 260
-500 238
-536 256
-480 248
-512 282
-564 284
-512 274
-544 254
-532 242
-620 266
-600 252
-552 244
-576 276
-536 278
-564 282
-524 242
-492 224
-484 190
-472 194
-480 176
-508 190
-500 164
-488 170
-504 178
-432 162
-420 136
-460 150
-496 164
-528 142
-560 168
-512 166
-536 170
-560 156
-552 186
-520 170
-492 170
-480 162
-532 168
-524 194
-504 178
-480 208
-528 236
-544 228
-532 220
-608 236
-580 236
-576 236
-516 230
-496 224
-512 240
-488 234
-476 230
-504 256
-500 236
-488 224
-524 212
-488 196
-456 186
-444 186
-484 224
-484 226
-528 236
-540 254
-532 256
-540 244
-520 256
-492 228
-496 248
-520 270
-504 258
-508 234
-528 224
-544 232
-524 224
-532 204
-520 192
-492 198
-504 210
-536 218
-556 214
-580 222
-572 222
-556 226
-492 202
-564 222
-536 220
-592 236
-556 236
-508 206
-516 196
-512 218
-476 218
-516 210
-456 208
-452 236
-472 236
-532 250
-544 238
-484 230
-492 242
-412 180
-448 162
-400 162
-432 172
-448 198
-464 186
-480 202
-468 218
-452 206
-452 182
-440 172
-452 166
-424 164
-456 160
-464 154
-492 128
-476 156
-480 176
-476 142
-488 154
-444 106
-472 134
-488 168
-528 178
-504 180
-524 160
-484 156
-492 156
-476 130
-464 144
-432 120
-452 98
-484 58
-484 62
-432 40
-468 46
-508 40
-524 68
-472 76
-460 90
-448 90
-420 74
-416 58
-464 54
-388 64
-396 56
-392 22
-444 8
-408 26
-464 60
-460 72
-468 94
-492 126
-404 138
-496 150
-412 158
-400 142
-460 180
-448 150
-552 192
-448 186
-444 182
-492 144
-556 162
-484 136
-468 114
-484 108
-488 118
-488 120
-468 134
-496 96
-436 52
-404 32
-388 68
-380 64
-384 60
-428 32
-456 38
-448 44
-416 14
-432 16
-472 12
-436 6
-444 0
-408 14
-444 54
-416 36
-416 60
-364 68
-332 114
-380 120
-416 168
-376 104
-432 112
-464 110
-448 114
-440 118
-436 140
-448 134
-432 118
-412 104
-400 122
-424 140
-456 158
-452 190
-424 192
-452 188
-432 176
-444 202
-444 208
-448 194
-456 236
-492 260
-544 276
-540 272
-472 250
-548 286
-580 290
-576 300
-596 308
-580 296
-600 324
-592 310
-588 322
-584 314
-592 322
-568 312
-612 326
-600 322
-584 318
-532 274
-476 244
-476 222
-480 224
-484 222
-492 234
-452 212
-464 246
-516 280
-564 310
-552 308
-564 320
-592 334
-596 322
-580 324
-592 324
-568 300
-528 288
-488 282
-520 280
-544 272
-540 258
-520 254
-520 252
-504 212
-480 210
-496 190
-476 190
-504 206
-408 180
-436 174
-504 180
-464 168
-464 140
-476 130
-456 114
-452 108
-436 146
-460 178
-492 170
-460 150
-428 178
-504 186
-508 208
-540 212
-556 204
-556 232
-524 234
-524 224
-500 204
-548 220
-560 228
-564 232
-556 228
-480 214
-456 228
-480 236
-544 228
-552 218
-568 240
-468 192
-480 212
-544 228
-496 246
-544 242
-572 234
-584 238
-540 218
-548 236
-536 218
-584 234
-560 262
-564 230
-548 236
-552 232
-556 230
-496 230
-492 222
-516 238
-560 226
-548 236
-520 196
-496 216
-464 236
-508 242
-544 258
-548 266
-512 248
-528 264
-508 266
-572 288
-556 272
-552 256
-540 260
-520 264
-500 258
-472 266
-488 246
-488 252
-476 234
-484 254
-520 268
-540 290
-528 274
-512 274
-460 236
-444 246
-536 302
-536 286
-604 314
-644 320
-604 318
-552 298
-600 320
-532 294
-532 298
-544 290
-540 298
-508 310
-484 276
-516 290
-568 312
-580 308
-596 318
-556 298
-564 312
-576 326
-560 312
-568 304
-540 298
-588 298
-588 300
-584 310
-556 292
-504 270
-524 246
-524 236
-524 254
-476 218
-560 250
-576 260
-496 232
-516 224
-508 238
-524 216
-496 224
-488 198
-532 218
-520 220
-480 198
-492 208
-484 196
-464 194
-464 168
-516 204
-488 216
-488 224
-492 194
-452 230
-468 214
-460 212
-504 216
-504 220
-452 206
-448 218
-484 212
-436 168
-404 140
-424 128
-472 100
-448 62
-416 50
-400 20
-404 2
-408 40
-412 16
-472 40
-488 46
-492 54
-532 86
-508 88
-504 50
-540 48
-552 50
-564 28
-520 48
-508 78
-480 72
-464 34
-472 12
-452 30
-452 0
-420 32
-436 52
-420 74
-396 94
-436 108
-432 114
-428 88
-484 88
-444 102
-464 90
-448 86
-456 68
-432 96
-460 54
-468 46
-468 48
-420 60
-456 74
-416 80
-440 110
-424 128
-468 128
-468 150
-472 140
-480 118
-468 150
-476 146
-496 132
-464 110
-464 66
-448 80
-436 98
-468 112
-460 124
-436 130
-432 94
-452 90
-424 78
-400 42
-368 44
-424 78
-388 84
-452 66
-468 52
-464 38
-500 48
-448 36
-488 64
-544 42
-504 46
-460 22
-492 24
-484 4
-520 32
-508 6
-528 38
-512 2
-508 6
-504 30
-524 18
-492 36
-488 54
-452 60
-396 64
-420 38
-416 40
-408 90
-404 66
-448 92
-416 94
-436 136
-408 140
-424 96
-420 84
-404 108
-460 108
-460 96
-464 124
-496 160
-500 178
-472 174
-484 160
-536 200
-476 196
-500 218
-548 208
-536 200
-528 234
-512 232
-500 230
-456 208
-464 204
-500 240
-560 266
-596 282
-520 264
-548 276
-544 282
-572 292
-580 294
-604 280
-572 262
-524 256
-552 264
-544 284
-588 282
-580 298
-584 310
-564 302
-540 286
-576 304
-556 292
-580 306
-624 328
-604 328
-592 326
-576 308
-524 298
-584 298
-576 304
-564 306
-624 340
-596 304
-532 290
-544 276
-496 256
-496 220
-492 188
-452 188
-460 164
-424 168
-416 168
-456 174
-428 180
-440 168
-428 182
-428 160
-492 166
-440 180
-492 208
-524 220
-516 208
-512 178
-460 154
-484 168
-484 152
-444 160
-464 112
-480 124
-464 144
-464 110
-512 160
-464 144
-488 148
-504 136
-484 164
-456 154
-412 114
-404 98
-432 152
-492 160
-424 158
-480 188
-480 212
-468 188
-464 150
-520 160
-500 176
-540 198
-552 208
-556 224
-524 216
-472 190
-468 192
-456 196
-480 222
-520 212
-500 256
-544 272
-528 284
-528 284
-528 262
-512 254
-524 216
-508 214
-484 208
-452 206
-468 184
-492 186
-452 210
-492 234
-544 264
-552 262
-572 278
-528 274
-540 272
-484 258
-496 284
-576 306
-580 314
-640 340
-612 332
-616 330
-560 306
-604 312
-572 312
-592 318
-540 304
-580 322
-612 334
-608 332
-628 342
-592 326
-600 318
-592 322
-608 332
-628 336
-556 314
-548 280
-536 264
-556 250
-508 242
-520 270
-460 228
-456 220
-416 202
-448 210
-492 204
-468 212
-492 230
-532 248
-552 258
-496 250
-532 256
-516 270
-548 286
-548 288
-564 288
-584 306
-592 310
-580 304
-572 306
-576 312
-584 318
-564 292
-536 276
-532 290
-564 290
-552 306
-588 324
-564 306
-556 302
-536 278
-512 276
-592 292
-524 262
-536 272
-552 294
-600 298
-572 292
-552 286
-460 248
-452 248
-548 270
-564 264
-544 256
-544 228
-528 208
-532 186
-460 150
-452 142
-476 166
-508 168
-440 178
-456 172
-516 168
-472 150
-472 190
-452 200
-476 188
-516 184
-496 212
-492 222
-440 228
-448 244
-508 274
-588 328
-592 328
-600 316
-592 300
-580 302
-536 292
-572 310
-572 312
-592 324
-580 328
-568 318
-560 306
-620 322
-592 318
-544 296
-580 286
-576 284
-548 284
-564 292
-508 278
-500 268
-472 208
-424 176
-456 156
-452 174
-492 198
-496 226
-396 216
-464 246
-492 248
-468 222
-496 240
-484 230
-496 244
-520 260
-544 286
-604 326
-644 332
-608 312
-592 318
-584 306
-556 270
-524 266
-528 258
-488 256
-528 260
-496 228
-536 254
-496 256
-500 246
-460 210
-464 236
-416 206
-460 216
-460 204
-456 194
-404 180
-472 238
-476 260
-504 270
-492 274
-488 254
-472 266
-484 252
-492 246
-504 254
-528 246
-560 268
-540 250
-500 222
-536 238
-556 252
-500 228
-548 240
-536 234
-464 202
-492 192
-464 208
-452 200
-456 214
-504 242
-440 226
-484 214
-488 214
-508 196
-488 210
-520 152
-468 134
-460 142
-444 154
-444 148
-472 178
-536 206
-516 176
-520 164
-504 140
-484 142
-524 136
-468 126
-520 158
-508 176
-528 156
-528 172
-488 182
-476 144
-496 168
-472 182
-520 226
-544 238
-488 228
-496 212
-444 214
-464 212
-444 212
-520 248
-516 248
-492 234
-468 194
-468 204
-464 204
-504 208
-500 204
-528 220
-508 216
-500 248
-536 258
-544 250
-600 288
-600 284
-608 288
-596 278
-524 274
-576 292
-524 256
-512 246
-532 240
-508 226
-568 240
-560 244
-604 242
-592 238
-544 242
-588 270
-532 256
-528 250
-528 274
-520 266
-540 252
-528 248
-452 214
-460 222
-492 252
-496 242
-504 234
-512 226
-496 244
-488 230
-508 232
-500 238
-496 232
-492 244
-468 232
-468 226
-520 246
-524 212
-528 224
-496 184
-460 182
-472 148
-408 124
-404 102
-440 134
-472 172
-496 192
-476 192
-436 156
-452 196
-476 198
-472 182
-452 204
-444 182
-476 164
-492 162
-448 136
-484 136
-444 138
-456 140
-440 120
-384 94
-424 146
-444 162
-420 162
-432 184
-412 190
-504 252
-504 256
-620 312
-632 324
-580 304
-548 260
-540 244
-528 236
-512 246
-544 230
-540 242
-524 230
-556 234
-524 220
-548 220
-476 196
-464 204
-484 212
-516 218
-504 206
-512 194
-456 166
-440 170
-440 162
-408 174
-484 176
-440 154
-408 166
-468 196
-476 202
-484 216
-488 214
-488 168
-472 190
-416 168
-452 158
-444 164
-392 160
-456 192
-492 198
-460 160
-412 128
-412 100
-428 112
-468 86
-408 58
-432 96
-400 118
-432 98
-436 60
-424 4
-404 16
-388 2
-444 48
-460 54
-484 34
-492 18
-432 34
-440 38
-440 4
-424 8
-444 4
-436 10
-388 4
-424 10
-384 8
-376 30
-380 0
-392 34
-356 42
-420 52
-396 36
-400 4
-460 12
-444 8
-364 42
-392 34
-432 50
-392 30
-412 8
-504 32
