-4 24
-264 104
-336 102
-408 146
-444 152
-440 166
-448 170
-468 196
-452 206
-492 212
-476 232
-476 224
-424 206
-552 276
-544 252
-588 278
-572 284
-572 290
-596 286
-560 290
-532 292
-612 328
-580 310
-568 304
-592 324
-552 316
-544 310
-532 290
-552 280
-596 292
-608 294
-564 290
-584 292
-620 308
-564 310
-584 308
-612 294
-636 296
-636 318
-588 302
-552 286
-488 260
-516 252
-532 268
-532 250
-552 268
-608 286
-520 250
-516 236
-492 266
-532 222
-524 252
-504 232
-556 262
-548 276
-536 264
-568 264
-580 292
-504 268
-536 272
-536 284
-552 296
-500 264
-516 236
-492 216
-484 188
-516 206
-520 184
-516 184
-492 186
-476 172
-500 148
-508 136
-500 112
-456 110
-472 86
-480 110
-480 112
-476 114
-484 80
-500 88
-452 52
-432 42
-444 56
-424 58
-464 106
-472 108
-480 118
-460 114
-492 134
-444 144
-440 128
-384 142
-440 158
-444 138
-440 156
-472 140
-460 132
-444 116
-460 124
-460 122
-460 134
-484 170
-484 176
-444 148
-444 122
-440 128
-452 150
-484 124
-464 120
-420 112
-412 142
-416 140
-412 156
-468 144
-436 132
-412 156
-432 164
-468 176
-484 204
-484 204
-472 206
-476 198
-448 210
-484 190
-460 184
-456 154
-484 158
-476 186
-488 214
-440 202
-484 200
-464 174
-504 170
-400 134
-472 138
-436 126
-448 98
-444 98
-444 72
-468 106
-464 86
-464 78
-464 62
-500 82
-476 94
-464 88
-468 82
-460 92
-444 74
-424 90
-452 114
-472 170
-468 144
-500 160
-444 150
-448 152
-476 178
-500 200
-472 214
-460 204
-472 198
-460 182
-444 204
-416 226
-492 250
-528 290
-568 294
-572 304
-540 290
-512 284
-512 266
-460 246
-472 252
-512 288
-480 254
-444 228
-444 236
-504 244
-516 276
-564 294
-560 270
-612 286
-608 298
-528 256
-544 256
-492 242
-560 268
-564 270
-512 258
-540 264
-556 282
-544 258
-580 288
-608 304
-504 268
-492 266
-536 274
-544 292
-552 288
-548 296
-560 310
-592 320
-568 324
-568 324
-536 302
-620 316
-616 326
-604 332
-628 346
-608 326
-556 308
-524 284
-576 308
-544 298
-520 290
-504 260
-476 234
-532 254
-584 266
-560 264
-548 250
-536 246
-548 246
-572 268
-500 272
-504 272
-524 260
-540 256
-520 264
-504 268
-540 260
-496 266
-540 298
-552 302
-548 300
-568 280
-492 254
-508 274
-524 294
-580 314
-608 324
-588 328
-600 338
-604 340
-620 334
-592 322
-568 322
-640 318
-576 300
-588 310
-632 326
-612 314
-616 328
-640 330
-600 316
-568 288
-588 298
-616 304
-552 284
-520 260
-500 248
-452 234
-456 212
-524 240
-516 214
-492 214
-408 146
-432 164
-428 146
-488 182
-424 172
-464 192
-548 172
-520 164
-476 150
-508 142
-512 116
-460 120
-468 132
-488 116
-500 120
-512 110
-500 106
-500 76
-484 68
-488 32
-484 66
-496 54
-456 40
-480 40
-496 40
-504 20
-496 14
-548 8
-516 16
-468 2
-456 8
-476 28
-512 30
-448 14
-456 36
-488 2
-496 4
-440 2
-472 2
-452 26
-520 44
-464 62
-448 106
-416 98
-428 100
-460 98
-476 100
-440 76
-380 66
-428 80
-412 72
-388 34
-384 20
-440 2
-400 10
-396 30
-416 22
-428 32
-432 14
-472 30
-512 52
-500 66
-496 90
-492 76
-524 62
-484 78
-536 30
-504 66
-468 46
-432 20
-408 6
-420 16
-432 20
-408 56
-396 8
-432 16
-416 4
-408 10
-372 36
-380 12
-412 6
-380 20
-468 42
-456 72
-484 60
-488 32
-532 60
-496 48
-432 22
-424 6
-416 18
-412 20
-368 34
-384 72
-388 22
-428 66
-448 34
-444 36
-400 54
-420 42
-428 78
-432 24
-464 40
-468 40
-476 54
-536 58
-544 70
-568 76
-520 72
-528 108
-460 86
-432 84
-460 78
-500 96
-488 92
-472 90
-460 94
-472 92
-464 88
-452 38
-492 56
-476 36
-444 24
-424 18
-448 14
-420 26
-460 44
-428 36
-464 24
-456 26
-408 38
-408 34
-360 46
-384 70
-452 60
-412 72
-440 76
-404 70
-420 60
-484 62
-492 122
-468 82
-436 74
-396 46
-368 66
-400 86
-376 60
-432 92
-448 68
-436 24
-508 40
-448 40
-456 56
-420 82
-420 102
-500 94
-480 86
-452 148
-468 156
-492 170
-496 166
-480 128
-428 102
-408 130
-464 148
-412 138
-452 138
-488 146
-472 144
-480 158
-448 170
-436 168
-432 184
-460 214
-472 184
-452 160
-428 154
-420 122
-368 100
-480 134
-468 140
-468 152
-432 146
-460 132
-424 134
-384 112
-412 116
-424 94
-484 122
-532 134
-532 134
-540 172
-508 164
-528 146
-468 144
-440 122
-436 108
-452 152
-452 160
-472 164
-472 148
-416 92
-432 108
-436 128
-416 120
-516 134
-476 142
-468 122
-476 106
-488 118
-504 110
-452 130
-468 72
-484 82
-488 90
-532 84
-504 92
-516 54
-476 26
-464 16
-484 10
-452 12
-436 24
-436 42
-400 34
-408 6
-456 20
-460 30
-416 2
-440 18
-468 12
-488 22
-428 32
-420 20
-448 8
-416 0
-412 52
-456 46
-464 48
-460 36
-444 24
-472 14
-472 26
-468 38
-504 74
-512 116
-464 146
-464 124
-444 130
-488 130
-480 84
-456 76
-436 52
-480 38
-480 56
-472 82
-416 86
-448 76
-452 76
-440 114
-408 102
-408 108
-384 94
-432 124
-412 90
-372 64
-372 74
-436 106
-432 110
-472 110
-464 110
-468 130
-424 124
-468 138
-452 124
-412 116
-448 102
-436 126
-452 112
-396 72
-412 70
-372 42
-420 58
-432 100
-448 110
-492 172
-504 202
-556 210
-556 240
-536 190
-540 204
-480 200
-492 202
-532 192
-532 228
-516 220
-536 220
-504 244
-532 248
-504 234
-468 216
-440 206
-460 198
-480 228
-440 172
-452 186
-472 194
-492 232
-476 212
-444 200
-476 208
-496 228
-492 226
-456 216
-456 228
-456 212
-460 212
-468 246
-516 246
-500 248
-448 238
-468 244
-500 268
-532 268
-544 264
-504 244
-548 270
-516 264
-580 318
-568 308
-592 332
-556 308
-548 304
-520 292
-552 298
-552 270
-568 286
-568 278
-560 286
-500 256
-524 266
-576 278
-484 260
-504 268
-512 286
-504 282
-568 286
-528 274
-492 260
-508 246
-496 224
-468 214
-488 228
-472 234
-392 176
-456 192
-480 226
-476 204
-488 196
-484 206
-480 196
-488 232
-500 256
-508 234
-480 232
-520 236
-500 210
-516 220
-524 264
-512 256
-528 266
-476 264
-492 248
-460 210
-444 206
-496 230
-500 250
-520 242
-500 228
-480 236
-540 266
-524 248
-472 222
-440 214
-436 190
-412 202
-396 192
-460 216
-480 222
-512 230
-500 238
-456 218
-480 212
-464 220
-452 210
-468 208
-464 194
-416 196
-456 192
-448 182
-512 198
-460 192
-484 196
-488 210
-512 224
-512 164
-464 152
-520 166
-464 124
-440 144
-440 142
-440 126
-456 118
-488 126
-484 86
-500 104
-560 138
-484 138
-468 142
-496 172
-516 170
-520 182
-520 230
-552 240
-520 246
-520 234
-504 228
-504 212
-472 206
-484 212
-544 224
-544 242
-536 226
-520 212
-528 222
-564 230
-568 236
-552 212
-580 234
-548 246
-560 254
-520 220
-524 242
-584 280
-524 256
-496 264
-536 264
-540 272
-504 254
-512 250
-540 280
-552 272
-548 252
-500 222
-476 188
-500 188
-508 182
-452 164
-468 164
-460 170
-472 206
-428 168
-480 212
-456 192
-496 192
-528 186
-444 182
-424 208
-436 170
-412 182
-468 196
-488 196
-516 200
-520 224
-520 228
-548 232
-496 212
-532 254
-536 258
-520 250
-504 246
-540 226
-492 206
-560 212
-524 184
-476 150
-460 142
-492 166
-464 178
-472 166
-476 192
-480 218
-488 246
-508 266
-488 242
-520 252
-548 258
-536 240
-512 238
-508 236
-512 246
-416 190
-432 134
-388 82
-428 126
-448 118
-484 114
-468 98
-468 86
-472 72
-452 60
-492 86
-452 88
-480 112
-452 76
-460 68
-404 102
-432 110
-428 98
-484 116
-480 146
-520 170
-524 156
-500 176
-472 154
-496 172
-504 200
-472 140
-448 126
-384 62
-416 56
-444 50
-460 32
-496 58
-528 44
-508 50
-544 72
-548 66
-488 60
-448 20
-488 14
-512 14
-520 44
-492 18
-480 4
-488 50
-488 52
-472 44
-476 56
-476 48
-452 60
-444 86
-428 84
-428 104
-464 94
-428 78
-456 70
-468 74
-484 92
-504 106
-520 136
-536 104
-584 106
-500 108
-544 156
-488 140
-540 152
-496 120
-500 82
-480 82
-480 76
-496 94
-488 100
-472 90
-456 122
-480 128
-512 162
-460 146
-472 148
-484 116
-484 106
-480 76
-476 82
-492 44
-508 78
-440 92
-464 84
-448 100
-480 100
-476 110
-444 94
-480 98
-492 122
-492 116
-492 138
-456 140
-444 154
-456 184
-468 214
-432 194
-472 190
-484 196
-512 202
-524 216
-444 178
-472 218
-524 264
-504 258
-524 274
-532 270
-520 262
-564 260
-536 264
-524 274
-472 258
-528 284
-588 310
-572 288
-548 292
-564 306
-592 318
-536 296
-480 274
-512 284
-556 314
-620 344
-572 314
-596 328
-576 308
-624 310
-584 282
-580 278
-564 288
-616 316
-572 292
-568 304
-524 298
-560 312
-536 298
-552 296
-568 294
-560 272
-512 246
-540 268
-432 242
-460 228
-516 226
-532 220
-504 212
-540 222
-524 228
-516 228
-532 244
-524 254
-568 280
-548 278
-536 284
-580 300
-584 318
-540 294
-564 294
-536 282
-540 276
-528 272
-536 282
-560 290
-580 276
-592 294
-548 266
-564 254
-508 266
-480 276
-552 308
-576 320
-572 312
-536 282
-520 270
-500 238
-488 240
-488 224
-508 238
-540 226
-508 232
-520 214
-512 212
-480 226
-532 222
-516 216
-512 228
-508 226
-484 200
-488 198
-472 176
-472 168
-444 164
-472 160
-464 176
-412 116
-416 94
-416 94
-384 116
-456 84
-456 128
-420 90
-436 46
-464 40
-444 36
-472 38
-436 44
-436 72
-408 52
-412 54
-432 74
-412 42
-424 54
-420 68
-424 78
-428 68
-460 68
-436 88
-496 134
-440 144
-436 172
-476 156
-480 160
-416 144
-436 154
-396 112
-380 98
-408 60
-424 78
-420 92
-420 78
-436 34
-452 22
-484 16
-472 24
-448 22
-452 52
-468 42
-500 50
-484 58
-464 68
-444 84
-400 52
-456 60
-452 46
-440 50
-464 84
-452 64
-472 80
-448 94
-456 102
-480 80
-484 102
-508 122
-516 122
-516 122
-476 134
-476 126
-504 134
-464 100
-472 100
-456 120
-484 138
-512 158
-480 146
-496 162
-508 126
-484 136
-488 128
-544 168
-492 176
-456 166
-436 158
-448 162
-496 188
-492 196
-472 174
-444 170
-444 160
-456 162
-500 180
-524 196
-492 178
-500 182
-528 178
-528 164
-500 168
-420 176
-468 218
-468 228
-544 230
-468 204
-436 196
-448 184
-464 190
-460 192
-460 154
-496 146
-452 124
-440 132
-564 176
-532 180
-536 168
-560 184
-516 182
-536 184
-536 166
-460 116
-460 132
-480 138
-516 128
-484 136
-512 106
-500 132
-532 114
-524 128
-516 124
-508 132
-440 132
-448 138
-512 168
-476 170
-456 170
-496 186
-472 172
-476 174
-464 144
-448 148
-404 132
-432 182
-444 168
-404 170
-404 190
-428 218
-424 228
-456 232
-444 232
-504 230
-500 238
-536 268
-516 250
-532 270
-556 286
-524 272
-556 286
-532 286
-488 260
-528 258
-476 266
-500 284
-484 286
-512 264
-544 292
-580 292
-552 306
-516 266
-496 258
-488 244
-516 248
-556 266
-488 220
-444 210
-488 230
-480 236
-548 264
-532 250
-512 252
-472 252
-484 266
-576 292
-576 282
-564 276
-556 282
-520 268
-548 274
-552 282
-600 302
-620 312
-576 298
-560 294
-536 260
-556 270
-564 272
-572 276
-588 280
-588 288
-548 274
-532 270
-496 262
-468 250
-468 236
-476 228
-496 206
-476 194
-444 216
-444 214
-484 230
-508 248
-496 224
-516 244
-544 264
-516 272
-564 296
-580 298
-560 308
-528 276
-556 260
-536 238
-504 242
-496 248
-484 208
-520 230
-508 222
-468 200
-444 168
-452 176
-456 204
-452 168
-508 184
-480 184
-512 194
-504 176
-496 200
-428 184
-464 194
-476 204
-500 222
-484 206
-500 222
-472 222
-448 202
-484 212
-568 246
-596 256
-528 252
-504 210
-540 238
-556 264
-468 230
-536 252
-556 262
-540 252
-512 260
-516 266
-524 266
-560 298
-588 310
-544 310
-556 320
-592 328
-544 304
-556 306
-536 272
-588 302
-608 306
-612 322
-544 300
-552 288
-576 298
-548 278
-540 266
-548 270
-548 278
-592 294
-564 290
-548 278
-528 270
-564 276
-528 258
-528 248
-536 272
-564 302
-568 312
-572 314
-640 338
-588 330
-504 280
-592 292
-568 286
-588 306
-592 324
-564 318
-560 302
-516 284
-484 266
-504 242
-604 286
-588 286
-572 290
-576 298
-560 290
-520 282
-492 270
-536 270
-464 242
-512 240
-484 226
-524 268
-524 268
-504 262
-424 198
-468 200
-528 208
-488 220
-468 234
-532 256
-560 292
-564 294
-512 270
-540 276
-544 270
-548 254
-568 274
-576 314
-576 318
-600 318
-544 300
-504 274
-588 316
-620 336
-604 328
-568 310
-576 304
-588 304
-580 310
-568 290
-556 300
-580 284
-600 252
-584 246
-580 240
-568 236
-528 208
-564 214
-564 208
-504 192
-484 210
-528 212
-480 198
-524 212
-536 244
-564 262
-528 234
-472 180
-500 166
-500 176
-476 172
-476 158
-512 200
-496 204
-504 218
-512 226
-484 188
-476 168
-508 196
-492 178
-488 188
-460 144
-436 110
-444 102
-428 116
-464 124
-484 94
-464 84
-448 62
-468 48
-448 22
-500 20
-524 34
-520 36
-544 34
-564 30
-532 32
-472 44
-488 40
-464 56
-444 72
-460 48
-452 48
-444 60
-432 60
-408 64
-456 116
-432 110
-460 114
-432 104
-464 108
-432 130
-464 142
-488 116
-416 144
-392 142
-416 128
-396 98
-420 116
-420 126
-392 138
-428 138
-480 170
-488 180
-516 192
-512 194
-480 186
-508 192
-476 198
-488 212
-488 212
-564 266
-516 250
-536 224
-552 214
-544 198
-540 176
-524 172
-536 170
-504 182
-504 214
-568 228
-568 228
-528 206
-532 176
-540 158
-512 152
-440 134
-504 140
-560 170
-560 156
-544 166
-528 126
-496 128
-552 126
-552 132
-560 162
-500 172
-460 180
-432 162
-412 126
-448 170
-484 166
-520 176
-484 166
-464 164
-496 160
-480 168
-452 132
-476 148
-488 162
-504 158
-516 166
-464 172
-488 166
-508 176
-452 168
-476 160
-476 166
-456 160
-416 164
-412 168
-448 200
-492 224
-480 216
-500 250
-476 226
-400 180
-412 226
-488 238
-544 262
-512 244
-512 238
-480 208
-512 244
-528 242
-500 230
-524 256
-532 266
-556 250
-536 228
-472 228
-496 240
-496 248
-500 254
-544 286
-540 278
-528 282
-528 266
-516 268
-516 248
-516 228
-528 208
-408 150
-456 170
-480 178
-472 194
-480 166
-488 190
-484 204
-460 212
-456 222
-532 228
-480 206
-488 188
-508 152
-480 142
-484 176
-488 162
-500 186
-520 194
-556 176
-520 168
-552 160
-552 168
-564 162
-540 144
-572 134
-472 124
-452 122
-456 122
-508 140
-492 120
-476 102
-508 144
-524 150
-536 182
-520 192
-516 218
-576 256
-568 244
-580 260
-568 254
-596 258
-544 248
-460 226
-528 244
-484 244
-500 246
-500 266
-460 252
-476 242
-460 252
-508 264
-548 288
-552 284
-560 290
-552 302
-580 296
-488 278
-516 274
-440 240
-476 270
-552 280
-556 296
-464 258
-480 252
-528 254
-548 260
-516 242
-520 250
-476 244
-516 238
-480 228
-472 240
-520 264
-536 274
-572 290
-524 288
-540 308
-512 292
-556 294
-580 320
-588 320
-628 330
-592 306
-600 322
-592 322
-628 336
-624 338
-620 332
-600 332
-656 356
-620 344
-600 338
-592 326
-600 332
-552 308
-516 278
-484 264
-468 244
-504 266
-520 278
-504 266
-472 276
-484 272
-488 272
-592 290
-512 262
-528 262
-508 260
-592 274
-544 278
-556 266
-488 236
-456 210
-448 250
-496 272
-516 304
-560 320
-592 332
-620 334
-612 336
-600 320
-584 326
-648 350
-620 346
-556 322
-616 338
-636 346
-636 342
-628 334
-616 326
-604 332
-576 312
-604 336
-632 346
-656 348
-628 342
-576 322
-604 324
-556 310
-580 318
-536 288
-532 290
-540 306
-552 310
-540 308
-564 318
-560 316
-568 308
-632 342
-640 352
-600 338
-596 334
-560 322
-524 296
-508 282
-580 278
-564 294
-540 284
-596 308
-568 298
-584 298
-512 236
-472 242
-484 238
-448 230
-456 230
-420 194
-420 182
-484 208
-504 218
-536 230
-556 206
-584 226
-552 224
-572 244
-532 226
-428 206
-404 190
-420 188
-448 196
-440 172
-496 202
-512 232
-536 242
-508 224
-468 178
-500 180
-472 166
-456 140
-476 148
-464 174
-444 156
-464 192
-488 226
-536 230
-516 228
-504 230
-480 214
-492 222
-484 244
-524 256
-576 276
-568 278
-544 246
-536 266
-520 256
-544 278
-536 272
-560 294
-568 308
-532 296
-504 288
-564 288
-544 276
-508 270
-472 272
-532 268
-552 278
-564 286
-580 292
-512 258
-560 272
-548 286
-556 304
-500 280
-500 274
-540 292
-552 304
-512 276
-544 290
-500 266
-480 254
-468 240
-464 240
-476 236
-512 222
-528 244
-604 268
-628 284
-588 282
-572 286
-532 268
-588 258
-552 236
-516 222
-532 206
-520 208
-560 238
-596 254
-512 234
-468 202
-472 206
-472 192
-512 200
-456 164
-472 184
-504 190
-444 174
-500 194
-472 166
-520 170
-528 186
-504 204
-464 212
-512 218
-508 226
-460 230
-468 224
-480 226
-544 232
-556 236
-540 274
-512 220
-552 218
-492 216
-516 234
-516 198
-500 216
-500 216
-492 218
-532 226
-532 244
-556 252
-588 290
-548 286
-512 258
-540 244
-552 272
-540 260
-532 238
-540 272
-580 296
-592 302
-628 308
-560 278
-544 286
-524 282
-540 272
-552 294
-528 258
-536 288
-532 288
-528 296
-544 276
-536 272
-500 264
-488 264
-540 280
-460 256
-472 246
-464 238
-516 220
-496 180
-516 216
-508 220
-520 248
-492 238
-436 210
-516 226
-524 262
-556 252
-532 252
-464 206
-488 214
-504 212
-480 178
-488 188
-492 172
-460 178
-500 208
-500 214
-524 240
-484 216
-524 258
-536 264
-548 262
-552 290
-544 284
-556 300
-640 330
-600 324
-568 316
-584 318
-536 290
-588 310
-556 306
-524 300
-604 320
-536 292
-496 288
-552 314
-548 310
-576 314
-548 306
-488 280
-492 246
-508 250
-472 212
-488 186
-464 168
-428 124
-436 102
-452 132
-488 142
-460 174
-456 170
-476 204
-460 204
-460 196
-480 178
-472 134
-468 122
-448 130
-476 138
-440 124
-440 128
-428 92
-428 72
-464 98
-448 106
-412 80
-444 78
-456 96
-440 100
-400 92
-380 90
-420 122
-420 120
-400 118
-456 130
-468 136
-444 154
-424 124
-520 140
-540 166
-520 154
-420 180
-488 208
-452 194
-452 208
-452 162
-436 138
-428 138
-400 132
-472 122
-424 106
-412 84
-380 100
-388 106
-408 104
-436 74
-472 60
-432 42
-396 80
-428 54
-416 56
-412 50
