0 14
-188 18
-288 18
-292 28
-364 8
-392 38
-452 46
-484 38
-484 46
-440 42
-476 32
-508 8
-504 6
-508 8
-516 32
-536 42
-460 46
-516 42
-508 40
-488 16
-460 0
-440 20
-420 20
-476 24
-504 64
-460 24
-452 14
-456 56
-412 48
-416 30
-428 2
-472 2
-428 28
-440 24
-464 22
-456 28
-428 46
-416 56
-404 76
-420 100
-416 88
-408 106
-472 108
-440 76
-384 68
-448 100
-412 106
-444 114
-420 108
-440 130
-444 126
-420 166
-460 178
-460 152
-472 164
-512 176
-540 162
-548 174
-568 188
-556 174
-564 194
-596 188
-584 186
-572 210
-532 232
-544 234
-548 232
-572 254
-556 258
-536 228
-552 244
-540 260
-512 264
-496 250
-520 288
-568 318
-500 280
-508 270
-524 268
-488 266
-508 282
-512 280
-556 300
-572 318
-564 314
-548 300
-552 302
-540 288
-592 318
-572 310
-548 314
-628 342
-620 334
-596 332
-584 312
-596 302
-612 322
-580 310
-512 284
-508 276
-536 270
-540 260
-540 248
-548 242
-556 270
-564 278
-528 242
-544 218
-496 204
-496 196
-456 180
-468 170
-456 132
-476 130
-528 152
-480 144
-464 132
-500 152
-520 180
-492 164
-500 168
-504 152
-484 142
-428 138
-428 108
-464 116
-416 120
-476 102
-396 112
-408 94
-428 108
-468 134
-416 126
-444 142
-388 146
-408 152
-400 160
-444 198
-348 178
-380 184
-400 204
-472 238
-496 242
-508 234
-516 258
-484 234
-544 248
-556 272
-572 262
-556 246
-524 244
-496 252
-440 236
-512 278
-508 290
-592 320
-608 320
-632 342
-604 336
-572 324
-608 324
-608 318
-580 312
-564 312
-552 312
-572 304
-524 296
-508 286
-568 310
-568 302
-616 314
-576 302
-572 310
-632 338
-656 342
-636 336
-676 356
-628 334
-572 308
-540 278
-560 308
-560 316
-588 322
-608 340
-668 358
-652 352
-660 352
-628 336
-568 304
-548 302
-572 302
-596 298
-620 318
-592 302
-564 290
-608 332
-632 342
-660 358
-632 328
-580 318
-544 304
-580 306
-612 320
-588 324
-620 340
-620 338
-520 288
-464 268
-456 254
-476 232
-464 226
-436 226
-500 272
-524 260
-564 276
-536 280
-492 254
-496 246
-580 292
-576 294
-564 300
-588 322
-556 314
-576 302
-580 300
-548 298
-536 308
-608 328
-584 320
-600 332
-656 356
-592 324
-556 304
-556 302
-548 300
-552 310
-540 308
-600 316
-584 308
-564 314
-568 304
-512 292
-504 280
-448 248
-456 244
-504 270
-524 278
-528 268
-484 246
-480 228
-448 198
-412 182
-448 192
-436 170
-444 222
-456 238
-484 226
-500 236
-512 248
-536 270
-532 252
-504 252
-512 234
-560 248
-532 260
-556 268
-536 254
-576 298
-564 300
-560 282
-516 254
-452 242
-488 274
-512 278
-528 266
-564 272
-528 276
-548 276
-532 262
-544 258
-476 234
-512 256
-480 244
-468 242
-476 248
-472 230
-452 236
-548 298
-496 280
-572 286
-496 264
-520 266
-452 242
-500 260
-500 264
-500 262
-552 280
-508 280
-520 260
-496 252
-468 234
-484 236
-476 244
-472 254
-516 272
-528 268
-552 276
-488 252
-452 234
-444 224
-500 240
-504 232
-456 206
-508 192
-500 194
-496 194
-448 184
-460 198
-484 206
-476 168
-464 162
-460 162
-456 162
-484 148
-508 148
-512 158
-508 136
-500 118
-464 114
-452 58
-456 68
-420 60
-420 24
-472 18
-468 16
-496 30
-464 32
-460 28
-488 28
-452 54
-488 74
-444 68
-488 52
-476 6
-448 8
-380 16
-424 48
-432 58
-412 28
-432 32
-448 50
-456 54
-460 62
-460 66
-452 68
-492 50
-496 68
-456 80
-404 74
-360 32
-352 44
-376 62
-364 30
-412 58
-432 30
-436 42
-404 24
-384 8
-396 24
-432 44
-432 62
-404 20
-384 30
-416 28
-388 18
-396 52
-388 14
-368 28
-380 12
-420 22
-468 6
-428 20
-420 8
-432 20
-472 36
-480 28
-448 26
-440 12
-464 20
-480 10
-468 30
-472 26
-492 32
-512 44
-516 30
-472 24
-460 4
-476 6
-428 10
-468 34
-484 28
-456 16
-476 4
-484 18
-452 24
-416 18
-416 6
-432 64
-460 74
-428 86
-444 100
-492 134
-444 94
-488 100
-464 60
-468 64
-452 86
-456 138
-420 148
-456 142
-508 128
-464 108
-472 150
-492 154
-536 140
-484 142
-448 94
-516 118
-492 146
-484 148
-512 150
-516 152
-472 172
-484 174
-452 184
-420 172
-448 164
-456 138
-464 146
-460 132
-512 156
-428 130
-416 120
-508 146
-472 140
-436 140
-528 144
-504 174
-540 156
-512 140
-560 150
-488 158
-452 156
-464 152
-488 174
-448 188
-476 156
-504 162
-532 174
-552 190
-512 170
-524 174
-488 174
-456 172
-436 180
-468 138
-472 126
-480 156
-436 168
-468 154
-476 124
-480 120
-500 72
-472 74
-440 58
-452 38
-436 22
-420 6
-452 22
-508 38
-496 32
-480 10
-472 38
-464 46
-436 78
-476 88
-468 88
-456 92
-464 110
-452 102
-436 122
-436 134
-388 138
-388 128
-400 128
-468 144
-480 154
-460 148
-488 148
-480 112
-480 124
-448 118
-452 86
-444 62
-440 74
-464 70
-444 88
-456 66
-440 92
-448 90
-424 92
-424 98
-452 90
-436 70
-440 108
-464 126
-516 110
-512 128
-512 130
-504 134
-528 110
-524 166
-504 154
-504 148
-444 118
-444 82
-460 116
-496 120
-476 126
-524 142
-516 130
-516 142
-492 140
-448 134
-460 128
-520 168
-576 190
-532 184
-484 162
-440 172
-428 160
-472 180
-484 200
-512 206
-536 188
-492 178
-484 186
-508 208
-484 206
-476 174
-472 158
-464 146
-516 156
-460 134
-452 158
-464 180
-440 134
-396 112
-400 116
-400 114
-452 124
-424 94
-416 106
-396 124
-420 150
-448 154
-432 152
-440 178
-480 210
-480 226
-532 252
-520 236
-548 244
-512 246
-480 242
-452 212
-480 238
-520 268
-464 254
-548 276
-552 296
-612 320
-580 304
-584 304
-520 294
-560 306
-524 280
-512 258
-552 280
-504 278
-556 294
-528 300
-556 298
-564 292
-600 324
-600 326
-568 312
-572 304
-572 304
-604 288
-628 302
-576 296
-564 306
-584 320
-572 304
-508 250
-524 258
-500 266
-484 266
-552 290
-624 322
-604 322
-544 298
-592 320
-616 330
-576 318
-620 326
-576 320
-560 318
-528 300
-520 294
-520 292
-604 328
-548 312
-532 296
-516 294
-544 308
-580 306
-604 316
-580 312
-580 304
-588 308
-576 312
-588 324
-616 328
-576 302
-576 304
-556 314
-620 332
-596 324
-576 322
-592 318
-604 324
-628 338
-584 304
-540 276
-544 278
-548 270
-564 254
-532 228
-516 224
-520 232
-516 262
-496 264
-580 294
-564 292
-604 328
-572 306
-556 312
-580 318
-492 286
-512 278
-444 236
-456 248
-444 240
-500 260
-460 238
-476 242
-512 266
-492 262
-528 276
-520 282
-512 272
-528 260
-512 266
-516 266
-560 248
-532 232
-504 222
-520 244
-564 262
-516 244
-476 226
-500 230
-520 204
-480 200
-488 198
-488 214
-492 196
-464 202
-440 168
-456 194
-440 168
-436 142
-472 132
-448 78
-472 82
-492 66
-488 88
-496 88
-460 76
-400 66
-472 64
-476 78
-516 122
-464 134
-492 116
-520 120
-500 146
-444 134
-472 148
-400 164
-476 180
-504 184
-428 158
-480 184
-496 168
-500 180
-552 202
-592 202
-548 204
-564 224
-560 210
-540 214
-564 246
-544 212
-524 218
-492 220
-536 250
-584 238
-572 266
-540 242
-512 240
-500 220
-504 236
-508 236
-508 244
-504 238
-552 254
-508 260
-480 238
-484 246
-512 232
-492 226
-496 214
-540 250
-528 248
-544 260
-560 276
-556 290
-584 292
-600 294
-608 298
-596 308
-568 306
-580 318
-552 302
-524 290
-560 300
-556 300
-572 292
-520 276
-524 282
-520 290
-544 310
-556 310
-564 312
-580 306
-524 294
-552 306
-560 296
-552 292
-572 316
-568 304
-544 280
-524 268
-564 262
-540 248
-564 216
-556 222
-600 230
-564 244
-588 258
-564 254
-528 232
-512 204
-484 180
-444 124
-500 128
-472 124
-512 130
-500 124
-512 122
-496 136
-512 162
-504 174
-512 126
-428 66
-468 56
-408 48
-428 32
-420 38
-468 26
-388 48
-408 64
-372 68
-428 54
-424 24
-428 26
-488 46
-472 26
-476 30
-456 6
-468 76
-492 78
-528 94
-532 72
-520 118
-476 94
-452 72
-472 82
-452 64
-452 56
-448 80
-408 72
-420 46
-456 30
-440 2
-484 24
-548 34
-496 44
-436 4
-416 16
-420 28
-440 4
-468 30
-456 30
-448 24
-480 4
-488 2
-512 10
-516 72
-480 64
-512 72
-476 86
-464 86
-488 106
-484 78
-516 70
-536 96
-500 56
-464 20
-488 6
-464 10
-472 68
-456 68
-412 48
-440 18
-452 32
-500 22
-508 14
-520 42
-456 48
-488 74
-484 54
-436 34
-460 42
-444 14
-440 20
-416 18
-388 14
-396 6
-384 10
-428 28
-420 68
-432 82
-496 116
-496 106
-468 66
-456 48
-464 60
-520 90
-516 118
-488 96
-436 84
-428 102
-424 120
-480 152
-504 168
-504 180
-564 188
-516 200
-512 178
-576 198
-548 192
-508 200
-488 188
-520 194
-520 214
-528 206
-536 214
-532 246
-528 230
-476 206
-476 206
-520 234
-548 248
-524 246
-540 266
-504 246
-492 242
-516 242
-496 240
-548 274
-572 274
-516 256
-468 244
-500 220
-500 224
-484 208
-488 216
-504 244
-492 214
-508 232
-500 236
-492 226
-548 234
-520 216
-492 206
-496 168
-532 202
-544 212
-504 200
-532 216
-508 230
-552 256
-480 212
-508 224
-528 246
-476 234
-504 254
-504 252
-532 244
-532 226
-548 260
-556 270
-488 236
-508 248
-528 234
-492 234
-492 184
-504 182
-484 202
-468 180
-468 164
-456 166
-428 166
-420 136
-444 116
-404 120
-384 100
-440 128
-464 116
-460 130
-488 142
-484 160
-500 196
-476 194
-456 164
-508 154
-480 148
-492 146
-500 188
-472 168
-500 198
-500 206
-532 226
-560 254
-548 262
-564 276
-548 288
-568 310
-600 330
-664 354
-644 344
-648 356
-632 352
-588 328
-548 314
-476 268
-500 256
-488 252
-528 290
-524 264
-524 278
-532 272
-592 308
-552 284
-576 304
-612 318
-600 324
-572 314
-620 336
-592 328
-592 332
-628 340
-640 338
-596 320
-596 318
-604 308
-584 316
-608 310
-588 296
-576 290
-520 260
-512 232
-536 240
-508 222
-552 228
-544 256
-568 242
-568 272
-576 256
-600 264
-584 238
-492 218
-520 256
-528 262
-496 258
-536 252
-516 222
-508 244
-484 244
-468 224
-556 250
-552 268
-568 254
-548 266
-528 254
-564 266
-528 254
-540 258
-512 252
-508 262
-508 272
-508 226
-560 250
-532 232
-528 260
-468 232
-480 210
-464 216
-512 238
-536 242
-560 222
-516 204
-528 200
-512 176
-504 186
-484 148
-428 142
-452 138
-492 152
-460 136
-452 104
-476 122
-484 116
-480 122
-504 120
-488 130
-504 104
-528 122
-508 100
-492 112
-472 82
-440 54
-452 58
-416 52
-384 20
-416 52
-420 14
-456 34
-484 68
-472 30
-432 52
-440 42
-420 34
-376 8
-368 44
-368 26
-340 2
-360 6
-400 32
-444 34
-448 52
-396 34
-356 42
-408 30
-436 48
-436 30
-420 2
-404 30
-468 50
-432 64
-444 68
-436 26
-468 48
-440 6
-432 24
-468 30
-460 24
-448 26
-376 34
-428 56
-440 72
-472 102
-444 90
-432 86
-424 94
-412 72
-404 70
-388 116
-444 136
-404 116
-412 150
-420 156
-404 130
-420 124
-408 96
-452 108
-488 136
-464 144
-524 168
-504 158
-496 160
-520 178
-544 154
-492 140
-456 112
-480 132
-444 146
-468 142
-468 114
-432 114
-400 122
-436 132
-520 162
-480 144
-472 168
-520 182
-532 172
-532 174
-496 142
-508 166
-464 154
-528 170
-476 146
-488 148
-488 168
-484 142
-460 134
-436 112
-488 128
-424 132
-432 98
-392 94
-420 130
-428 186
-380 156
-416 158
-384 126
-368 132
-368 124
-348 132
-408 158
-468 188
-488 186
-472 192
-492 194
-504 196
-504 214
-500 220
-516 174
-496 204
-484 190
-472 188
-480 178
-492 188
-532 232
-528 212
-496 196
-496 196
-472 192
-460 168
-468 156
-492 170
-512 158
-448 158
-468 150
-532 176
-540 208
-512 198
-496 192
-512 176
-532 148
-540 144
-520 120
-504 98
-472 80
-524 64
-464 28
-456 60
-504 78
-512 82
-488 78
-480 68
-508 94
-440 68
-508 72
-452 62
-468 72
-424 60
-436 58
-400 74
-424 36
-460 10
-456 30
-456 24
-456 50
-436 64
-456 70
-484 84
-476 108
-444 112
-460 104
-452 70
-476 78
-476 106
-500 110
-480 128
-408 118
-416 174
-448 178
-480 150
-472 156
-472 176
-480 184
-504 230
-452 200
-500 206
-468 202
-512 206
-524 244
-508 222
-464 210
-516 214
-468 164
-436 174
-468 184
-480 172
-520 178
-496 176
-456 172
-468 180
-496 168
-456 150
-464 130
-428 116
-472 150
-484 134
-448 120
-456 84
-444 48
-516 76
-480 44
-496 74
-436 90
-448 60
-432 72
-416 52
-416 92
-392 42
-424 80
-408 78
-408 50
-436 64
-440 48
-432 0
-428 0
-440 10
-420 8
-392 2
-368 52
-408 56
-416 58
-392 72
-416 72
-432 86
-460 124
-452 118
-420 166
-468 214
-452 212
-404 198
-420 190
-392 170
-400 156
-380 136
-420 134
-464 130
-464 124
-484 138
-456 142
-416 96
-448 70
-432 54
-452 68
-428 74
-448 84
-456 94
-428 64
-424 54
-420 14
-468 22
-420 44
-420 64
-460 76
-440 134
-428 150
-408 136
-420 112
-472 128
-488 136
-452 100
-460 90
-416 76
-384 84
-420 48
-396 44
-472 60
-444 18
-448 32
-408 28
-444 0
-428 4
-392 62
-388 70
-416 70
-396 48
-432 56
-464 60
-472 60
-428 92
-440 96
-392 88
-388 66
-448 64
-472 80
-456 114
-508 124
-504 116
-484 90
-460 132
-508 136
-520 174
-492 174
-508 172
-512 186
-496 162
-472 180
-468 156
-480 126
-480 118
-480 82
-440 76
-416 62
-460 58
-444 28
-480 10
-464 28
-448 28
-432 8
-396 26
-396 0
-440 28
-428 52
-444 48
-428 70
-420 82
-372 80
-444 102
-384 122
-440 104
-452 76
-412 40
-384 48
-384 40
-384 34
-472 76
-448 74
-440 58
-444 74
-416 92
-432 102
-436 88
-464 122
-508 104
-540 110
-476 98
-484 80
-480 78
-476 46
-484 50
-448 38
-496 32
-508 8
-460 16
-472 4
-456 20
-436 34
-428 32
-432 6
-408 28
-412 2
-444 10
-416 4
-388 28
-416 26
-400 40
-424 70
-408 52
-444 84
-444 74
-440 120
-524 134
-564 112
-504 92
-524 90
-544 106
-488 102
-532 116
-528 110
-524 82
-480 90
-532 106
-524 104
-492 114
-504 122
-492 104
-516 92
-428 102
-428 114
-444 96
-432 106
-468 92
-516 96
-520 86
-476 66
-468 74
-492 42
-472 38
-484 22
-520 10
-536 44
-504 38
-500 58
-504 28
-548 22
-580 42
-540 34
-548 42
-544 50
-520 60
-508 70
-464 48
-500 52
-500 74
-500 64
-484 64
-472 54
-496 40
-476 18
-444 22
-480 28
-472 14
-484 34
-456 52
-468 42
-496 46
-472 54
-472 52
-468 62
-492 82
-488 30
-456 6
-468 2
-472 10
-444 4
-460 28
-508 22
-500 34
-552 6
-512 18
-484 32
-484 24
-500 10
-504 10
-488 20
-476 16
-480 0
-472 6
-464 8
-488 26
-420 2
-444 20
-448 54
-484 48
-452 28
-472 64
-464 56
-412 32
-412 34
-416 64
-416 62
-452 80
-428 46
-448 40
-512 56
-516 46
-472 32
-496 0
-484 10
-456 22
-440 38
-408 24
-428 40
-460 60
-456 114
-444 138
-524 136
-460 90
-476 100
-460 120
-544 138
-528 138
-468 144
-436 154
-400 146
-412 148
-412 174
-432 148
-460 148
-452 174
-468 176
-484 180
-464 162
-480 172
-460 184
-476 156
-436 162
-428 164
-472 168
-516 164
-516 176
-560 182
-548 204
-508 194
-480 174
-484 180
-472 186
-548 214
-472 190
-492 204
-512 206
-468 212
-528 248
-580 266
-572 274
-552 292
-536 286
-544 274
-536 274
-552 282
-528 250
-504 246
-452 220
-460 194
-464 220
-492 208
-432 210
-424 202
-416 198
-464 232
-492 250
-552 292
-584 302
-516 266
-516 268
-544 302
-560 308
-604 314
-620 326
-612 306
-564 300
-556 316
-524 292
-592 328
-624 336
-644 348
-676 360
-696 372
-648 348
-580 312
-560 296
-576 308
-548 312
-548 302
-568 320
-528 310
-528 292
-556 286
-564 296
-528 270
-544 272
-536 296
-544 300
-572 316
-600 322
-580 322
-560 304
-596 332
-600 322
-624 332
-628 340
-628 334
-612 330
-572 294
-544 270
-508 246
-504 238
-512 240
-564 288
-580 298
-568 296
-524 284
-556 302
-548 296
-572 312
-552 300
-608 338
-544 304
-528 278
-524 274
-556 302
-516 280
-512 268
-536 278
-536 300
-564 312
-600 326
-644 350
-680 360
-676 356
-640 352
-688 364
-668 354
-580 326
-644 350
-620 336
-616 330
-568 320
-548 294
-592 326
-572 308
-572 302
-532 268
-516 240
-504 230
-468 176
-468 162
-472 174
-480 162
-420 94
-472 104
-444 82
-456 92
-452 96
-464 62
-436 52
-408 38
-368 16
-372 44
-364 42
-396 34
-408 4
-404 28
-356 54
-424 38
-428 18
-352 32
-388 16
-408 8
-376 8
-376 24
-404 52
-420 80
-424 38
-448 44
-432 54
-464 60
-452 62
-440 12
-448 8
-488 24
-516 4
-468 18
-500 52
-504 6
-484 28
-508 58
-536 80
-484 68
-492 96
-484 102
-452 52
-484 40
-460 26
-496 52
-472 54
-472 100
-464 76
-480 106
-492 86
-436 64
-484 66
-492 102
-432 76
-440 72
-416 82
-440 78
-412 50
-468 54
-444 20
-440 16
-464 74
-452 72
-492 70
-476 128
-508 138
-464 128
-440 128
-452 148
-472 90
-468 138
-484 130
-484 122
-500 164
-520 148
-536 158
-528 152
-520 170
-472 180
-468 210
-432 204
-440 190
-440 196
-428 194
-484 188
-492 218
-480 220
-484 236
-504 246
-460 240
-540 262
-524 258
-516 262
-544 264
-548 262
-524 258
-496 212
-516 256
-520 280
-528 290
-492 282
-476 248
-508 280
-532 284
-492 254
-556 270
-528 228
-504 214
-496 198
-476 184
-476 152
-532 150
-532 146
-504 150
-464 160
-488 172
-512 204
-564 238
-536 248
-508 234
-536 250
-480 250
-492 234
-528 260
-488 246
-472 224
-464 240
-508 258
-528 266
-544 276
-540 286
-512 266
-508 264
-500 256
-496 284
-492 256
-496 262
-496 268
-484 260
-504 260
-500 264
-496 258
-476 250
-452 224
-452 192
-420 186
-372 172
-452 194
-404 184
-440 174
-404 158
-448 146
-464 184
-464 202
-516 216
-532 230
-516 228
-456 208
-468 172
-484 164
-472 164
-436 162
-436 178
-468 194
-428 182
-516 216
-528 240
-516 210
-500 200
-480 228
-512 254
-556 270
-564 248
-532 268
-488 260
-496 252
-460 230
-444 220
-480 232
-480 242
-496 234
-532 278
-516 284
-524 274
-464 256
-456 258
-476 268
-496 258
-516 258
-516 252
-528 242
-536 262
-540 276
-552 288
-588 316
-536 292
-532 292
-600 312
-572 288
-516 274
-524 266
-520 220
-508 242
-500 190
-460 160
-412 146
-456 148
-480 168
-508 216
-500 232
-496 258
-536 292
-552 304
-552 298
-548 290
-488 268
-488 268
-536 278
-572 306
-548 296
-548 308
-584 318
-532 294
-544 262
-564 264
-488 260
-520 240
-444 212
-536 232
-508 220
-472 220
-452 208
-504 208
-524 206
-544 208
-524 222
-572 238
-592 230
-532 234
-528 226
-512 204
-456 194
-492 192
-528 228
-516 222
-556 238
-528 232
-532 214
-504 194
-456 204
-460 220
-452 198
-500 202
-512 216
-496 214
-524 216
-496 218
-480 214
-444 204
-476 182
-504 182
-520 188
-484 176
-436 136
-472 152
-484 152
-508 152
-568 162
-560 162
-560 174
-504 180
-500 156
-532 176
-504 206
-468 206
-536 238
-528 242
-496 208
-460 192
-468 238
-480 222
-484 230
-464 204
-548 252
-548 268
-556 282
-476 244
-480 252
-488 252
-520 280
-496 254
-508 268
-508 262
-532 292
-552 292
-492 258
-516 254
-508 256
-512 254
-560 240
-528 258
-536 274
-568 292
-588 300
-540 278
-528 290
-548 312
-580 328
-656 346
-616 332
-640 334
-624 318
-592 322
-596 318
-568 316
-624 334
-612 326
-624 320
-640 334
-672 356
-640 338
-632 334
-620 332
-636 340
-620 344
-600 340
-584 324
-564 310
-600 312
-584 312
-536 288
-480 264
-452 222
-460 242
-504 232
-488 232
-520 218
-492 226
-508 212
-540 242
-556 236
-556 248
-572 276
-544 276
-520 268
-512 258
-548 274
-564 288
-600 308
-536 292
-516 284
-548 294
-548 300
-568 300
-488 274
-536 284
-488 278
-504 292
-524 294
-588 316
-576 282
-516 272
-548 290
-548 260
-544 238
-536 230
-540 238
-516 196
-520 204
-516 196
-432 166
-504 180
-448 160
-456 164
-488 164
-508 178
-516 196
-548 206
-544 192
-560 188
-532 212
-504 212
-524 190
-516 180
-508 166
-544 134
-520 122
-556 140
-520 164
-508 170
-524 150
-480 134
-468 172
-488 132
-484 112
-496 102
-528 70
-488 58
-456 36
-492 66
-472 34
-452 26
-496 22
-488 30
-480 26
-472 30
-456 82
-440 50
-468 56
-472 54
-456 58
-464 58
-484 98
-484 112
-548 144
-564 166
-520 154
-540 156
-588 198
-520 208
-560 248
-564 266
-548 232
-528 222
-540 224
-528 226
-532 220
-480 218
-504 232
-524 234
-452 210
-504 226
-500 220
-448 208
-468 194
-488 200
-516 198
-516 198
-532 194
-516 188
-488 168
-484 190
-500 212
-504 228
-532 254
-520 258
-548 290
-596 298
-572 296
-540 274
-508 260
-504 242
-520 262
-496 256
-516 272
-508 274
-504 270
-532 288
-548 284
-580 302
-572 286
-544 284
-496 268
-452 232
-496 234
-460 214
-468 234
-460 228
-468 246
-484 258
-480 268
-500 260
-536 302
-564 306
-576 318
-608 342
-636 348
-576 312
-616 334
-572 322
-584 332
-596 340
-580 326
-564 312
-548 290
-600 308
-560 302
-564 300
-548 308
-588 302
-588 304
-576 318
-548 310
-496 270
-528 272
-564 276
-580 294
-576 296
-572 308
-576 294
-596 318
-616 340
-596 328
-580 322
-516 288
-512 268
-536 280
-568 314
-572 306
-520 292
-500 282
-504 286
-536 296
-504 302
-560 296
-552 290
-524 288
-476 260
-488 248
-500 236
-488 256
-532 280
-512 274
-588 308
-544 278
-548 276
-564 278
-544 274
-588 310
-580 294
-532 262
-560 266
-556 248
-632 268
-588 264
-540 244
-500 238
-460 210
-432 188
-464 224
-420 204
-448 194
-464 206
-396 162
-480 208
-548 246
-540 234
-484 228
-508 236
-508 244
-520 284
-552 310
-580 314
-572 316
-568 312
-616 326
-624 332
-604 304
-564 290
-548 258
-500 272
-536 254
-548 246
-552 276
-556 266
-560 284
-568 294
-580 308
-608 328
-640 346
-604 338
-668 356
-584 332
-608 334
-640 346
-636 346
-592 318
-596 324
-540 304
-560 308
-572 300
-568 284
-556 282
-500 260
-472 246
-464 242
-452 244
-528 272
-488 260
-504 264
-508 272
-504 272
-572 294
-596 300
-548 294
-508 272
-484 244
-504 230
-452 202
-436 232
-508 264
-496 256
-500 246
-484 218
-460 190
-512 182
-524 192
-488 156
-464 172
-400 126
-392 112
-424 166
-488 212
-548 232
-532 234
-532 224
-512 220
-536 246
-536 238
-572 250
-516 242
-476 224
-500 224
-444 206
-496 200
-536 232
-524 242
-560 244
-508 234
-536 240
-556 246
-524 228
-592 256
-544 232
-588 248
-580 238
-580 248
-524 228
-592 276
-600 296
-608 308
-596 296
-592 294
-520 274
-532 260
-540 256
-560 238
-560 246
-592 258
-580 248
-564 246
-552 256
-548 270
-532 246
-564 216
-548 216
-520 204
-564 196
-512 184
-488 158
-448 126
-484 126
-484 138
-448 144
-440 166
-456 160
-448 156
-476 194
-456 170
-452 206
-444 216
-448 194
-432 196
-408 210
-528 292
-532 288
-540 280
-644 330
-640 326
-576 304
-576 292
-512 284
-548 286
-532 268
-552 270
-588 296
-584 292
-524 268
-496 266
-520 284
-532 270
-552 288
-548 304
-472 256
-420 214
-484 188
-492 226
-504 240
-468 214
-496 208
-488 166
-480 130
-456 108
-464 96
-428 90
-376 56
-372 50
-380 12
-392 14
-436 4
-388 18
-364 4
-396 16
-368 4
-376 12
-416 68
-424 96
-436 100
-412 96
-356 114
-412 136
-356 114
-384 136
-452 160
-492 210
-480 190
-448 166
-516 200
-540 234
-556 234
-508 218
-516 192
-516 204
-508 194
-492 200
-464 172
-504 188
-428 176
-428 190
-432 188
-444 202
-436 202
-440 252
-492 268
-496 282
-556 312
-596 328
-548 296
-580 310
-576 308
-588 304
-600 318
-588 292
-568 276
-544 290
-544 278
-544 276
-508 266
-520 270
-540 268
-524 282
-552 302
-516 274
-544 264
-468 248
-488 246
-452 232
-504 254
-484 242
-528 222
-484 196
-500 188
-504 174
-500 202
-464 212
-452 210
-472 192
-516 212
-492 182
-456 178
-492 178
-532 182
-504 170
-488 180
-520 184
-472 166
-476 156
-528 146
-512 120
-512 152
-524 136
-532 140
-504 182
-508 198
-536 166
-524 150
-552 176
-544 190
-480 202
-540 224
-520 234
-544 252
-520 228
-540 258
-524 258
-536 258
-500 254
-464 238
-468 200
-520 222
-556 222
-544 216
-476 214
-456 208
-448 176
-428 174
-444 144
