10 35
-374 199
-354 191
-338 193
-402 211
-402 207
-406 213
-358 193
-382 201
-382 201
-378 201
-382 195
-390 201
-418 217
-390 205
-374 185
-362 181
-338 161
-322 159
-318 175
-346 171
-314 157
-322 163
-298 165
-322 169
-334 167
-302 173
-322 183
-342 191
-366 197
-338 187
-370 199
-358 199
-354 193
-398 205
-398 207
-374 197
-338 181
-326 185
-382 205
-378 203
-390 207
-418 215
-414 213
-430 219
-410 215
-402 211
-410 215
-390 203
-378 199
-374 197
-370 197
-338 185
-318 169
-362 181
-366 179
-374 191
-358 187
-382 203
-346 189
-358 193
-390 197
-402 205
-390 199
-354 197
-398 211
-402 209
-382 201
-386 205
-382 201
-406 209
-418 217
-394 207
-366 201
-358 189
-362 195
-374 197
-378 195
-362 195
-366 191
-354 189
-294 173
-310 165
-318 151
-298 151
-310 143
-310 141
-282 137
-274 121
-286 125
-302 145
-330 171
-290 153
-318 153
-330 151
-306 145
-302 153
-310 151
-322 151
-342 183
-326 173
-318 165
-294 151
-346 163
-334 159
-310 151
-306 135
-286 149
-294 143
-290 137
-330 161
-302 173
-250 157
-318 173
-330 189
-310 173
-326 159
-358 167
-334 161
-326 161
-326 169
-342 179
-366 179
-370 177
-366 173
-342 169
-346 161
-338 145
-338 161
-370 181
-330 163
-318 157
-346 147
-318 141
-298 135
-290 135
-290 123
-298 143
-298 129
-318 143
-322 149
-342 171
-354 185
-350 179
-306 155
-330 159
-306 149
-306 139
-310 145
-346 151
-310 165
-290 161
-294 155
-330 173
-346 157
-350 151
-334 173
-322 155
-322 119
-326 135
-302 127
-290 133
-290 141
-334 171
-350 183
-326 175
-354 185
-326 183
-302 165
-286 129
-258 135
-246 125
-266 117
-254 135
-326 167
-314 161
-358 191
-354 195
-302 173
-310 175
-318 183
-318 177
-302 161
-314 169
-350 187
-390 205
-378 199
-326 189
-354 193
-382 205
-366 203
-390 205
-346 191
-378 201
-382 203
-354 195
-378 203
-398 209
-386 203
-386 207
-358 195
-354 187
-346 191
-326 179
-302 171
-294 181
-342 183
-326 173
-342 177
-350 181
-350 187
-370 181
-378 201
-350 189
-346 181
-274 155
-286 141
-334 153
-306 147
-322 145
-282 131
-314 159
-354 177
-362 175
-322 163
-342 179
-338 177
-298 165
-318 171
-302 171
-330 189
-346 177
-346 175
-350 187
-306 175
-306 179
-346 191
-318 187
-362 195
-330 185
-318 179
-334 179
-326 159
-294 141
-270 117
-286 117
-318 105
-346 117
-294 119
-298 127
-342 139
-314 145
-310 147
-330 163
-330 169
-342 173
-326 169
-326 167
-346 179
-346 189
-346 183
-334 177
-334 173
-342 171
-322 175
-306 173
-314 159
-302 163
-314 155
-302 153
-310 165
-314 175
-310 175
-354 195
-334 171
-290 167
-294 165
-282 165
-342 189
-354 187
-342 187
-318 175
-326 181
-306 169
-314 165
-286 161
-306 163
-314 169
-334 169
-350 185
-358 187
-370 195
-310 173
-322 183
-346 177
-370 181
-366 187
-362 187
-350 193
-346 185
-306 177
-330 183
-326 187
-374 203
-350 195
-394 211
-350 195
-326 183
-338 183
-342 189
-322 183
-330 175
-350 189
-370 193
-318 177
-294 173
-334 181
-366 187
-354 177
-358 173
-354 171
-362 183
-334 181
-358 191
-358 191
-326 189
-362 199
-338 181
-358 193
-330 181
-322 185
-386 199
-390 207
-398 207
-410 213
-366 201
-370 203
-374 205
-374 201
-354 191
-362 195
-358 193
-374 201
-362 187
-362 195
-342 185
-342 189
-342 185
-330 163
-334 165
-318 159
-354 181
-350 189
-374 193
-358 189
-330 181
-346 181
-350 189
-346 187
-330 177
-334 193
-354 191
-350 187
-386 199
-382 195
-354 193
-330 187
-294 153
-298 169
-322 167
-306 157
-306 157
-326 179
-358 191
-342 183
-334 189
-370 195
-366 195
-326 181
-350 187
-346 183
-310 165
-306 157
-294 155
-302 163
-246 145
-294 155
-270 141
-262 155
-302 167
-322 167
-306 165
-318 163
-318 147
-314 139
-318 155
-306 165
-334 173
-358 185
-334 181
-326 173
-342 175
-382 203
-350 197
-382 205
-374 205
-374 203
-390 205
-402 211
-402 209
-378 201
-350 189
-382 205
-378 199
-382 207
-406 211
-382 201
-382 203
-402 209
-418 215
-434 221
-374 203
-382 205
-402 211
-402 211
-422 217
-382 205
-358 201
-334 191
-346 193
-366 193
-334 185
-350 191
-318 179
-330 183
-342 183
-354 187
-322 177
-302 169
-306 167
-342 189
-366 197
-322 181
-334 187
-342 189
-318 171
-306 149
-310 151
-278 143
-250 149
-346 189
-354 195
-382 207
-382 203
-342 191
-362 195
-358 199
-362 195
-366 193
-358 185
-354 191
-346 185
-422 215
-418 217
-414 215
-378 203
-402 213
-406 213
-414 215
-386 199
-378 199
-354 183
-282 171
-322 167
-334 185
-310 179
-342 181
-366 193
-358 199
-334 189
-358 191
-358 197
-378 201
-390 207
-394 207
-374 201
-378 205
-398 211
-394 205
-362 195
-350 183
-346 185
-358 189
-314 175
-318 167
-318 169
-298 155
-298 167
-318 177
-306 179
-358 185
-370 195
-386 201
-366 197
-338 189
-366 197
-350 191
-358 185
-346 189
-318 177
-338 177
-362 189
-366 177
-346 169
-338 167
-326 177
-350 189
-350 191
-346 183
-338 185
-362 191
-338 187
-354 181
-338 177
-330 179
-334 181
-366 191
-346 189
-366 201
-366 197
-346 175
-378 187
-390 201
-398 201
-410 203
-370 189
-310 161
-310 167
-306 153
-326 165
-370 195
-382 191
-322 183
-310 171
-326 163
-366 189
-362 183
-334 173
-358 189
-362 199
-370 203
-346 195
-338 179
-334 175
-298 159
-326 169
-330 155
-294 155
-286 149
-298 157
-314 175
-362 189
-338 189
-358 197
-366 187
-358 189
-346 189
-386 205
-366 191
-330 181
-362 195
-374 199
-366 191
-358 191
-358 197
-390 207
-338 181
-330 187
-338 177
-342 187
-334 185
-370 203
-310 175
-354 189
-338 179
-330 175
-362 193
-390 207
-382 201
-362 183
-350 185
-334 167
-338 153
-334 153
-306 161
-302 159
-326 159
-358 177
-370 191
-342 179
-358 195
-346 185
-378 195
-362 185
-378 199
-374 199
-358 201
-342 189
-366 203
-406 211
-390 205
-390 207
-378 203
-366 193
-378 199
-378 199
-374 201
-358 195
-350 183
-334 181
-310 171
-250 139
-274 139
-314 161
-346 163
-310 155
-286 151
-266 129
-238 85
-202 59
-226 49
-262 55
-250 43
-274 41
-254 41
-258 49
-218 49
-250 83
-290 107
-250 95
-262 95
-274 115
-226 99
-258 121
-302 145
-334 165
-366 165
-358 181
-326 179
-346 183
-370 193
-326 179
-338 171
-318 149
-294 149
-310 149
-254 131
-278 137
-326 159
-326 161
-322 153
-302 147
-306 163
-314 163
-350 171
-330 161
-342 165
-342 175
-378 187
-370 181
-342 183
-346 177
-342 173
-358 187
-358 189
-342 185
-334 183
-358 185
-334 163
-346 167
-354 181
-358 181
-334 179
-346 181
-350 183
-390 205
-350 195
-362 197
-342 187
-358 193
-382 197
-374 201
-358 191
-374 201
-362 185
-390 205
-394 205
-330 187
-326 169
-342 181
-318 173
-326 171
-322 169
-334 181
-342 191
-342 185
-330 183
-330 171
-362 185
-342 183
-342 189
-350 191
-346 197
-386 207
-394 207
-346 189
-346 183
-342 173
-370 201
-366 201
-370 193
-346 177
-354 185
-362 173
-330 157
-330 163
-298 175
-382 199
-390 207
-370 201
-370 201
-358 195
-374 197
-350 187
-374 201
-418 217
-370 201
-362 197
-378 203
-378 203
-374 199
-350 193
-358 193
-350 187
-378 191
-378 191
-358 193
-386 205
-382 203
-354 193
-358 193
-310 167
-350 191
-350 195
-390 205
-390 207
-362 197
-354 193
-374 201
-386 203
-374 199
-366 195
-358 185
-390 193
-406 211
-374 201
-386 203
-402 211
-382 203
-406 213
-390 205
-330 181
-306 171
-298 169
-322 181
-310 181
-378 203
-346 187
-362 195
-346 195
-390 207
-386 205
-374 201
-362 191
-350 193
-366 199
-374 189
-358 183
-410 215
-382 199
-326 185
-342 187
-358 185
-366 187
-382 205
-374 193
-366 191
-370 187
-322 181
-322 167
-334 175
-330 163
-326 161
-334 169
-366 193
-390 205
-334 189
-330 185
-318 171
-306 159
-310 155
-298 143
-306 161
-322 163
-306 153
-330 161
-346 165
-338 161
-338 157
-358 169
-346 167
-342 161
-382 181
-330 155
-330 165
-306 165
-314 163
-290 161
-326 177
-330 181
-298 167
-310 167
-306 155
-326 179
-358 191
-366 199
-386 209
-418 217
-418 217
-386 205
-398 209
-370 189
-358 193
-306 173
-318 175
-338 177
-338 167
-302 163
-334 173
-342 175
-370 179
-346 179
-374 193
-366 193
-378 195
-370 199
-398 209
-378 201
-366 195
-366 195
-394 207
-374 199
-378 205
-346 189
-350 185
-358 189
-326 179
-334 179
-362 199
-390 207
-346 193
-330 185
-350 187
-290 171
-314 169
-282 151
-326 177
-298 175
-274 153
-270 149
-306 149
-282 139
-302 143
-282 139
-318 149
-290 159
-314 167
-318 163
-346 175
-334 175
-294 167
-286 157
-310 159
-354 193
-374 201
-410 213
-394 211
-346 179
-350 185
-350 187
-354 195
-390 209
-382 201
-402 213
-418 217
-378 201
-366 199
-406 207
-382 203
-342 193
-370 193
-358 199
-350 191
-366 197
-310 171
-350 163
-326 157
-318 155
-302 159
-326 181
-322 175
-310 165
-330 177
-342 187
-338 191
-374 203
-398 211
-386 205
-350 189
-354 191
-358 197
-354 195
-354 189
-326 173
-330 161
-318 163
-342 177
-378 189
-374 193
-338 179
-334 185
-338 187
-338 189
-314 179
-326 185
-350 187
-362 191
-350 187
-374 189
-362 187
-346 185
-342 175
-346 175
-350 185
-334 179
-366 191
-370 183
-350 187
-346 189
-326 165
-294 149
-306 159
-306 159
-314 183
-370 193
-382 201
-374 201
-390 207
-366 193
-346 177
-358 183
-314 183
-350 185
-358 187
-330 169
-294 141
-318 149
-298 141
-314 135
-338 161
-354 181
-346 187
-362 183
-354 181
-366 187
-358 193
-342 187
-370 201
-390 207
-374 203
-338 185
-354 189
-326 187
-342 191
-358 193
-386 207
-398 211
-434 221
-422 217
-394 207
-410 213
-378 207
-382 203
-406 211
-366 203
-362 197
-378 205
-378 203
-410 213
-394 209
-394 207
-378 205
-338 187
-306 169
-326 181
-334 185
-338 187
-358 193
-366 197
-318 175
-386 205
-382 205
-362 199
-358 195
-362 191
-346 177
-342 179
-334 175
-330 177
-354 187
-342 181
-346 179
-366 175
-370 185
-330 159
-318 163
-330 169
-350 179
-370 187
-358 179
-366 181
-346 183
-322 177
-326 173
-294 175
-282 161
-262 157
-298 169
-326 173
-354 187
-370 201
-374 195
-350 195
-374 203
-354 195
-350 195
-338 169
-326 171
-302 147
-274 141
-298 133
-298 121
-302 115
-314 115
-330 121
-330 123
-322 129
-338 129
-306 139
-354 121
-318 85
-326 95
-346 113
-314 117
-294 121
-314 151
-342 169
-366 197
-338 187
-326 179
-314 165
-362 183
-358 185
-302 167
-338 183
-302 147
-294 151
-338 169
-354 171
-346 177
-338 173
-310 167
-306 159
-366 195
-366 195
-350 185
-350 191
-354 193
-350 189
-334 187
-326 173
-346 177
-342 187
-358 191
-354 197
-310 177
-298 173
-330 187
-322 181
-370 197
-366 197
-366 193
-334 185
-342 185
-326 179
-322 169
-338 181
-302 153
-270 133
-278 141
-274 125
-266 115
-286 121
-250 105
-266 131
-266 135
-278 119
-270 121
-266 125
-274 133
-294 153
-314 159
-334 173
-346 173
-306 149
-322 157
-270 145
-290 151
-338 183
-326 171
-334 173
-302 149
-310 149
-298 167
-298 141
-302 153
-314 173
-302 167
-298 171
-322 189
-346 187
-334 181
-330 165
-298 145
-286 153
-258 133
-282 139
-274 153
-294 161
-318 175
-278 143
-282 139
-290 139
-306 143
-326 129
-338 131
-282 123
-282 109
-322 149
-326 165
-338 169
-334 185
-390 205
-398 209
-374 199
-374 199
-410 215
-394 209
-390 207
-342 193
-370 201
-378 207
-386 205
-318 179
-346 187
-402 207
-394 207
-382 205
-358 199
-314 183
-338 175
-306 173
-318 177
-342 195
-362 199
-346 189
-342 187
-338 175
-338 177
-326 171
-318 179
-322 173
-334 177
-338 181
-358 177
-338 181
-346 183
-330 181
-298 171
-346 193
-354 197
-358 201
-338 187
-310 179
-354 185
-346 181
-302 157
-342 181
-370 191
-410 209
-386 203
-370 197
-350 197
-378 201
-382 203
-354 195
-370 199
-354 197
-354 195
-362 195
-382 203
-378 197
-350 185
-346 185
-382 191
-366 199
-406 209
-370 199
-362 193
-334 181
-358 191
-354 191
-330 183
-322 183
-342 191
-362 195
-362 197
-366 197
-390 205
-382 203
