14 11
-370 197
-362 199
-350 189
-386 203
-414 211
-406 211
-366 199
-342 189
-358 185
-338 183
-350 185
-342 189
-338 187
-370 187
-362 183
-386 197
-350 183
-358 183
-330 175
-330 173
-298 163
-254 159
-286 165
-318 181
-350 191
-350 183
-362 183
-354 193
-414 215
-386 209
-382 207
-414 213
-386 209
-358 197
-358 185
-350 189
-358 185
-334 175
-326 173
-310 177
-330 187
-342 183
-374 193
-410 205
-394 209
-370 203
-386 209
-362 199
-342 191
-374 195
-350 189
-358 195
-342 185
-362 171
-330 173
-330 177
-310 155
-306 177
-318 173
-322 173
-346 185
-330 191
-318 177
-302 163
-266 143
-258 141
-266 153
-318 167
-318 169
-322 179
-374 197
-346 193
-314 177
-326 157
-326 161
-290 149
-298 157
-294 149
-326 163
-330 163
-326 173
-358 187
-338 175
-346 183
-366 197
-370 201
-386 207
-370 201
-366 201
-370 201
-386 207
-346 189
-354 189
-354 191
-374 195
-378 201
-394 205
-386 199
-350 191
-350 191
-310 183
-354 193
-342 185
-362 189
-354 181
-334 179
-294 171
-326 183
-330 179
-382 201
-382 203
-374 203
-338 193
-326 187
-350 179
-294 165
-322 181
-354 193
-342 185
-386 207
-382 199
-362 193
-358 199
-386 205
-418 215
-362 201
-358 191
-362 199
-374 203
-362 201
-350 191
-326 179
-318 173
-346 193
-342 179
-342 183
-370 197
-402 211
-390 205
-382 203
-386 205
-358 185
-342 185
-338 187
-362 195
-322 185
-386 205
-362 191
-370 195
-330 165
-346 177
-366 187
-342 183
-358 195
-350 191
-358 197
-354 193
-358 195
-402 209
-382 207
-358 195
-350 197
-366 197
-366 195
-370 197
-354 187
-358 193
-346 195
-370 197
-330 187
-346 193
-386 203
-382 207
-334 185
-350 191
-346 187
-310 165
-294 155
-310 165
-314 175
-330 181
-338 173
-310 167
-294 153
-286 131
-298 147
-298 149
-306 155
-310 169
-310 171
-306 159
-270 145
-270 145
-318 165
-334 175
-354 189
-306 177
-330 179
-346 169
-362 187
-358 183
-334 171
-338 187
-354 195
-342 191
-366 199
-366 195
-374 195
-378 199
-346 191
-338 185
-358 197
-374 203
-346 189
-358 195
-354 199
-370 199
-386 203
-370 197
-338 189
-330 187
-330 177
-314 187
-338 187
-318 179
-338 189
-366 195
-362 195
-390 205
-382 203
-342 189
-346 189
-322 181
-338 183
-322 179
-334 187
-346 187
-362 195
-366 199
-350 187
-322 175
-346 193
-358 191
-334 175
-322 179
-318 173
-346 183
-362 197
-354 197
-390 207
-362 195
-362 195
-346 187
-314 175
-318 167
-326 159
-354 171
-302 153
-302 157
-306 141
-294 115
-298 103
-298 97
-306 95
-266 71
-266 51
-246 51
-238 31
-222 45
-258 81
-234 75
-258 97
-282 105
-298 99
-294 97
-290 93
-254 95
-310 103
-342 129
-318 115
-286 95
-270 103
-262 117
-254 133
-278 147
-298 131
-298 129
-290 141
-302 145
-258 125
-246 123
-278 155
-322 181
-346 183
-338 189
-346 189
-302 157
-322 177
-298 161
-294 145
-278 139
-322 157
-314 151
-298 155
-306 155
-294 153
-298 153
-310 169
-310 169
-326 177
-314 173
-330 185
-330 183
-326 173
-338 171
-334 165
-350 179
-338 181
-350 179
-326 173
-350 185
-366 197
-342 183
-370 201
-378 201
-354 185
-342 193
-366 189
-290 163
-286 153
-310 169
-290 157
-294 151
-258 131
-298 149
-314 163
-322 177
-298 171
-338 175
-330 165
-346 179
-346 181
-330 179
-310 177
-314 183
-362 195
-354 189
-338 189
-362 197
-318 179
-330 185
-366 191
-354 193
-402 209
-398 209
-378 203
-382 205
-402 211
-386 205
-346 187
-298 169
-338 177
-322 163
-318 165
-334 169
-326 161
-254 117
-274 117
-258 107
-266 121
-278 113
-302 137
-282 129
-310 117
-274 119
-278 127
-286 109
-278 93
-266 99
-270 107
-302 133
-278 131
-290 127
-266 125
-230 105
-254 109
-270 123
-282 119
-310 125
-302 121
-262 99
-274 131
-298 153
-286 135
-290 143
-326 147
-322 149
-286 125
-278 129
-258 131
-262 139
-290 137
-298 133
-278 125
-246 131
-274 125
-270 123
-298 115
-306 131
-290 127
-338 169
-326 165
-334 157
-310 161
-310 169
-286 157
-314 181
-334 181
-354 191
-358 199
-358 201
-358 191
-350 191
-366 189
-330 171
-322 165
-294 157
-310 169
-298 169
-314 177
-338 185
-322 175
-290 163
-290 153
-318 163
-298 161
-298 163
-326 173
-334 181
-270 159
-310 165
-318 173
-314 159
-290 147
-290 163
-262 147
-278 141
-314 175
-306 175
-334 187
-354 195
-342 189
-326 185
-358 189
-354 189
-358 193
-382 203
-334 187
-370 201
-342 189
-326 173
-334 181
-306 169
-322 181
-374 201
-366 199
-350 193
-394 211
-402 211
-426 219
-386 205
-366 197
-374 203
-370 203
-318 189
-394 203
-402 209
-414 215
-398 207
-374 199
-346 193
-302 151
-306 153
-334 175
-346 185
-354 187
-310 161
-342 177
-354 183
-342 179
-354 175
-358 167
-298 153
-322 173
-338 181
-330 165
-330 179
-310 171
-330 177
-354 183
-374 195
-366 185
-354 179
-326 173
-358 195
-374 193
-378 191
-350 181
-354 187
-334 181
-334 181
-314 179
-306 171
-310 175
-302 167
-302 151
-314 157
-294 149
-286 145
-274 147
-254 137
-294 167
-362 199
-366 199
-350 195
-354 195
-338 181
-310 171
-330 179
-294 155
-322 169
-262 155
-298 153
-302 153
-306 161
-326 177
-314 181
-326 187
-378 203
-370 203
-398 209
-374 203
-342 191
-370 203
-366 195
-390 209
-398 211
-402 207
-378 199
-362 199
-354 197
-354 195
-362 197
-310 181
-342 185
-314 179
-326 177
-306 167
-330 161
-346 177
-350 181
-358 179
-322 177
-326 175
-346 187
-290 161
-298 161
-294 153
-282 143
-298 167
-358 181
-378 189
-362 183
-338 181
-306 157
-318 159
-326 167
-318 169
-342 163
-310 151
-330 169
-338 175
-322 157
-318 141
-286 133
-318 159
-302 141
-310 155
-342 171
-338 165
-326 163
-358 179
-326 171
-318 163
-314 171
-322 181
-354 187
-374 199
-370 191
-354 191
-362 197
-350 189
-362 195
-322 171
-318 171
-338 173
-338 173
-314 153
-294 129
-254 125
-318 159
-302 153
-302 159
-274 137
-314 155
-294 163
-266 139
-294 145
-266 135
-274 129
-282 131
-334 157
-314 157
-306 173
-302 161
-330 179
-298 169
-338 181
-358 189
-342 187
-306 161
-358 191
-310 171
-338 183
-338 189
-362 191
-298 171
-362 187
-358 197
-334 191
-306 179
-314 179
-306 141
-294 131
-302 147
-290 157
-286 153
-318 163
-310 149
-306 153
-310 161
-298 151
-294 141
-294 135
-318 143
-310 135
-322 149
-270 133
-270 135
-294 153
-262 127
-302 147
-318 153
-322 157
-342 173
-310 169
-334 179
-314 167
-322 175
-326 179
-318 165
-358 181
-330 165
-318 159
-318 151
-318 159
-338 161
-326 153
-358 151
-322 141
-322 145
-330 137
-310 129
-294 137
-282 115
-266 111
-258 103
-246 89
-234 73
-234 81
-230 89
-222 121
-230 133
-222 119
-246 121
-262 131
-274 129
-250 123
-270 111
-262 105
-286 111
-274 123
-326 131
-334 137
-314 131
-306 121
-298 125
-270 121
-298 119
-294 103
-290 107
-314 135
-282 139
-310 157
-322 161
-310 137
-270 127
-318 157
-330 153
-306 153
-306 165
-278 165
-298 161
-326 167
-322 163
-314 167
-298 177
-350 179
-358 189
-346 171
-330 167
-338 165
-326 167
-278 163
-322 169
-322 167
-306 163
-298 163
-286 155
-290 155
-322 171
-318 181
-310 175
-338 183
-326 165
-334 179
-306 167
-346 183
-390 203
-402 213
-398 207
-370 201
-386 207
-418 215
-374 203
-366 195
-362 183
-370 195
-362 197
-334 163
-354 181
-366 189
-378 185
-334 173
-302 161
-254 133
-298 159
-262 143
-274 137
-306 159
-310 147
-318 171
-338 177
-342 185
-354 189
-342 171
-366 175
-350 173
-346 159
-342 149
-326 139
-346 161
-306 151
-306 127
-314 113
-338 101
-330 101
-294 101
-286 83
-286 87
-286 85
-262 75
-294 73
-294 75
-286 99
-282 113
-258 109
-262 91
-278 105
-306 101
-306 109
-306 103
-286 99
-266 101
-242 69
-258 97
-270 97
-258 99
-266 75
-258 91
-246 121
-266 131
-282 113
-274 117
-266 97
-266 101
-282 111
-282 87
-278 97
-290 119
-322 143
-334 169
-330 167
-346 181
-310 171
-282 159
-298 173
-314 165
-318 165
-370 195
-374 185
-358 199
-310 179
-346 193
-314 179
-306 173
-310 169
-378 197
-358 185
-326 185
-346 191
-382 199
-354 197
-338 189
-350 189
-330 183
-358 197
-330 183
-326 177
-318 173
-350 189
-358 183
-350 183
-330 171
-290 161
-274 157
-338 177
-298 167
-298 163
-286 165
-298 163
-310 165
-310 167
-278 147
-310 153
-310 169
-342 187
-358 199
-350 193
-334 191
-322 187
-326 181
-350 193
-366 201
-330 189
-346 191
-342 191
-374 199
-382 203
-382 203
-358 187
-354 195
-310 187
-378 205
-378 203
-330 183
-346 187
-326 179
-362 187
-346 193
-358 191
-362 195
-394 209
-402 211
-390 209
-378 207
-378 201
-398 207
-358 189
-314 175
-366 193
-342 189
-326 173
-294 163
-270 161
-318 177
-350 183
-378 195
-358 193
-362 183
-370 183
-330 189
-330 183
-334 193
-342 185
-370 197
-346 195
-366 197
-354 195
-362 195
-302 179
-322 175
-338 189
-350 189
-362 189
-342 185
-326 177
-358 187
-342 191
-346 187
-350 189
-350 195
-362 197
-318 179
-290 171
-282 159
-346 177
-366 197
-390 209
-342 187
-342 189
-362 195
-362 199
-358 195
-386 205
-370 203
-398 205
-398 211
-394 211
-406 209
-394 207
-374 193
-362 191
-314 179
-290 159
-306 167
-310 167
-302 169
-354 185
-342 183
-318 181
-278 163
-290 163
-298 157
-274 147
-282 147
-278 155
-286 157
-290 169
-294 167
-338 195
-346 193
-378 205
-398 209
-346 195
-354 185
-362 197
-354 195
-330 185
-338 189
-370 203
-318 185
-354 185
-326 183
-358 189
-342 187
-346 191
-362 197
-314 173
-318 155
-330 169
-338 167
-330 177
-342 171
-330 163
-314 163
-354 189
-370 193
-346 195
-366 199
-382 205
-402 211
-414 213
-366 195
-382 199
-382 201
-406 211
-366 201
-390 207
-362 195
-342 187
-354 193
-350 195
-338 187
-374 199
-426 219
-398 211
-378 203
-330 187
-362 201
-330 181
-338 181
-398 205
-406 211
-394 211
-398 209
-394 207
-382 205
-350 197
-382 205
-346 193
-350 191
-350 187
-334 185
-346 187
-374 201
-362 185
-374 185
-350 179
-362 193
-370 195
-350 197
-366 195
-350 191
-330 181
-354 187
-378 185
-382 189
-358 193
-382 195
-378 205
-394 209
-382 203
-370 199
-386 207
-374 193
-378 195
-342 181
-350 197
-354 195
-338 193
-374 203
-366 199
-386 205
-382 203
-358 193
-346 195
-314 181
-362 189
-358 181
-346 175
-326 165
-366 185
-338 175
-354 183
-326 167
-314 175
-362 195
-334 185
-318 159
-346 185
-342 189
-358 195
-346 191
-334 187
-358 195
-346 185
-322 177
-370 197
-350 191
-386 201
-354 191
-354 199
-302 173
-334 187
-310 171
-326 177
-302 147
-278 133
-290 155
-242 123
-286 123
-266 99
-262 103
-254 95
-266 99
-310 91
-282 89
-286 87
-266 75
-242 67
-250 61
-250 25
-246 55
-274 83
-278 89
-250 81
-230 55
-246 51
-254 61
-266 53
-270 45
-294 37
-286 57
-274 37
-306 61
-306 59
-254 45
-266 45
-246 43
-278 35
-250 19
-230 9
-282 7
-226 7
-210 19
-190 5
-174 15
-234 1
-270 3
-230 9
-278 19
-282 27
-270 9
-234 21
-258 25
-290 13
-286 9
-242 3
-278 7
-262 7
-282 5
-294 1
-270 31
-302 13
-250 7
-250 15
-262 51
-254 59
-274 61
-278 61
-262 61
-282 73
-254 47
-298 33
-246 31
-270 45
-266 55
-250 59
-282 79
-294 83
-274 85
-298 115
-302 129
-310 133
-278 137
-306 135
-314 149
-294 131
-270 121
-278 135
-270 141
-262 145
-310 157
-330 181
-362 193
-306 175
-326 177
-338 173
-350 175
-362 181
-326 179
-326 177
-302 175
-326 181
-346 195
-334 185
-330 187
-326 183
-310 167
-282 159
-294 151
-262 143
-286 145
-306 147
-326 157
-330 167
-330 165
-290 151
-286 145
-282 147
-322 163
-330 175
-314 177
-302 173
-278 165
-286 159
-306 167
-330 177
-342 187
-294 173
-330 185
-322 185
-362 181
-354 189
-346 191
-326 167
-302 143
-310 159
-310 169
-346 173
-314 165
-242 139
-270 147
-266 155
-302 161
-298 155
-318 159
-326 167
-354 183
-366 193
-358 183
-342 177
-330 173
-322 179
-314 169
-330 169
-314 169
-318 171
-290 159
-326 159
-298 159
-314 169
-290 151
-322 175
-314 173
-310 155
-318 147
-310 157
-354 179
-338 175
-334 181
-294 163
-298 163
-282 161
-278 169
-318 175
-374 195
-334 185
-346 187
-326 179
-318 181
-330 183
-346 189
-314 171
-314 169
-318 167
-290 157
-298 167
-298 153
-314 171
-334 173
-342 173
-366 183
-334 165
-334 171
-278 125
-282 123
-314 153
-314 151
-310 135
-322 141
-282 143
-314 155
-314 153
-334 161
-330 169
-314 167
-314 175
-330 181
-338 167
-286 155
-294 143
-290 145
-318 149
-342 163
-330 151
-302 147
-330 175
-378 197
-350 195
-306 167
-270 153
-334 177
-366 185
-382 203
-386 209
-386 203
-346 195
-326 171
-306 149
-270 125
-258 121
-266 123
-266 123
-326 135
-302 117
-290 113
-246 105
-274 105
-246 81
-262 87
-222 81
-266 93
-278 123
-314 121
-298 125
-326 139
-318 155
-230 113
-246 119
-290 113
-290 127
-302 113
-270 105
-254 121
-302 151
-306 141
-318 143
-310 125
-294 125
-314 137
-294 137
-314 139
-294 137
-238 135
-214 139
-274 147
-266 145
-322 157
-282 147
-330 169
-326 163
-330 163
-306 153
-286 163
-298 167
-314 175
-338 185
-338 177
-322 169
-314 155
-298 153
-322 163
-358 175
-346 179
-326 163
-310 169
-302 169
-318 167
-294 161
-302 173
-302 161
-306 161
-262 143
-258 157
-290 159
-310 157
-334 161
-294 147
-278 133
-262 117
-298 119
-258 103
-274 117
-262 97
-278 141
-290 143
-306 147
-294 139
-326 153
-322 171
-330 161
-298 155
-306 147
-294 145
-266 139
-266 127
-294 147
-302 161
-310 165
-310 159
-326 173
-338 175
-318 169
-314 163
-278 161
-318 161
-322 161
-326 159
-302 161
-282 157
-274 147
-274 129
-270 129
-270 117
-274 123
-250 101
-286 101
-282 123
-282 107
-294 113
-282 93
-310 107
-314 119
-334 127
-318 127
-326 109
-334 97
-294 99
-294 97
-298 103
-314 119
-302 131
-298 129
-318 135
-306 133
-294 103
-310 123
-310 123
-326 137
-314 147
-306 159
-306 163
-338 165
-350 175
-362 183
-354 185
-334 179
-314 167
-298 169
-330 175
-310 167
-302 161
-354 181
-354 181
-334 179
-334 181
-342 187
-334 183
-314 171
-318 171
-330 173
-354 181
-342 185
-342 183
-326 179
-374 201
-342 189
-322 175
-290 159
-286 157
-298 145
-270 143
-294 129
-318 137
-258 121
-274 125
-278 123
-306 141
-314 141
-278 129
-246 129
-258 113
-266 117
-286 151
-290 153
-290 159
-350 181
-318 169
-322 177
-338 177
-370 189
-326 181
-298 169
-318 175
-318 171
-310 149
-290 143
-302 129
-306 125
-326 135
-326 133
-322 123
-326 137
-330 127
-290 117
-270 93
-250 125
-266 125
-270 129
-294 129
-298 125
-286 123
-254 125
-266 111
-258 105
-238 119
-282 133
-250 133
-286 135
-286 147
-270 135
-250 117
-282 135
-286 141
-230 107
-250 107
-246 115
-262 131
-318 161
-278 151
-338 177
-294 163
-290 157
-298 159
-330 183
-358 199
-338 185
-330 183
-354 187
-342 189
-354 197
-370 201
-354 191
-322 187
-326 189
-350 191
-362 189
-342 181
-366 193
-342 183
-346 175
-338 179
-354 195
-314 177
-334 185
-314 173
-330 181
-330 179
-338 177
-334 177
-310 155
-290 139
-306 149
-314 165
-286 149
-314 177
-334 187
-314 165
-318 167
-318 171
-298 169
-314 185
-330 183
-334 187
-314 181
-318 179
-330 183
-338 187
-330 173
-346 177
-310 177
-330 181
-314 177
-354 183
-362 185
-390 197
-326 169
-358 169
-370 177
-398 197
-350 183
-338 181
-318 165
-306 165
-326 177
-330 171
-298 161
-322 165
-302 169
-322 179
-318 171
-346 173
-386 181
-374 183
-354 169
-370 187
-322 179
-326 179
-338 189
-362 195
-346 195
-282 165
-318 179
-342 181
-362 189
-354 181
-366 199
-358 197
-362 201
-354 195
-334 187
-362 201
-342 183
-314 177
-330 181
-358 195
-394 209
-378 205
-374 203
-350 191
-326 181
-334 185
-334 173
-350 185
-370 201
-378 201
-406 209
-398 211
-434 221
-426 219
-394 211
-362 199
-370 193
-378 191
-362 197
-382 203
-378 201
-342 189
-370 197
-358 197
-342 193
-362 197
-326 183
-366 201
-374 203
-370 199
-366 191
-382 203
-394 205
-422 215
-386 203
-350 189
-386 203
-406 211
-390 209
-410 215
-390 207
-390 207
-394 211
-366 199
-358 195
-370 199
-334 183
-374 197
-326 175
-322 173
-338 181
-358 195
-378 201
-334 191
-342 189
-322 175
-238 147
-294 139
-330 177
-382 197
-346 185
-338 165
-294 155
-342 163
-310 169
-354 187
-358 187
-378 201
-366 193
-374 197
-358 193
-354 177
-366 185
-334 171
-326 169
-330 169
-350 183
-342 173
-334 173
-366 193
-346 187
-338 189
-370 193
-378 203
-378 201
-370 203
-370 195
-346 187
-314 181
-298 165
-330 169
-290 167
-306 167
-318 171
-378 199
-366 199
-354 191
-350 183
-358 189
-382 199
-350 189
-342 189
-342 191
-374 203
-402 209
-378 195
-354 195
-334 187
-338 189
-346 193
-406 211
-398 203
-374 199
-318 181
-322 179
-322 175
-310 171
-310 181
-306 169
-318 167
-298 165
-270 163
-274 161
-298 163
-338 169
-346 171
-358 171
-306 167
-334 179
-346 171
-318 159
-346 163
-310 163
-318 155
-342 163
-322 165
-290 151
-294 151
-294 149
-310 157
-274 147
-306 167
-262 147
-262 139
-302 149
-302 147
-322 173
-354 187
-326 177
-358 195
-310 175
-326 185
-338 185
-334 181
-334 183
-290 163
-330 189
-334 191
-358 189
-366 193
-358 195
-370 191
-346 177
-346 185
-350 185
-330 175
-326 175
-326 183
-302 169
-318 173
-358 193
-354 185
-362 193
-362 189
-362 181
-298 161
-274 163
-298 167
-294 155
-334 177
-386 207
-390 209
-414 213
-418 217
-394 211
-402 213
-398 211
-418 217
-386 205
-354 195
-350 191
-326 183
-366 201
-338 191
-334 193
-326 185
-338 181
-286 169
-306 165
-326 177
-302 163
-282 151
-270 137
-254 121
-262 111
-254 105
-258 115
-258 139
-242 135
-274 121
-278 115
-282 135
-290 135
-274 123
-270 125
-294 145
-290 155
-254 145
-266 129
-270 145
-270 141
-314 137
-270 137
-314 153
-302 167
-294 155
-318 165
-334 177
-338 169
-342 187
-342 185
-334 185
-290 169
-310 155
-322 173
-322 183
-366 201
-306 167
-338 177
-342 185
-362 185
-358 181
-338 173
-350 177
-362 169
-294 151
-314 163
-342 181
-318 181
-334 175
-338 171
-358 191
-342 185
-318 175
-306 141
-310 131
-290 151
-298 141
-318 165
-334 179
-370 197
-378 207
-406 211
-358 197
-370 195
-398 211
-386 207
-346 193
-294 169
-290 171
-326 173
-326 181
-330 187
-318 171
-306 157
-326 181
-366 193
-366 193
-362 195
-370 197
-350 183
-338 181
-378 195
-366 191
-374 185
-398 199
-362 189
-354 193
-346 191
-330 189
-358 199
-358 195
-398 211
-406 213
-398 211
-378 205
-354 195
-318 179
-350 175
-362 183
-362 191
-342 191
-354 189
-358 193
-374 205
-370 199
-390 207
-362 197
-394 207
-370 197
-398 211
-366 201
-410 215
-410 211
-402 207
-354 191
-334 185
-362 197
-358 193
-334 189
-342 189
-302 179
-310 181
-314 167
-310 171
-338 179
-346 185
-346 181
-318 167
-350 191
-342 187
-366 201
-346 189
-362 197
-370 199
-338 187
-338 189
-314 185
-322 175
-346 187
-338 181
-338 169
-342 167
-350 161
-338 157
-354 159
-326 155
-298 165
-318 169
-314 157
-306 147
-298 153
-326 171
-334 173
-330 167
-346 165
-362 179
-286 167
-302 159
-302 163
-302 159
-318 173
-354 193
-374 199
-366 201
-386 209
-358 185
-330 187
-302 165
-278 153
-266 161
-290 163
-310 157
-286 161
-290 141
-278 147
-306 169
-282 167
-338 181
-310 175
-318 165
-334 189
-390 207
-370 201
-358 199
-354 193
-338 185
-358 193
-350 193
-302 173
-314 159
-306 145
-330 159
-334 169
-366 179
-370 189
-346 175
-322 157
-262 137
-290 145
-330 167
-290 159
-310 167
-326 177
-322 183
-354 197
-330 183
-346 181
-338 189
-374 197
-346 187
-338 175
-318 171
-358 173
-338 171
-346 169
-354 175
-354 167
-326 163
-330 161
-354 167
-350 167
-330 161
-298 147
-338 177
-314 171
-310 161
-278 153
-306 173
-338 187
-330 187
-318 171
-314 165
-298 169
-318 175
-306 161
-326 171
-334 177
-330 173
-318 173
-274 167
-322 171
-330 179
-362 189
-374 197
-326 179
-354 183
-346 187
-326 175
-326 179
-342 185
-282 155
-306 165
-342 181
-350 185
-334 193
-362 195
-374 199
-386 205
-418 215
-390 209
-354 191
-378 197
-370 191
-374 201
-366 193
-354 185
-342 191
-334 189
-350 169
-326 171
-322 181
-358 197
-370 187
-366 181
-334 177
-322 173
-350 187
-370 201
-374 201
-378 197
-378 197
-362 193
-370 201
-362 187
-334 181
-350 181
-326 177
-318 177
-390 205
-406 213
-406 213
-338 187
-374 197
-370 203
-346 195
-358 195
-350 185
-350 185
-306 159
-262 121
-294 135
-282 157
-330 169
-266 137
-266 119
-258 109
-258 93
-238 95
-234 109
-302 133
-294 145
-298 141
-302 151
-322 155
-294 139
-278 129
-286 123
-334 151
-294 137
-290 127
-258 109
-266 99
-270 105
-278 109
-278 73
-298 93
-286 85
-246 87
-262 51
-238 51
-258 31
-242 61
-306 71
-290 79
-278 99
-266 101
-282 77
-278 81
-270 89
-262 91
-254 93
-258 107
-290 103
-282 91
-310 91
-302 85
-286 69
-286 57
-242 87
-246 75
-270 67
-262 61
-266 55
-270 71
-286 85
-298 73
-290 83
-254 83
-274 87
-302 127
-258 77
-254 71
-234 67
-250 79
-222 73
-278 75
-258 83
-278 91
-294 81
-266 83
-258 81
-262 77
-274 91
-266 97
-274 103
-278 99
-226 91
-258 121
-282 145
-238 127
-278 151
-314 171
-286 159
-334 181
-326 169
-302 153
-302 173
-350 187
-326 181
-306 177
-338 183
-350 197
-290 159
-270 141
-274 145
-270 129
-282 159
-298 167
-318 173
-334 179
-346 185
-354 187
-322 177
-370 199
-382 205
-370 199
-338 189
-382 199
-338 185
-322 183
-338 187
-282 175
-350 181
-334 181
-286 169
-326 177
-334 185
-334 181
-358 193
-366 195
-350 197
-358 199
-374 205
-366 199
-346 191
-358 195
-370 199
-418 217
-386 201
-382 205
-390 207
-366 197
-354 189
-346 183
-370 191
-330 177
-310 171
-330 181
-306 169
-274 167
-330 189
-318 177
-302 165
-278 155
-314 173
-310 163
-318 161
-310 167
-322 175
-342 171
-326 179
-318 173
-302 161
-330 181
-366 197
-346 191
-322 179
-346 189
-394 209
-382 203
-354 191
-374 199
-382 203
-398 207
-398 211
-374 203
-378 199
-362 195
-374 201
-346 191
-378 197
-346 177
-322 171
-294 159
-282 165
-310 167
-282 155
-278 155
-326 177
-310 179
-294 165
-358 191
-326 179
-322 179
-366 197
-310 173
-338 175
-326 171
-290 157
-306 149
-318 157
-286 155
-326 173
-314 159
-270 137
-322 141
-294 143
-314 141
-326 157
-286 147
-290 147
-234 135
-266 145
-298 167
-330 183
-338 185
-362 197
-338 191
-302 171
-290 169
-306 175
-290 167
-290 163
-294 157
-318 171
-294 165
-386 203
-354 187
-370 197
-334 183
-346 187
-366 193
-362 199
-366 201
-330 179
-294 169
-326 173
-358 191
-310 169
-298 157
-298 165
-318 177
-314 171
-282 153
-330 179
-370 193
-330 181
-302 167
-294 155
-278 155
-262 145
-278 155
-330 187
-322 183
-342 191
-318 185
-334 187
-358 187
-322 181
-318 167
-314 167
-350 167
-342 179
-310 175
-322 179
-318 175
-318 163
-306 163
-286 153
-346 165
-326 175
-358 187
-330 179
-382 197
-358 189
-362 191
-382 199
-358 187
-326 169
-386 197
-374 193
-346 189
-342 185
-362 183
-370 191
-338 185
-382 197
-370 199
-350 195
-342 195
-306 183
-330 191
-378 201
-354 197
-370 203
-346 193
-326 183
-302 173
-318 185
-350 191
-366 199
-338 187
-362 191
-342 187
-386 203
-370 195
-354 195
-350 191
-358 195
-350 191
-378 205
-370 199
-374 205
-350 197
-334 187
-322 185
-366 201
-394 207
-406 211
-318 181
-318 171
-322 173
-346 171
-334 167
-362 187
-370 199
-386 205
-386 203
-378 201
-362 199
-366 195
-366 201
-358 193
-314 173
-274 155
-242 133
-290 161
-342 185
-334 185
-338 171
-322 169
-358 189
-310 175
-330 175
-274 157
-282 145
-286 151
-290 159
-322 163
-354 183
-342 173
-334 167
-326 171
-306 171
-314 159
-342 161
-362 157
-342 143
-326 153
-346 165
-314 149
-322 149
-302 147
-322 151
-294 153
-326 163
-338 169
-326 159
-310 171
-330 181
