-8 4
-248 20
-260 20
-344 46
-320 66
-332 86
-336 50
-372 64
-440 82
-484 108
-504 88
-500 110
-488 140
-496 166
-536 148
-544 136
-524 152
-524 172
-472 182
-436 178
-484 156
-480 154
-468 160
-484 184
-488 164
-512 182
-508 206
-484 212
-488 222
-520 248
-552 232
-496 212
-484 206
-528 222
-460 228
-524 238
-504 240
-544 268
-544 274
-564 280
-532 278
-540 298
-568 292
-600 316
-576 292
-588 306
-596 304
-576 292
-596 290
-588 310
-552 300
-556 302
-556 304
-548 286
-580 286
-532 276
-528 264
-488 262
-476 244
-500 250
-456 224
-488 224
-476 208
-448 200
-492 200
-444 180
-508 210
-496 206
-512 214
-532 216
-520 210
-472 206
-484 208
-488 164
-516 146
-496 144
-500 152
-556 144
-536 136
-516 128
-564 136
-532 144
-492 146
-512 140
-500 146
-516 110
-508 134
-532 156
-476 132
-492 148
-480 126
-480 158
-508 152
-536 176
-496 160
-480 150
-484 166
-520 172
-500 146
-476 122
-492 154
-484 166
-496 158
-452 144
-420 132
-404 122
-408 98
-444 102
-464 146
-500 156
-500 160
-524 174
-500 136
-492 142
-488 160
-472 158
-496 180
-464 192
-432 182
-456 168
-432 132
-444 150
-424 160
-384 152
-420 156
-456 142
-448 140
-452 130
-420 150
-492 200
-480 184
-460 194
-448 170
-456 172
-416 156
-464 184
-428 168
-416 192
-452 148
-452 114
-428 124
-476 134
-468 156
-480 178
-484 160
-460 148
-456 142
-488 132
-500 180
-476 168
-464 150
-424 174
-476 136
-516 152
-488 160
-440 168
-504 180
-428 162
-460 206
-412 206
-452 214
-420 194
-404 224
-448 210
-456 224
-524 258
-540 266
-536 256
-484 232
-468 218
-504 220
-472 190
-472 182
-480 188
-500 212
-536 242
-560 262
-576 276
-520 248
-540 220
-524 182
-488 182
-496 192
-480 208
-516 204
-500 182
-464 158
-444 158
-444 176
-420 188
-468 194
-512 230
-520 238
-540 228
-520 202
-440 186
-492 190
-432 190
-452 186
-456 184
-452 210
-504 246
-504 248
-492 240
-488 238
-484 232
-484 228
-480 194
-452 202
-448 202
-408 214
-452 218
-448 192
-440 168
-444 182
-492 172
-504 188
-488 160
-496 190
-448 180
-476 194
-524 216
-532 218
-512 214
-520 256
-500 216
-488 190
-536 184
-444 162
-468 138
-480 158
-472 150
-492 182
-460 182
-468 116
-484 112
-492 112
-520 142
-492 140
-468 180
-416 164
-440 160
-488 182
-512 176
-492 156
-452 142
-428 106
-440 152
-492 186
-516 210
-468 226
-528 232
-516 238
-452 210
-448 186
-460 172
-440 192
-448 154
-444 140
-492 138
-452 124
-520 134
-484 108
-496 68
-476 44
-424 4
-372 16
-392 4
-400 32
-404 16
-428 32
-416 32
-472 6
-472 36
-468 28
-432 44
-424 74
-400 44
-372 20
-388 44
-356 22
-372 34
-356 66
-392 14
-424 8
-412 8
-396 36
-388 70
-408 56
-408 46
-400 48
-416 76
-472 90
-436 98
-456 104
-444 124
-444 150
-408 186
-392 160
-412 154
-408 154
-464 162
-408 156
-520 186
-476 182
-468 178
-528 210
-544 236
-552 234
-520 198
-492 184
-572 214
-516 216
-516 214
-492 196
-444 172
-460 174
-512 194
-492 178
-484 174
-448 146
-504 138
-528 160
-544 146
-468 144
-516 180
-516 152
-460 122
-436 110
-460 156
-468 130
-440 136
-456 132
-440 100
-508 122
-512 122
-492 102
-524 88
-484 84
-476 94
-436 64
-452 44
-436 42
-432 38
-440 6
-440 10
-444 6
-488 2
-472 4
-520 2
-548 8
-544 40
-504 10
-496 36
-512 16
-480 34
-452 8
-448 10
-456 24
-488 18
-436 22
-444 16
-396 6
-384 14
-444 68
-468 70
-440 70
-436 70
-420 68
-432 102
-436 64
-496 64
-428 60
-400 50
-424 14
-448 4
-452 16
-436 10
-456 28
-424 2
-428 4
-472 10
-464 0
-420 38
-424 30
-468 18
-464 16
-472 12
-496 24
-484 58
-464 54
-428 82
-392 92
-436 56
-464 36
-472 20
-428 8
-468 16
-468 20
-444 0
-412 34
-376 14
-364 26
-392 20
-440 2
-444 2
-456 2
-460 46
-424 60
-440 62
-440 76
-432 76
-404 96
-380 104
-396 86
-428 114
-436 138
-472 140
-444 174
-428 188
-448 172
-496 190
-508 210
-504 196
-492 194
-484 220
-548 232
-532 194
-464 124
-496 140
-492 140
-460 156
-476 152
-544 194
-520 184
-472 186
-496 174
-520 200
-528 204
-504 192
-444 154
-444 158
-448 166
-476 212
-528 220
-512 230
-476 204
-508 232
-420 184
-448 192
-416 184
-460 242
-472 210
-424 192
-488 212
-476 224
-484 252
-504 258
-508 260
-504 252
-548 266
-536 250
-492 266
-472 220
-504 228
-488 238
-496 252
-476 230
-476 228
-520 252
-552 286
-576 288
-552 272
-540 276
-572 306
-556 296
-572 296
-624 316
-596 328
-588 326
-600 338
-596 336
-640 346
-608 344
-624 340
-616 328
-628 338
-628 348
-632 346
-680 364
-624 346
-672 362
-660 350
-596 326
-540 318
-592 324
-572 320
-600 324
-612 332
-576 312
-560 280
-468 244
-456 222
-480 242
-536 258
-560 272
-576 290
-628 322
-568 304
-540 310
-568 316
-568 314
-552 312
-560 310
-556 298
-608 326
-548 298
-528 276
-548 306
-540 288
-520 292
-472 268
-496 256
-456 232
-460 240
-512 242
-536 256
-500 246
-552 284
-504 254
-528 264
-564 270
-528 276
-560 294
-532 276
-560 272
-516 266
-540 278
-528 296
-568 302
-512 288
-572 304
-568 306
-584 322
-592 326
-604 340
-580 326
-548 316
-572 328
-620 332
-620 330
-608 320
-648 332
-620 348
-604 340
-648 336
-620 334
-656 352
-620 344
-616 332
-640 342
-608 336
-596 330
-608 336
-588 326
-580 320
-528 298
-588 322
-580 316
-560 280
-556 290
-544 276
-568 290
-528 262
-552 266
-556 264
-536 276
-536 288
-556 286
-560 276
-544 290
-560 288
-512 260
-496 270
-540 290
-568 284
-536 296
-496 282
-508 274
-548 294
-568 320
-572 306
-596 322
-620 336
-560 296
-540 288
-508 264
-548 278
-532 280
-504 274
-556 298
-556 284
-516 256
-524 250
-544 262
-600 298
-608 296
-584 286
-548 274
-524 250
-492 250
-528 240
-512 238
-516 244
-472 216
-452 166
-480 140
-488 160
-452 154
-448 166
-432 144
-440 166
-380 162
-392 144
-416 146
-472 214
-528 250
-552 258
-484 220
-440 204
-412 214
-456 234
-504 238
-516 264
-524 270
-516 276
-528 286
-548 278
-524 274
-560 286
-520 268
-492 234
-464 230
-516 242
-508 226
-500 192
-452 190
-472 208
-460 230
-492 234
-508 238
-564 264
-572 268
-592 284
-524 244
-492 236
-504 254
-532 274
-584 298
-620 308
-600 302
-520 272
-476 260
-488 258
-500 260
-552 298
-560 298
-552 298
-596 322
-544 288
-560 326
-620 342
-596 324
-588 332
-592 336
-536 320
-552 314
-572 320
-652 356
-604 334
-604 332
-608 322
-604 334
-596 334
-544 308
-548 310
-532 310
-612 320
-528 294
-588 288
-596 302
-552 268
-480 252
-548 294
-552 288
-580 302
-604 330
-604 324
-600 308
-544 290
-540 300
-552 304
-588 310
-572 308
-548 302
-536 314
-548 306
-592 314
-560 306
-568 312
-556 290
-528 290
-512 276
-524 274
-560 292
-544 270
-508 250
-540 250
-564 276
-552 258
-516 260
-492 258
-488 246
-496 242
-500 240
-528 266
-536 244
-580 254
-524 234
-484 216
-508 214
-456 182
-468 192
-452 216
-456 196
-480 210
-504 190
-476 202
-388 180
-424 220
-468 196
-448 156
-424 154
-388 150
-436 158
-476 184
-464 212
-436 226
-412 160
-452 184
-444 170
-432 140
-460 148
-456 162
-408 170
-424 152
-452 126
-488 170
-492 214
-512 230
-544 234
-540 218
-520 180
-488 208
-496 212
-540 228
-544 242
-572 248
-544 228
-536 224
-440 198
-456 194
-456 228
-496 232
-500 224
-512 246
-520 242
-472 236
-536 256
-540 240
-524 242
-508 248
-548 252
-536 222
-532 224
-560 242
-580 270
-524 244
-568 232
-584 250
-568 252
-544 262
-484 224
-540 244
-556 240
-528 244
-524 224
-512 204
-556 220
-520 228
-548 218
-524 192
-532 144
-540 172
-496 154
-520 172
-512 174
-572 184
-584 206
-528 204
-528 194
-504 186
-512 184
-560 164
-504 164
-468 120
-480 144
-444 98
-532 98
-580 142
-516 178
-492 170
-512 148
-544 152
-520 152
-528 160
-484 148
-464 148
-492 174
-472 168
-516 164
-520 180
-476 132
-500 160
-524 146
-448 140
-428 94
-408 88
-456 44
-456 62
-476 86
-468 110
-440 86
-416 106
-480 112
-472 102
-492 118
-492 124
-520 150
-516 112
-480 86
-464 82
-528 96
-504 110
-516 122
-504 96
-492 82
-464 128
-444 96
-444 130
-452 134
-520 128
-496 136
-472 130
-480 124
-396 104
-376 74
-456 28
-412 56
-416 50
-368 44
-372 24
-424 38
-376 28
-448 44
-460 90
-480 84
-484 70
-456 58
-432 52
-448 46
-436 52
-468 56
-448 46
-380 32
-400 56
-452 60
-424 44
-472 60
-456 50
-472 76
-476 90
-416 36
-416 2
-388 22
-412 56
-436 42
-492 46
-448 28
-416 4
-428 28
-392 10
-404 32
-412 4
-392 12
-396 2
-384 34
-436 22
-396 2
-424 16
-452 8
-404 20
-372 20
-376 2
-380 76
-364 26
-336 48
-400 48
-392 68
-412 84
-428 84
-420 98
-488 92
-412 96
-448 104
-464 106
-376 96
-372 84
-380 102
-416 108
-420 108
-440 100
-472 88
-440 66
-480 94
-460 92
-444 66
-396 70
-428 74
-420 88
-444 56
-480 62
-456 2
-504 26
-460 6
-460 28
-428 6
-472 24
-400 44
-436 40
-404 50
-440 66
-396 82
-436 118
-452 118
-468 108
-492 132
-532 168
-500 174
-532 174
-520 198
-500 192
-552 208
-544 204
-484 214
-440 174
-364 134
-420 146
-452 176
-436 160
-432 152
-476 150
-460 162
-436 166
-468 172
-492 204
-508 202
-544 234
-508 204
-472 206
-456 186
-460 196
-504 204
-540 214
-516 202
-520 184
-500 192
-508 196
-544 224
-556 228
-588 238
-572 214
-556 214
-528 206
-512 184
-520 202
-560 208
-540 194
-516 224
-532 214
-492 158
-520 168
-500 144
-484 132
-508 160
-508 176
-468 160
-448 174
-436 168
-396 166
-440 158
-416 108
-376 102
-428 98
-464 108
-460 106
-504 118
-504 88
-500 104
-472 94
-432 62
-472 58
-456 40
-468 52
-480 66
-424 62
-432 66
-408 28
-420 22
-432 62
-440 94
-472 80
-520 94
-464 84
-480 96
-444 88
-424 78
-408 54
-380 30
-408 44
-404 34
-456 48
-392 0
-400 6
-424 32
-456 44
-480 40
-456 30
-448 20
-484 2
-516 34
-456 22
-472 10
-480 18
-448 12
-488 2
-484 32
-432 22
-440 16
-424 20
-440 52
-432 18
-464 20
-468 16
-444 40
-496 40
-476 38
-444 50
-460 58
-460 56
-424 74
-436 80
-480 88
-476 100
-500 110
-476 136
-496 120
-512 108
-512 116
-496 110
-404 84
-444 60
-480 96
-488 90
-464 54
-432 40
-408 18
-432 6
-436 8
-516 2
-456 28
-516 4
-480 6
-476 18
-456 32
-428 20
-436 2
-432 14
-452 20
-412 2
-416 66
-388 4
-412 24
-380 20
-392 24
-384 78
-420 68
-464 80
-464 66
-424 44
-484 32
-480 28
-456 40
-472 40
-460 40
-432 64
-400 48
-392 12
-356 22
-376 26
-352 34
-404 44
-448 38
-420 62
-428 72
-504 82
-492 64
-516 70
-460 56
-408 80
-440 84
-432 88
-428 98
-412 104
-436 100
-436 102
-404 90
-440 100
-440 134
-516 158
-468 112
-480 102
-476 116
-480 98
-504 126
-448 104
-452 92
-412 72
-420 84
-432 80
-416 62
-388 72
-400 68
-404 22
-348 6
-392 14
-380 32
-396 50
-404 18
-504 28
-492 44
-416 46
-388 10
-408 38
-476 60
-400 42
-440 40
-432 20
-436 16
-400 10
-396 8
-416 8
-348 22
-364 26
-404 36
-364 42
-380 42
-400 38
-336 84
-324 32
-408 10
-388 18
-416 6
-456 86
-408 58
-464 32
-496 20
-468 42
-488 48
-508 36
-496 46
-456 16
-436 32
-436 30
-436 30
-416 20
-396 16
-400 26
-404 56
-436 54
-432 56
-476 76
-484 102
-444 90
-456 86
-444 96
-440 94
-408 78
-416 106
-420 102
-452 124
-404 102
-448 110
-488 126
-412 120
-432 94
-464 92
-432 86
-464 76
-424 28
-476 34
-432 26
-404 16
-368 6
-364 10
-404 30
-444 10
-376 12
-408 16
-372 4
-404 34
-396 66
-412 76
-400 34
-392 58
-408 38
-380 30
-400 26
-404 22
-444 28
-456 44
-460 60
-436 50
-428 44
-460 84
-524 102
-516 110
-512 120
-508 134
-508 98
-496 92
-524 72
-468 72
-476 82
-440 76
-396 58
-416 58
-436 56
-448 60
-484 66
-456 30
-404 64
-460 82
-408 104
-408 102
-428 122
-372 116
-388 102
-416 102
-452 116
-424 120
-488 158
-468 158
-464 164
-460 158
-504 170
-492 126
-524 132
-464 142
-452 150
-428 152
-520 166
-488 176
-568 196
-568 196
-532 192
-556 216
-540 218
-548 222
-508 212
-552 236
-516 206
-528 226
-532 224
-548 260
-488 244
-520 268
-552 292
-568 300
-540 298
-568 296
-548 284
-516 274
-564 300
-512 296
-608 326
-600 320
-604 324
-592 332
-520 282
-564 278
-536 260
-548 226
-500 210
-460 180
-440 178
-440 150
-480 188
-444 178
-496 210
-508 196
-468 164
-484 168
-496 190
-492 174
-436 152
-448 150
-512 174
-500 198
-492 210
-540 242
-552 268
-544 262
-576 278
-524 282
-536 268
-532 294
-560 300
-564 298
-516 290
-536 276
-528 260
-496 256
-496 268
-540 282
-500 260
-568 282
-576 306
-576 316
-532 292
-544 306
-536 296
-576 302
-556 280
-560 272
-556 300
-544 308
-556 292
-552 286
-568 286
-572 278
-572 252
-524 248
-508 248
-488 220
-528 252
-532 262
-536 250
-496 238
-532 240
-504 240
-508 226
-484 258
-516 270
-568 274
-596 298
-608 296
-556 280
-500 280
-552 294
-564 318
-544 292
-548 276
-528 258
-484 250
-472 212
-520 226
-444 166
-504 188
-480 174
-552 180
-548 170
-536 112
-492 138
-480 150
-464 144
-508 160
-484 126
-504 170
-472 146
-496 134
-504 156
-448 118
-396 110
-424 94
-460 134
-400 90
-392 88
-444 64
-376 50
-372 56
-392 72
-440 66
-452 72
-472 64
-424 50
-412 54
-368 40
-384 6
-368 26
-372 20
-408 26
-472 30
-480 72
-464 94
-488 74
-480 100
-452 116
-472 124
-472 106
-488 110
-456 72
-488 58
-488 34
-468 36
-488 54
-456 34
-436 62
-420 72
-464 116
-468 122
-432 106
-440 100
-404 96
-416 52
-416 76
-440 58
-456 60
-468 60
-448 56
-440 56
-420 50
-432 46
-444 28
-432 12
-444 4
-436 18
-464 8
-472 24
-476 54
-416 48
-436 38
-412 48
-408 80
-436 86
-440 114
-464 120
-464 140
-476 126
-432 100
-448 112
-480 136
-456 148
-436 134
-428 136
-480 158
-440 148
-424 116
-468 114
-480 92
-412 28
-376 46
-444 46
-472 38
-500 8
-516 64
-496 66
-464 74
-468 78
-448 90
-496 72
-508 88
-468 110
-496 92
-508 118
-472 96
-476 82
-420 90
-408 78
-432 90
-432 74
-384 24
-396 40
-420 72
-424 60
-396 68
-396 58
-416 48
-444 38
-416 92
-456 96
-468 84
-484 62
-532 38
-472 42
-432 30
-476 12
-468 34
-456 6
-396 12
-444 30
-416 18
-440 36
-440 60
-464 46
-524 30
-540 6
-540 14
-500 30
-492 46
-524 114
-508 134
-480 118
-460 102
-468 98
-468 86
-516 76
-504 110
-492 98
-524 110
-556 108
-532 100
-532 100
-568 132
-552 130
-548 150
-544 160
-572 168
-548 192
-520 190
-528 178
-492 168
-504 170
-488 172
-492 176
-504 174
-508 162
-476 142
-500 152
-528 170
-512 156
-468 170
-464 174
-516 196
-500 220
-520 226
-532 200
-436 198
-480 216
-500 242
-484 206
-472 192
-436 194
-464 204
-400 196
-456 228
-516 246
-532 262
-488 244
-556 270
-464 238
-484 230
-480 208
-508 208
-500 204
-524 216
-504 208
-532 214
-480 180
-484 178
-464 190
-464 192
-464 192
-504 212
-492 220
-460 194
-484 192
-512 206
-568 204
-552 196
-500 182
-484 182
-476 192
-472 188
-488 172
-496 150
-496 170
-500 188
-548 226
-552 230
-556 200
-500 172
-524 168
-516 162
-572 184
-520 154
-484 176
-464 164
-508 190
-504 196
-452 182
-488 184
-436 170
-428 156
-428 154
-440 162
-432 168
-416 184
-448 206
-424 188
-440 160
-484 166
-516 180
-512 170
-464 164
-488 154
-480 154
-512 178
-540 188
-520 198
-560 214
-560 212
-548 184
-532 186
-524 176
-480 178
-484 186
-524 192
-508 198
-476 192
-460 174
-440 162
-476 138
-408 92
-432 90
-420 132
-432 138
-436 166
-456 156
-416 106
-448 94
-412 74
-392 62
-456 56
-436 78
-444 76
-404 82
-400 66
-384 22
-400 4
-392 24
-352 6
-396 12
-392 10
-412 24
-452 68
-440 120
-424 88
-472 88
-460 94
-400 106
-460 94
-508 102
-532 122
-536 110
-444 80
-532 104
-492 92
-500 98
-452 106
-512 130
-452 142
-500 176
-472 130
-416 98
-412 94
-440 98
-420 112
-440 118
-436 92
-484 128
-444 126
-416 112
-412 126
-420 130
-436 126
-456 172
-508 198
-488 208
-456 168
-460 182
-508 236
-492 246
-516 264
-556 286
-496 272
-508 272
-508 256
-436 206
-420 204
-460 218
-448 172
-456 168
-444 198
-460 224
-452 202
-416 168
-500 188
-416 134
-424 106
-440 110
-432 108
-452 124
-444 118
-448 126
-444 148
-388 142
-468 158
-448 156
-496 170
-492 160
-424 172
-456 152
-540 178
-552 146
-524 124
-480 142
-468 116
-500 146
-532 150
-552 132
-544 142
-500 152
-464 174
-496 154
-516 166
-556 164
-524 166
-520 198
-548 206
-568 234
-564 256
-536 258
-520 254
-540 266
-528 262
-544 280
-528 266
-480 242
-508 258
-524 274
-548 302
-500 290
-564 314
-576 318
-572 314
-612 322
-624 330
-612 312
-580 302
-616 318
-592 304
-516 274
-556 286
-544 270
-584 302
-608 308
-584 298
-568 290
-636 314
-628 320
-580 316
-512 276
-544 266
-512 270
-512 272
-568 286
-512 234
-496 200
-512 168
-524 172
-524 166
-540 186
-572 202
-560 198
-516 208
-532 226
-468 228
-552 252
-484 220
-496 224
-516 268
-536 266
-584 294
-640 312
-580 282
-592 292
-564 266
-552 268
-540 244
-492 232
-472 240
-432 222
-420 182
-500 198
-556 252
-584 280
-548 274
-516 258
-448 248
-460 226
-460 228
-492 236
-544 278
-584 282
-584 298
-528 290
-496 258
-508 276
-500 290
-532 284
-536 284
-584 308
-568 310
-560 302
-560 296
-548 272
-524 260
-516 244
-560 252
-528 244
-452 240
-464 246
-456 248
-480 254
-512 268
-472 250
-412 246
-440 238
-440 238
-504 254
-468 248
-492 250
-516 254
-588 292
-544 256
-572 244
-584 282
-572 280
-544 286
-548 278
-528 268
-524 276
-600 338
-608 332
-548 310
-532 306
-556 314
-568 312
-596 322
-584 326
-536 288
-552 292
-564 296
-584 314
-544 300
-564 306
-524 282
-524 284
-544 280
-548 282
-584 294
-556 290
-524 288
-516 282
-508 272
-532 254
-452 268
-468 244
-528 244
-524 242
-464 228
-488 224
-528 246
-576 296
-552 296
-564 300
-580 290
-544 274
-560 294
-556 306
-620 326
-568 312
-592 312
-596 330
-608 322
-616 314
-576 320
-616 336
-628 332
-612 322
-532 286
-568 298
-548 274
-552 268
-528 260
-512 280
-524 274
-556 296
-556 302
-556 292
-564 276
-536 270
-520 280
-536 276
-492 244
-528 248
-540 258
-532 252
-472 204
-476 178
-464 182
-444 206
-512 206
-508 230
-524 238
-500 242
-552 256
-556 266
-508 262
-516 254
-488 258
-432 222
-464 234
-488 232
-508 246
-528 278
-564 282
-600 310
-572 298
-592 306
-648 296
-612 284
-600 284
-564 272
-500 246
-512 274
-544 304
-600 320
-612 302
-572 300
-600 292
-584 294
-552 286
-556 284
-540 254
-496 240
-516 232
-480 208
-528 224
-504 224
-488 212
-432 182
-420 178
-436 190
-436 200
-468 226
-500 188
-500 206
-520 210
-512 206
-504 208
-468 192
-460 206
-464 230
-516 284
-572 320
-604 342
-640 358
-652 360
-660 358
-680 358
-660 348
-640 344
-632 342
-564 312
-596 324
-584 326
-632 348
-676 362
-628 344
-612 344
-608 338
-632 342
-532 314
-576 324
-556 316
-560 320
-612 338
-596 324
-596 342
-576 310
-504 272
-488 272
-496 288
-488 272
-504 286
-576 316
-628 340
-624 334
-624 342
-676 360
-592 324
-560 310
-508 284
-548 304
-536 298
-616 320
-584 318
-584 318
-516 294
-520 298
-528 304
-544 312
-580 324
-556 312
-580 314
-620 306
-596 296
-608 294
-592 302
-588 300
-560 298
-524 282
-548 304
-552 306
-496 292
-596 330
-584 316
-632 344
-660 354
-656 354
-636 342
-604 334
-564 304
-540 282
-592 296
-584 306
-564 302
-584 322
-588 322
-540 302
-584 310
-576 300
-600 306
-564 278
-512 268
-516 276
-484 258
-516 250
-464 242
-488 246
-468 252
-576 302
-584 320
-584 308
-608 314
-568 316
-564 312
-476 274
-544 274
-448 246
-464 232
-452 228
-468 220
-504 226
-536 226
-540 224
-544 218
-496 212
-508 206
-516 198
-504 166
-508 168
-504 164
-452 154
-460 202
-512 238
-456 218
-504 244
-464 242
-472 218
-456 200
-492 186
-488 192
-476 164
-468 174
-440 176
-432 190
-440 186
-432 164
-388 134
-448 152
-404 130
-364 120
-384 110
-460 158
-432 140
-444 170
-412 196
-400 148
-408 158
-404 138
-424 130
-472 134
-448 148
-444 132
-440 148
-456 172
-448 152
-464 126
-452 138
-472 170
-508 152
-496 160
-528 166
-532 182
-520 208
-520 214
-544 230
-576 240
-564 204
-512 196
-520 192
-556 236
-512 264
-488 254
-464 226
-524 250
-556 270
-552 262
-564 262
-524 260
-596 294
-568 286
-560 260
-544 266
-504 252
-552 278
-540 258
-516 252
-512 236
-492 226
-532 244
-488 252
-492 254
-456 238
-480 246
-472 192
-504 204
-496 226
-516 252
-484 216
-440 198
-500 202
-508 208
-556 204
-532 218
-480 196
-456 186
-476 184
-448 180
-444 174
-452 106
-420 102
-476 98
-472 86
-432 48
-420 24
-436 56
-472 82
-468 74
-504 36
-524 36
-512 10
-500 18
-452 14
-484 20
-484 26
-456 20
-500 32
-520 32
-444 34
-448 20
-440 36
-472 72
-440 42
-408 34
-488 0
-436 6
-440 8
-448 6
-472 2
-480 8
-508 30
-492 34
-464 32
-440 14
-408 4
-384 10
-344 24
-384 16
-412 40
-492 54
-440 22
-436 18
-448 18
-476 50
-512 76
-492 112
-476 96
-424 56
-436 80
-468 100
-432 76
-416 62
-396 74
-452 70
-480 88
-464 68
-476 74
-464 58
-412 58
-480 114
-488 110
-496 140
-504 148
-424 130
-480 150
-488 148
-504 180
-560 196
-548 184
-588 206
-596 202
-508 166
-544 182
-532 184
-528 170
-548 158
-516 166
-524 198
-528 190
-508 208
-496 210
-488 198
-460 196
-472 176
-488 172
-508 210
-488 220
-464 196
-512 226
-504 242
-504 250
-492 248
-568 274
-596 290
-564 274
-536 266
-548 268
-560 268
-540 264
-516 266
-556 252
-552 234
-416 222
-424 206
-468 230
-500 226
-472 234
-476 238
-448 248
-512 284
-524 288
-504 274
-480 248
-476 234
-476 238
-552 274
-540 242
-512 262
-560 276
-536 280
-528 276
-580 298
-600 296
-648 316
-616 316
-592 312
-592 302
-540 276
-540 274
-532 264
-528 248
-496 258
-480 246
-516 272
-548 278
-584 316
-584 312
-540 296
-532 282
-548 300
-548 304
-568 314
-616 328
-612 320
-616 312
-596 300
-596 298
-604 306
-580 308
-516 268
-536 250
-508 254
-512 256
-500 244
-500 246
-496 246
-444 218
-440 208
-488 198
-480 190
-472 178
-448 178
-452 186
-436 202
-516 204
-548 224
-568 246
-544 222
-520 230
-500 222
-548 230
-548 230
-488 202
-536 244
-500 242
-588 270
-516 238
-556 242
-544 242
-576 244
-584 262
-564 274
-460 220
-480 224
-512 236
-552 226
-508 226
-456 230
-528 258
-552 272
-564 286
-564 288
-560 292
-560 312
-612 344
-600 332
-588 318
-596 326
-600 334
-604 338
-620 336
-620 340
-640 340
-596 320
-632 338
-584 310
-564 308
-520 276
-512 248
-452 210
-440 214
-480 246
-480 216
-456 192
-432 126
-416 172
-424 182
-408 162
-448 122
-448 134
-452 120
-412 128
-464 160
-440 194
-440 198
-496 236
-520 234
-516 230
-476 182
-432 154
-428 132
-500 160
-476 142
-440 140
-472 144
-484 144
-448 120
-464 118
-448 134
-464 102
-456 158
-500 178
-468 164
-480 146
-468 144
-416 154
-428 170
-408 170
-424 156
-432 166
-492 194
-512 216
-476 224
-540 280
-564 282
-548 288
-544 290
-548 296
-536 282
-580 306
-604 318
-596 308
-540 276
-528 268
-528 254
-516 274
-576 286
-500 244
-536 274
-528 280
-528 294
-580 304
-592 304
-588 302
-524 292
-536 274
-620 318
-548 306
-596 328
-568 312
-568 296
-580 290
-560 298
-520 298
-556 306
-588 312
-572 310
-592 322
-536 284
-468 268
-516 276
-544 280
-548 284
-504 274
-552 286
-544 280
-560 282
-544 264
-504 258
-560 300
-516 274
-580 296
-520 292
-520 266
-552 282
-540 256
-552 262
-476 238
-508 234
-540 238
-520 234
-460 224
-516 216
-508 212
-464 190
-464 192
-512 226
-552 236
-524 222
-552 244
-544 244
-476 206
-468 192
-452 176
-476 190
-488 208
-500 194
-472 176
-480 136
-440 140
-448 128
-440 140
-428 186
-456 180
-452 174
-460 190
-420 210
-412 198
-456 218
-508 228
-556 266
-488 256
-496 262
-464 214
-504 218
-496 216
-476 218
-484 230
-508 240
-508 254
-580 296
-548 288
-540 292
-464 266
-508 270
-548 302
-492 276
-560 312
-580 314
-636 336
-592 322
-584 318
-608 336
-624 332
-612 328
-592 322
-548 298
-556 284
-532 278
-528 278
-528 250
-528 264
-524 278
-608 304
-536 262
-588 262
-576 274
-556 284
-568 272
-588 278
-512 262
-552 276
-548 288
-580 276
-604 306
-560 278
-552 252
-496 216
-516 232
-532 226
-480 188
-448 150
-416 134
-448 140
-464 146
-428 158
-464 154
-416 92
-424 92
-436 102
-464 78
-480 86
-428 76
-448 78
-388 64
-460 108
-420 90
-464 96
-444 56
-380 48
-368 28
-348 6
-360 2
-356 16
-420 58
-408 42
-368 54
-368 100
-396 88
-404 20
-352 8
-408 40
-436 32
-416 44
-412 44
-484 70
-448 78
-424 66
-456 30
-496 56
-468 42
-460 36
-464 38
-480 60
-448 74
-480 76
-444 96
-460 78
-440 76
-468 96
-516 102
-472 98
-456 72
-496 84
-520 78
-504 82
-460 66
-428 56
-492 80
-472 78
-484 108
-448 88
-496 92
-540 100
-532 104
-480 94
-496 106
-500 74
-504 54
-504 82
-468 68
-516 92
-536 114
-516 128
-532 142
-532 154
-528 154
-520 158
-472 156
-476 140
-468 146
-468 142
-480 120
-460 74
-428 92
-436 136
-460 136
-476 146
-448 142
-448 132
-484 120
-468 158
-476 144
-444 144
-484 134
-452 130
-464 122
-436 134
-428 136
-456 126
-452 128
-388 118
-360 90
-436 80
-460 94
-432 62
-428 66
-424 98
-468 138
-476 148
-460 148
-444 142
-408 142
-428 144
-424 156
-468 160
-496 168
-472 174
-428 166
-460 180
-492 166
-460 134
-460 94
-488 100
-468 96
-480 72
-484 52
-436 4
-424 10
-436 18
-460 46
-480 44
-504 46
-460 44
-452 50
-476 78
-472 54
-468 30
-476 8
-436 38
-400 14
-420 36
-400 66
-404 14
-432 8
-460 16
-448 26
-460 34
-448 38
-444 28
-440 42
-512 50
-444 32
-432 16
-472 12
-512 36
-500 50
-480 68
-484 76
-512 106
-496 84
-508 86
-420 90
-452 84
-372 34
-416 90
-424 98
-436 58
-468 70
-472 80
-524 118
-508 136
-488 140
-532 122
-528 144
-472 106
-472 112
-448 90
-380 90
-404 52
-420 52
-392 42
-452 44
-444 28
-476 10
-452 4
-432 16
-484 14
-432 6
-448 2
-448 10
-464 14
-448 36
-444 38
-400 8
-460 16
-428 38
-460 32
-508 54
-484 80
-468 72
-488 78
-480 44
-444 56
-440 72
-416 68
-436 102
-468 94
-496 102
-528 130
-580 156
-536 152
-496 186
-440 128
-412 130
-436 162
-432 178
-440 172
-476 188
-536 196
-516 176
-472 188
-508 230
-508 232
-500 234
-508 244
-508 240
-508 230
-460 236
-504 222
-520 248
-504 260
-516 274
-516 282
-536 282
-492 242
-540 268
-540 274
-552 260
-512 254
-528 258
-536 258
-572 262
-592 274
-584 274
-524 266
-504 266
-476 224
-496 226
-476 214
-512 236
-492 216
-456 200
-432 186
-456 200
-412 170
-440 172
-392 132
-440 164
-476 224
-532 242
-536 258
-524 256
-544 256
-544 264
-588 266
-560 264
-556 272
-556 260
-520 238
-480 254
-480 242
-524 272
-476 226
-448 210
-508 208
-488 232
-500 206
-480 188
-488 212
-460 226
-480 220
-496 196
-468 172
-476 200
-492 210
-500 180
-516 178
-436 152
-436 132
-416 104
-416 128
-436 130
-488 162
-492 146
-448 132
-464 160
-492 184
-444 182
-484 176
-520 210
-500 222
-440 204
-492 202
-456 190
-420 206
-544 236
-484 210
-448 218
-416 190
-428 154
-428 146
-512 124
-448 110
-404 130
-412 98
-452 142
-436 138
-376 144
-408 146
-448 174
-508 168
-508 174
-508 158
-532 160
-532 162
-516 146
-556 166
-464 148
-520 168
-572 158
-480 164
-496 180
-460 172
-552 198
-524 186
-512 180
-512 196
-532 222
-548 254
-472 242
-496 234
-452 208
-404 162
-412 164
-400 180
-396 202
-444 206
-484 198
-532 172
-532 170
-536 180
-516 184
-504 178
-432 148
-448 154
-460 166
-432 104
-444 106
-484 66
-416 50
-384 74
-408 80
-412 86
-452 76
-400 26
-408 8
-460 24
-404 78
-412 54
-404 26
-388 30
-432 12
-408 18
-348 22
-340 32
-380 28
-400 0
-412 2
-400 24
-404 4
-396 24
-408 12
-348 16
-360 14
-380 6
-388 38
-400 24
-452 8
-468 2
-464 26
-472 94
-448 82
-480 102
-468 96
-396 58
-464 36
-436 6
-400 10
-372 6
-404 40
-420 56
-420 56
-428 32
-452 74
-472 26
-428 16
-448 50
-488 30
-480 44
-416 42
-420 34
-456 44
-448 50
-480 70
-456 54
-496 42
-444 24
-484 18
-492 14
-472 36
-420 58
-440 68
-432 52
-376 44
-392 52
-372 20
-372 12
-408 68
-416 68
-372 64
-448 100
-400 90
-440 72
-396 110
-400 112
-468 128
-472 130
-524 178
-564 182
-528 166
-508 182
-476 180
-568 200
-540 190
-508 180
-520 214
-476 174
-456 158
-444 174
-488 170
-440 166
-424 160
-456 154
-456 186
-476 160
-476 180
-460 180
-444 204
-428 228
-492 200
-484 236
-468 232
-468 220
-432 204
-448 212
-500 248
-492 240
-524 248
-552 276
-504 276
-536 262
-508 256
-532 266
-492 256
-484 262
-560 282
-560 290
-564 280
-592 298
-624 318
-600 312
-620 326
-564 304
-588 314
-664 338
-656 340
-620 338
-556 306
-604 334
-612 336
-548 308
-584 324
-572 310
-520 292
-536 312
-496 276
-564 300
-552 304
-596 324
-576 310
-580 316
-540 302
-544 306
-552 304
-576 312
-608 330
-612 334
-564 310
-612 338
-584 326
-572 318
-588 322
-548 306
-564 316
-568 310
-584 318
-572 308
-564 304
-568 322
-560 300
-524 282
-476 248
-504 250
-520 246
-496 260
-520 242
-500 246
-504 248
-496 268
-504 258
-540 276
-472 234
-480 222
-492 244
-460 224
-456 208
-472 226
-488 228
-492 232
-492 216
-488 218
-468 212
-492 178
-460 202
-492 196
-504 198
-476 196
-504 208
-464 204
-460 148
-472 162
-504 126
-420 148
-444 158
-428 148
-408 120
-444 148
-456 176
-464 206
-464 222
-512 224
-464 194
-460 198
-448 198
-512 190
-532 208
-552 220
-528 222
-516 230
-500 252
-544 246
-460 180
-520 168
-480 152
-452 144
-408 126
-404 132
-468 174
-436 178
-412 170
-440 148
-440 156
-408 138
-420 148
-480 150
-484 148
-452 150
-416 160
-448 170
-520 202
-492 190
-492 202
-512 192
-460 202
-456 200
-556 246
-560 270
-508 250
-556 260
-500 240
-492 240
-508 254
-476 226
-476 216
-508 246
-512 226
-496 234
-472 232
-460 234
-548 258
-536 256
-504 260
-536 254
-532 262
-528 252
-544 250
-532 246
-580 260
-568 238
-564 244
-584 266
-484 248
-524 272
-544 274
-520 292
-612 328
-584 322
-568 314
-600 324
-532 290
-496 262
-500 222
-508 250
-468 232
-464 252
-448 224
-512 214
-508 230
-476 214
-428 212
-432 160
-432 170
-432 190
-436 180
-504 196
-464 202
-468 214
-472 204
-496 220
-488 186
-400 140
-428 164
-428 164
-432 184
-436 172
-464 196
-444 210
-448 200
-444 186
-420 196
-496 218
-484 218
-532 222
-524 226
-516 226
-520 216
-520 232
-560 252
-560 268
-504 234
-468 240
-492 244
-504 264
-492 258
-512 286
-544 274
-576 310
-608 302
-588 302
-576 288
-552 308
-560 304
-540 294
-560 294
-556 296
-644 326
-592 320
-560 312
-528 298
-608 332
-592 330
-564 308
-564 272
-552 282
-608 302
-596 320
-564 312
-572 310
-556 312
-564 304
-548 290
-540 300
-572 320
-620 342
-604 322
-612 320
-608 304
-636 324
-588 316
-540 286
-552 288
-576 282
-564 268
-616 298
-620 312
-564 296
-536 274
-552 272
-492 232
-480 228
-536 210
-460 218
-476 228
-484 238
-492 242
-588 254
-604 234
-556 220
-536 202
-496 218
-484 218
-512 222
-512 224
-476 224
-520 242
-544 254
-548 254
-560 258
-532 248
-496 212
-488 214
-476 216
-468 202
-456 208
-424 170
-460 188
-432 152
-480 138
-472 114
-448 136
-432 110
-424 122
-444 112
-468 138
-468 144
-452 160
-488 182
-488 194
-512 216
-536 240
-468 214
-512 214
-532 236
-492 228
-496 228
-508 234
-504 218
-496 212
-452 192
-456 216
-492 218
-532 260
-496 224
-492 216
-460 200
-500 218
-496 238
-492 230
-492 256
-444 244
-472 232
-480 234
-524 262
-568 288
-552 276
-536 224
-548 238
-552 256
-572 266
-592 268
-588 264
-572 252
-584 282
-600 266
-552 254
-548 228
-496 202
-420 200
-472 206
-440 196
-448 192
-524 234
-484 236
-532 252
-472 194
-464 212
-432 196
-460 180
-420 182
-496 194
-440 162
-448 170
-524 182
-516 140
-544 166
-476 146
-540 144
-516 144
-528 150
-484 162
-520 166
-496 160
-472 122
-512 118
-476 114
-464 120
-448 86
-420 126
-484 144
-476 172
-448 146
-436 172
-468 174
-468 146
-468 156
-444 138
-472 150
-456 150
-504 148
-484 158
-468 174
-488 200
-436 190
-464 210
-448 216
-468 180
-496 192
-520 204
-524 190
-488 182
-480 180
-492 174
-440 164
-404 138
-468 176
-468 150
-452 162
-468 136
-504 186
-460 186
-460 150
-448 158
-464 166
-520 206
-532 218
-496 192
-460 196
-476 202
-484 220
-464 206
-460 196
-456 220
-436 172
-420 184
-436 172
-440 188
-412 174
-432 230
-456 216
-484 238
-524 246
-512 242
-440 220
-488 208
-480 224
-440 194
-412 210
-428 240
-532 270
-548 286
-604 310
-616 312
-632 322
-672 336
-644 344
-652 352
-656 356
-704 372
-680 360
-612 336
-648 352
-632 342
-672 356
-616 326
-564 310
-580 320
-592 326
-536 296
-532 284
-544 304
-520 306
-556 310
-532 300
-540 294
-588 318
-588 316
-556 296
-548 284
-512 258
-568 284
-572 286
-556 282
-588 298
-612 308
-592 296
-524 274
-548 286
-580 290
-508 282
-556 290
-572 302
-568 314
-596 320
-624 336
-672 356
-596 330
-652 340
-620 326
-628 330
-560 314
-564 308
-584 312
-548 306
-536 282
-516 272
-432 230
-452 224
-448 254
-532 284
-536 290
-608 318
-584 310
-592 294
-492 272
-536 284
-572 302
-568 292
-592 296
-528 266
-544 284
-612 312
-572 318
-600 326
-632 336
-584 318
-620 330
-624 332
-600 328
-604 332
-644 348
-612 336
-564 322
-584 316
-620 322
-588 304
-584 322
-600 324
-560 288
-572 284
-556 274
-508 250
-492 230
-484 216
-540 242
-536 240
-548 252
-540 246
-444 230
-440 222
-500 232
-452 246
-496 260
-496 254
-468 226
-552 262
-552 270
-528 284
-524 282
-524 280
-480 270
-544 278
-604 312
-612 314
-592 282
-580 274
-572 276
-496 222
-536 222
-508 214
-496 234
-536 244
-468 224
-524 240
-536 242
-500 224
-524 242
-492 248
-488 210
-456 210
-528 240
-536 236
-536 238
-536 226
-496 218
-484 222
-428 180
-424 194
-452 214
-468 222
-500 216
-504 210
-460 234
-460 208
-484 194
-416 210
-456 250
-428 224
-484 220
-432 184
-444 148
-452 130
-476 162
-452 186
-520 218
-496 236
-556 238
-544 254
-572 272
-568 278
-536 278
-536 290
-564 270
-564 268
-492 240
-540 272
-568 292
-560 296
-524 294
-508 276
-528 266
-452 218
-464 228
-496 242
-500 220
-476 202
-436 196
-472 188
-416 166
-376 150
-452 168
-452 188
-412 180
-356 156
-388 162
-408 152
-392 118
-424 138
-440 140
-392 134
-456 130
-408 108
-448 130
-436 140
-472 138
-432 130
-428 138
-420 144
-476 158
-412 126
-444 172
-480 186
-440 178
-460 160
-468 138
-456 108
-496 82
-464 64
-400 58
-420 64
-388 36
-428 16
-412 12
-412 40
-440 32
-388 40
-344 42
-316 10
-288 4
-312 22
-316 10
-344 40
-352 26
-368 6
-356 6
-384 8
-384 24
-404 44
-424 82
-476 90
-448 86
-432 42
-468 62
-512 58
-488 68
-460 74
-412 80
-412 78
-412 84
-392 86
-424 70
-492 82
-508 122
-472 108
-416 118
-388 68
-492 148
-476 172
-488 160
-468 128
-456 150
-476 152
-452 170
-516 170
-532 140
-552 122
-524 92
-496 120
-508 146
-520 132
-464 88
-540 82
-536 110
-576 90
-504 98
-452 82
-460 58
-456 40
-416 42
-484 50
-488 56
-504 46
-488 20
-492 24
-536 34
-488 30
-460 20
-432 2
-432 34
-424 54
-472 60
-496 54
-452 10
-436 22
-440 18
-476 20
-504 60
-504 60
-528 88
-484 60
-484 88
-536 88
-532 74
-468 42
-456 22
-468 28
-492 40
-500 46
-452 22
-460 0
-472 40
-488 32
-508 4
-456 6
-480 8
-476 22
-508 2
-544 12
-504 20
-496 42
-472 52
-476 40
-424 28
-428 16
-344 24
-396 40
-456 76
-476 72
-472 68
-444 26
-412 58
-404 38
-432 38
-460 36
-416 4
-416 8
-436 4
-420 4
-440 22
-472 6
-432 22
-496 0
-504 2
-476 12
-456 36
-480 56
-472 64
-548 68
-540 86
-536 74
-500 48
-472 54
-464 82
-476 64
-488 64
-464 70
-520 72
-488 82
-512 86
-560 106
-528 104
-536 86
-528 68
-508 96
-468 100
-448 98
-472 84
-444 102
-460 148
-452 136
-452 134
-432 106
-400 96
-392 60
-436 70
-468 16
-424 28
-432 16
-456 28
-408 40
-396 50
-404 28
-428 32
-472 86
-524 92
-504 88
-448 54
-404 34
-448 48
-408 54
-396 52
-452 40
-424 58
-496 76
-472 42
-452 36
-464 66
-440 32
-412 0
-356 30
-416 8
-424 34
-500 72
-480 68
-480 58
-480 116
-464 82
-480 100
-484 140
-480 180
-520 182
-520 198
-496 208
-496 214
-480 198
-552 212
-488 196
-488 134
-440 118
-420 122
-424 112
-424 88
-368 76
-424 66
-436 90
-428 48
-428 0
-408 2
-344 4
-388 10
-428 32
-420 30
-464 58
-448 56
-420 32
-408 48
-396 22
-444 64
-468 84
-456 80
-424 64
-460 86
-500 52
-496 56
-500 76
-460 94
-456 108
-488 106
-500 138
-436 128
-436 148
-468 134
-488 114
-496 126
-468 110
-488 104
-480 74
-436 102
-448 90
-492 96
-460 82
-404 86
-420 122
-404 114
-452 108
-420 86
-440 86
-476 72
-496 106
-460 102
-424 110
-452 100
-436 104
-412 108
-436 118
-472 130
-384 132
-412 122
-472 138
-476 134
-508 142
-448 134
-448 108
-472 112
-428 100
-416 110
-436 138
-456 162
-492 176
-420 184
-480 204
-508 214
-440 232
-516 210
-468 196
-460 166
-420 146
-428 122
-480 136
-500 152
-444 148
-448 146
-448 98
-448 84
-444 84
-472 110
-432 140
-428 110
-452 96
-428 46
-404 40
-424 24
-428 32
-432 2
-424 34
-448 34
-428 38
-488 26
-512 48
-492 38
-556 28
-464 30
-492 46
-492 36
-504 4
-484 16
-524 46
-484 38
-516 36
-500 18
-448 30
-476 52
-488 48
-460 56
-444 64
-460 66
-436 44
-432 30
-448 38
-508 62
-488 50
-508 28
-512 38
-508 80
-508 112
-468 128
-484 112
-480 160
-508 190
-472 208
-500 232
-512 244
-572 270
-512 242
-516 266
-532 266
-488 270
-512 276
-516 250
-544 284
-596 300
-556 286
-508 250
-504 260
-508 258
-516 240
-496 248
-512 246
-544 240
-524 224
-488 216
-512 222
-492 210
-520 220
-560 220
-528 226
-540 192
-552 208
-532 184
-528 194
-504 212
-520 184
-496 166
-496 146
-512 152
-544 150
-512 154
-524 126
-508 132
-484 136
-476 130
-440 134
-432 164
-428 136
-456 136
-464 154
-500 174
-440 154
-480 170
-504 176
-540 170
-524 168
-480 156
-452 140
-452 124
-460 146
-488 140
-420 126
-492 186
-496 212
-476 178
-508 192
-512 172
-516 198
-496 192
-488 176
-524 166
-512 152
-500 162
-528 172
-528 142
-524 148
-500 130
-492 114
-456 122
-488 110
-472 90
-476 108
-472 96
-444 62
-440 50
-432 20
-440 4
-456 24
-480 24
-468 68
-476 16
-464 6
-472 54
-488 50
-484 108
-508 112
-496 118
-456 120
-464 140
-436 110
-416 140
-456 112
-368 60
-428 76
-444 44
-392 62
-352 60
-364 60
-424 44
-404 42
-416 48
-428 64
-448 58
-472 56
-488 58
-492 76
-492 98
-504 124
-500 152
-492 156
-520 166
-456 158
-444 154
-440 152
-420 124
-396 108
-436 84
-420 62
-420 46
-428 36
-428 6
-448 12
-500 6
-424 2
-380 16
-384 10
-404 10
-372 2
-448 22
-424 46
-424 54
-408 14
-424 6
-424 16
-452 34
-388 16
-432 8
-432 32
-404 34
-408 44
-364 68
-420 26
-376 40
-448 76
-404 88
-448 90
-428 46
-428 46
-432 24
-452 26
-468 22
-428 18
-464 10
-488 16
-516 24
-468 38
-472 42
-472 38
-440 20
-416 58
-420 84
-428 78
-412 82
-476 100
-456 126
-492 118
-484 110
-500 100
-464 96
-536 84
-504 62
-512 42
-476 18
-460 42
-420 8
-460 14
-428 18
-416 46
-436 28
-432 6
-456 24
-448 4
-420 14
-460 16
-480 6
-476 46
-472 66
-436 62
-432 86
-436 84
-456 68
-440 92
-484 76
-456 88
-436 84
-440 76
-468 80
-424 72
-400 64
-408 86
-436 124
-424 144
-508 172
-464 186
-524 192
-524 176
-456 180
-476 166
-484 198
-512 188
-448 144
-452 132
-460 104
-504 122
-472 126
-496 114
-456 122
-464 136
-500 160
-472 146
-464 156
-480 174
-488 142
-488 94
-480 114
-504 146
-516 152
-516 162
-468 138
-508 126
-520 116
-516 154
-536 126
-496 110
-520 128
-496 118
-432 74
-464 76
-440 60
-492 62
-428 14
-508 22
-520 16
-560 8
-528 34
-532 38
-508 78
-512 80
-504 70
-476 92
-496 106
-496 104
-428 84
-484 114
-488 112
-496 80
-468 80
-472 92
-508 74
-488 58
-484 64
-476 98
-516 104
-508 104
-524 82
-524 86
-484 114
-468 132
-480 126
-484 98
-464 114
-484 148
-520 158
-528 166
-496 134
-504 140
-484 130
-540 134
-532 114
-516 124
-460 118
-440 122
-424 152
-396 118
-416 98
-428 110
-416 110
-380 104
-372 56
-388 42
-360 32
-424 4
-388 0
-364 8
-392 0
-416 18
-444 16
-420 30
-452 30
-468 4
-460 2
-448 20
-424 12
-400 42
-412 62
-424 102
-488 120
-496 134
-440 130
-460 164
-536 208
-504 198
-496 204
-524 190
-520 218
-508 218
-536 240
-540 224
-572 258
-548 256
-548 242
-500 218
-532 238
-532 232
-552 252
-532 240
-464 218
-512 244
-492 212
-476 216
-484 220
-456 156
-472 206
-492 232
-540 254
-492 258
-528 276
-548 292
-524 266
-516 230
-508 238
-452 200
-484 186
-448 164
-432 168
-392 146
-416 148
-388 96
-364 128
-432 162
-436 138
-468 160
-448 160
-464 168
-476 172
-456 140
-500 180
-480 178
-488 174
-472 186
-480 172
-428 180
-456 166
-488 166
-460 152
-448 176
-452 142
-452 156
-436 120
-420 130
-436 100
-400 76
-400 90
-368 18
-384 0
-412 8
-388 16
-392 24
-368 10
-456 40
-424 70
-396 88
-412 74
-376 56
-360 52
-388 76
-436 72
-420 78
-420 128
-452 142
-416 162
-472 164
-448 154
-460 188
-500 196
-512 220
-500 192
-504 210
-548 232
-572 224
-588 246
-536 234
-584 270
-536 250
-556 260
-544 260
-584 300
-608 298
-560 246
-580 216
-508 244
-524 232
-544 240
-540 210
-504 212
-492 220
-480 208
-440 176
-460 180
-532 210
-496 214
-508 234
-520 240
-528 254
-544 296
-568 292
-544 274
-484 272
-468 268
-544 288
-560 310
-540 296
-508 268
-524 280
-516 270
-492 258
-504 272
-532 288
-540 280
-580 308
-588 310
-616 316
-608 316
-588 290
-616 292
-568 304
-580 306
-528 288
-524 284
-572 296
-580 300
-560 300
-516 278
-564 288
-536 282
-508 248
-528 262
-476 260
-508 278
-504 264
-524 276
-524 284
-520 266
-528 262
-524 260
-516 242
-496 208
-500 190
-432 168
-476 208
-464 196
-472 208
-480 194
-456 196
-436 208
-452 216
-492 258
-540 290
-508 252
-520 234
-504 216
-532 228
-512 210
-512 198
-472 152
-484 148
-444 148
-440 168
-448 172
-464 192
-516 232
-468 210
-484 236
-576 302
-628 316
-588 292
-540 264
-508 238
-484 234
-536 222
-516 240
-480 252
-448 222
-496 218
-528 246
-552 216
-512 210
-540 216
-504 222
-496 196
-468 170
-468 154
-468 122
-460 118
-472 126
-460 142
-484 134
-492 110
-512 88
-484 48
-408 50
-456 40
-440 20
-380 2
-388 28
-404 28
-360 24
-364 6
-384 20
-368 18
-388 50
-396 60
-440 40
-384 60
-364 58
-408 52
-436 24
-440 28
-376 36
-448 92
-408 102
-400 108
-444 120
-476 132
-492 168
-532 226
-528 224
-516 228
-520 234
-524 224
-532 246
-512 256
-544 244
-568 240
-540 220
-500 172
-516 200
-508 176
-516 154
-484 136
-464 140
-464 138
-436 156
-464 176
-488 184
-476 172
-448 170
-480 160
-468 176
-464 168
-496 210
-476 208
-452 236
-500 252
-452 262
-492 266
-516 270
-504 258
-512 266
-496 264
-484 252
-508 276
-596 308
-636 326
-592 314
-584 318
-580 324
-564 322
-616 330
-608 330
-572 312
-568 318
-560 314
-556 318
-496 266
-532 302
-540 294
-500 290
-548 302
-560 300
-556 292
-532 298
-544 298
-468 276
-528 294
-512 274
-504 258
-492 246
-484 230
-460 200
-504 224
-472 228
-540 254
-508 238
-528 236
-504 210
-520 216
-516 216
-512 230
-528 240
-548 228
-544 222
-556 244
-576 260
-556 268
-528 242
-528 270
-504 252
-508 248
-512 252
-556 270
-516 274
-544 276
-564 280
-592 298
-584 320
-528 286
-516 276
-484 260
-580 308
-568 300
-552 306
-596 316
-632 328
-608 316
-560 304
-568 300
-584 308
-576 314
-632 328
-552 306
-584 304
-560 298
-540 296
-560 300
-572 290
-568 276
-572 286
-556 296
-560 300
-596 314
-636 330
-584 314
-656 348
-628 336
-596 334
-592 328
-564 316
-572 316
-624 320
-556 306
-532 298
-536 288
-524 270
-532 246
-508 240
-576 274
-608 288
-616 304
-556 288
-616 322
-600 306
-604 296
-556 290
-644 334
-588 330
-588 316
-564 318
-568 322
-572 324
-532 302
-564 304
-532 298
-512 288
-544 290
-552 294
-592 332
-592 330
-628 340
-576 318
-540 294
-584 316
-544 298
-548 292
-560 320
-536 306
-548 310
-616 322
-568 292
-576 306
-600 314
-584 308
-552 286
-556 284
-524 262
-540 252
-524 262
-544 264
-564 294
-576 298
-560 264
-588 282
-596 270
-532 242
-500 236
-548 250
-548 228
-536 224
-508 210
-548 210
-508 202
-540 194
-548 216
-500 188
-532 226
-448 200
-500 218
-508 204
-508 204
-420 188
-436 200
-440 170
-452 150
-484 166
-480 166
-500 176
-504 194
-488 206
-480 200
-472 182
-528 176
-524 180
-524 208
-512 210
-536 208
-552 228
-520 218
-492 212
-488 186
-504 198
-504 194
-520 164
-488 160
-480 160
-500 162
-476 188
-428 146
-440 162
-508 196
-456 182
-456 150
-476 172
-528 194
-540 216
-516 216
-512 214
-544 216
-460 172
-444 170
-432 196
-484 188
-504 200
-448 180
-492 214
-508 246
-432 222
-504 240
-520 238
-532 280
-540 278
-548 282
-524 278
-480 246
-496 246
-468 230
-480 222
-492 250
-532 258
-544 256
-504 230
-528 224
-564 188
-524 182
-512 182
-456 152
-444 148
-476 144
-516 146
-496 126
-472 140
-500 160
-472 174
-480 168
-476 170
-472 182
-436 168
-452 174
-436 168
-460 164
-492 156
-488 128
-464 130
-484 152
-460 162
-496 182
-424 168
-476 162
-480 158
-468 176
-444 176
-472 190
-456 200
-496 190
-488 172
-520 168
-488 182
-488 160
-472 132
-484 128
-464 120
-464 140
-472 146
-444 130
-448 126
-448 98
-472 108
-484 102
-472 144
-484 164
-452 132
-512 122
-552 122
-480 88
-452 92
-452 82
-444 124
-460 130
-480 152
-492 132
-536 142
-500 152
-492 120
-496 132
-492 136
-520 130
-496 126
-548 146
-524 142
-512 168
-464 154
-484 166
-476 174
-520 182
-504 194
-576 180
-544 194
-508 172
-512 166
-476 172
-460 176
-500 176
-512 170
-516 176
-512 174
-444 144
-488 158
-452 174
-464 194
-520 220
-500 206
-476 228
-512 252
-536 252
-532 248
-520 232
-548 240
-508 238
-568 262
-564 290
-572 290
-576 300
-584 306
-588 304
-508 256
-556 262
-560 276
-512 270
-504 266
-528 284
-488 270
-524 274
-560 280
-532 278
-528 268
-500 276
-512 284
-548 286
-560 284
-572 286
-556 290
-532 266
-528 254
-544 262
-472 216
-500 214
-576 246
-524 214
-512 210
-464 206
-444 192
-508 224
-524 242
-512 208
-492 220
-516 234
-528 250
-496 238
-504 234
-496 232
-528 236
-496 216
-496 198
-480 196
-472 216
-528 234
-540 208
-504 222
-500 196
-556 226
-560 230
-544 244
-540 232
-564 214
-548 210
-540 216
-576 228
-540 256
-552 252
-536 226
-496 204
-588 242
-576 258
-500 208
-524 224
-524 204
-480 144
-476 146
-408 114
-432 104
-456 120
-480 140
-496 144
-508 164
-460 138
-460 176
-452 144
-448 166
-480 132
-456 114
-448 120
