-12 6
-424 178
-444 156
-412 114
-472 48
-432 42
-504 18
-512 12
-460 16
-464 22
-444 44
-496 28
-532 38
-572 60
-520 28
-520 18
-540 32
-524 48
-456 64
-448 52
-456 46
-436 72
-440 80
-496 82
-460 74
-524 54
-536 50
-536 82
-480 78
-496 126
-480 136
-524 144
-520 134
-492 114
-444 90
-472 84
-508 36
-472 52
-480 68
-472 122
-476 140
-440 114
-452 160
-480 164
-484 160
-484 146
-460 130
-508 172
-508 208
-512 226
-592 228
-608 260
-608 266
-528 244
-488 242
-524 242
-548 280
-548 286
-592 286
-552 262
-560 258
-580 246
-584 268
-552 244
-608 264
-572 264
-532 266
-568 282
-616 286
-544 260
-500 252
-628 308
-600 280
-560 264
-544 248
-508 220
-556 258
-504 230
-496 234
-472 212
-524 236
-516 226
-492 224
-512 252
-544 256
-572 278
-564 290
-556 276
-516 256
-532 256
-528 280
-552 286
-556 264
-540 248
-524 244
-560 264
-540 242
-544 250
-484 228
-496 208
-556 248
-556 288
-560 276
-564 292
-588 302
-548 294
-512 276
-532 272
-540 296
-576 292
-536 278
-548 288
-548 298
-524 298
-552 294
-628 314
-632 332
-636 334
-632 322
-584 320
-600 324
-588 314
-576 332
-608 342
-628 346
-604 334
-624 334
-596 338
-596 326
-608 334
-568 312
-568 310
-564 310
-596 314
-592 310
-576 306
-596 322
-600 326
-600 326
-628 332
-572 314
-584 302
-584 314
-568 304
-584 304
-548 290
-524 264
-488 250
-528 240
-568 260
-596 296
-564 304
-576 318
-516 296
-568 306
-556 302
-560 306
-588 310
-576 308
-596 318
-648 336
-636 324
-616 312
-588 300
-596 322
-580 304
-580 310
-528 292
-548 300
-564 284
-528 278
-520 286
-568 310
-576 312
-656 344
-628 322
-580 310
-572 308
-560 294
-576 304
-628 328
-596 318
-560 296
-520 290
-548 296
-532 286
-556 286
-536 294
-500 266
-480 234
-524 254
-516 288
-612 308
-596 324
-624 334
-636 328
-544 292
-580 306
-580 308
-612 312
-620 306
-612 306
-588 302
-540 270
-572 308
-552 302
-532 280
-504 274
-464 250
-424 232
-440 190
-436 212
-436 198
-408 200
-480 242
-464 248
-516 252
-592 286
-504 266
-588 296
-600 302
-532 284
-568 300
-564 306
-560 308
-564 312
-544 286
-540 298
-608 320
-528 294
-568 310
-580 306
-524 290
-532 290
-564 296
-608 300
-556 286
-504 248
-520 230
-560 228
-508 224
-488 208
-516 214
-524 242
-544 256
-524 238
-512 204
-544 220
-492 194
-480 202
-512 184
-524 214
-564 214
-584 234
-556 248
-532 260
-480 234
-520 250
-520 282
-504 238
-516 242
-480 234
-480 266
-512 276
-512 260
-536 276
-552 282
-544 300
-572 310
-572 302
-536 286
-568 318
-568 326
-596 310
-620 328
-616 328
-628 332
-668 332
-600 308
-572 284
-556 272
-536 278
-528 252
-468 230
-504 260
-508 246
-496 270
-532 274
-556 278
-584 288
-560 280
-596 312
-616 324
-612 312
-576 310
-584 320
-640 332
-648 352
-660 352
-608 326
-580 310
-516 286
-516 280
-536 284
-568 298
-580 290
-540 276
-528 264
-560 250
-560 234
-572 256
-560 264
-528 252
-484 232
-552 276
-552 286
-536 274
-524 264
-512 252
-524 272
-532 270
-536 262
-576 278
-540 250
-532 234
-508 216
-504 226
-480 220
-488 232
-516 230
-536 238
-512 244
-484 220
-500 248
-464 204
-484 174
-464 154
-480 138
-464 148
-472 144
-464 138
-488 140
-468 140
-472 186
-460 190
-432 180
-408 164
-408 136
-404 114
-420 138
-416 144
-484 172
-452 150
-488 160
-472 136
-424 122
-436 138
-424 148
-460 150
-484 146
-480 148
-448 140
-464 128
-480 148
-464 152
-484 144
-456 114
-404 122
-420 134
-420 110
-492 100
-460 100
-464 78
-508 96
-520 88
-500 78
-480 90
-476 90
-452 82
-468 50
-412 18
-452 42
-504 58
-544 46
-580 72
-556 58
-556 60
-480 94
-480 124
-452 98
-448 96
-496 74
-416 34
-424 20
-408 36
-432 60
-452 62
-468 34
-464 50
-464 72
-396 56
-460 66
-416 94
-432 82
-500 64
-424 98
-416 114
-440 90
-472 128
-468 116
-476 126
-492 130
-520 130
-512 110
-456 114
-468 48
-472 52
-500 66
-504 90
-496 120
-468 114
-452 102
-448 120
-444 100
-456 88
-496 102
-488 74
-504 110
-488 128
-468 126
-504 96
-484 96
-492 104
-468 128
-492 130
-500 160
-484 160
-516 188
-464 200
-496 206
-484 186
-432 194
-500 214
-452 194
-428 168
-444 164
-440 158
-428 138
-432 134
-464 140
-452 124
-444 108
-484 140
-452 116
-440 132
-472 142
-500 154
-496 164
-492 164
-460 154
-468 160
-468 170
-492 168
-476 164
-464 186
-432 172
-460 134
-464 134
-488 108
-480 152
-496 166
-476 162
-456 160
-492 190
-504 198
-488 196
-552 214
-584 220
-612 224
-608 198
-576 200
-584 200
-584 192
-548 164
-528 180
-560 204
-560 202
-536 198
-524 176
-584 178
-580 190
-544 192
-508 204
-520 240
-484 216
-476 218
-488 198
-508 192
-536 230
-560 264
-556 236
-564 230
-556 236
-556 220
-568 252
-568 252
-492 236
-528 254
-508 242
-496 232
-488 208
-552 208
-552 222
-520 216
-496 192
-460 158
-456 144
-460 154
-460 144
-460 170
-480 204
-484 210
-520 242
-516 260
-496 264
-496 234
-452 228
-428 210
-468 186
-460 178
-428 138
-448 86
-452 114
-384 102
-420 152
-436 152
-480 184
-488 186
-428 178
-420 178
-452 218
-472 236
-436 242
-528 258
-504 252
-536 250
-580 284
-608 296
-580 292
-592 288
-592 312
-580 290
-672 306
-636 294
-588 278
-576 280
-552 278
-516 246
-524 278
-508 270
-520 252
-468 230
-476 240
-504 240
-516 266
-552 278
-544 274
-560 276
-564 304
-540 296
-612 312
-588 284
-596 302
-540 300
-516 290
-520 278
-508 258
-520 284
-552 302
-548 300
-620 334
-620 338
-612 334
-572 312
-560 278
-568 260
-524 240
-500 236
-508 240
-512 228
-480 204
-444 180
-452 186
-472 186
-464 198
-424 194
-412 180
-408 140
-428 164
-488 174
-480 200
-464 204
-480 220
-536 232
-528 214
-520 224
-532 228
-520 210
-484 202
-500 230
-492 222
-444 180
-468 202
-456 176
-464 186
-480 200
-452 186
-512 198
-500 198
-488 158
-468 138
-460 138
-448 158
-460 148
-484 162
-488 174
-448 174
-444 170
-456 136
-488 98
-428 114
-420 96
-428 96
-504 96
-504 90
-472 124
-492 120
-468 138
-496 160
-428 130
-444 180
-476 136
-492 152
-468 170
-424 138
-420 124
-412 136
-388 134
-404 120
-420 96
-460 130
-492 174
-476 202
-472 210
-456 176
-468 192
-504 254
-540 262
-540 300
-500 262
-472 220
-472 232
-508 250
-548 244
-476 220
-492 236
-448 204
-432 200
-504 212
-488 210
-448 198
-544 210
-536 202
-500 176
-476 204
-508 204
-504 214
-532 246
-564 256
-508 246
-536 264
-532 292
-560 304
-556 298
-576 314
-572 316
-608 328
-516 298
-580 302
-576 276
-540 248
-480 204
-456 174
-504 198
-520 200
-508 194
-436 164
-460 162
-524 158
-520 156
-548 122
-544 120
-512 130
-444 82
-448 90
-464 56
-448 78
-472 98
-452 102
-520 82
-516 66
-488 58
-496 66
-484 50
-512 60
-484 84
-408 66
-404 64
-464 66
-456 60
-476 52
-440 54
-440 50
-460 56
-440 58
-448 58
-416 60
-424 94
-440 100
-396 78
-500 78
-476 58
-500 76
-516 76
-532 106
-544 138
-544 156
-540 146
-532 142
-496 156
-508 154
-488 114
-460 122
-444 112
-476 62
-444 48
-444 68
-396 104
-404 98
-412 118
-424 104
-428 90
-412 98
-488 132
-444 98
-504 124
-472 158
-492 134
-456 138
-472 152
-504 176
-492 188
-516 188
-564 212
-576 214
-540 200
-544 168
-528 170
-528 216
-556 206
-524 206
-476 196
-484 222
-508 228
-484 228
-508 244
-496 226
-524 216
-516 236
-460 230
-416 232
-416 208
-472 190
-452 168
-444 200
-420 182
-440 220
-488 212
-488 222
-532 238
-536 254
-528 278
-524 266
-512 268
-528 268
-520 274
-524 280
-572 304
-528 312
-652 350
-660 348
-664 354
-612 336
-612 332
-560 310
-560 302
-556 304
-556 304
-520 290
-528 290
-560 302
-584 314
-516 296
-568 316
-656 354
-664 362
-656 354
-696 372
-644 352
-612 336
-580 316
-620 336
-660 358
-600 332
-632 350
-604 324
-596 312
-560 290
-548 294
-576 318
-584 324
-596 330
-580 318
-556 312
-600 330
-560 316
-584 328
-612 334
-604 338
-568 302
-568 308
-536 294
-576 314
-576 310
-572 304
-576 304
-596 294
-584 298
-564 272
-580 268
-584 308
-576 302
-532 284
-484 262
-464 256
-524 268
-508 248
-512 254
-520 254
-520 280
-560 294
-544 260
-492 236
-512 252
-544 258
-524 254
-552 280
-512 268
-536 274
-544 282
-472 244
-532 246
-508 252
-524 248
-512 258
-516 264
-512 264
-492 242
-496 214
-460 194
-468 182
-412 146
-444 136
-468 166
-440 152
-464 122
-444 120
-476 114
-448 110
-444 124
-444 112
-428 40
-456 24
-468 30
-400 4
-412 24
-464 48
-412 32
-384 28
-348 10
-372 50
-416 94
-440 104
-392 116
-416 144
-484 152
-516 166
-512 170
-524 172
-472 186
-384 130
-436 180
-456 230
-408 226
-440 224
-444 196
-432 200
-496 212
-480 182
-424 168
-432 162
-424 180
-428 156
-400 116
-432 148
-508 152
-452 150
-392 146
-432 162
-452 142
-448 120
-456 116
-396 124
-432 134
-452 174
-468 144
-528 152
-548 176
-548 182
-532 196
-516 208
-528 236
-540 220
-540 244
-556 258
-544 250
-564 248
-524 212
-528 196
-444 174
-512 216
-484 186
-484 186
-504 192
-508 206
-516 200
-496 180
-536 180
-516 154
-520 154
-528 170
-496 160
-452 178
-468 214
-488 198
-460 174
-488 230
-468 212
-480 204
-516 210
-536 238
-524 212
-580 228
-532 194
-504 182
-480 144
-500 142
-432 180
-484 166
-520 188
-452 194
-468 218
-504 238
-528 238
-592 274
-556 298
-544 280
-536 276
-556 288
-584 314
-584 298
-612 304
-612 294
-584 292
-584 304
-640 324
-612 310
-572 292
-560 282
-536 278
