10 35
-334 121
-342 133
-326 119
-314 111
-306 101
-294 97
-286 107
-274 93
-290 93
-286 89
-254 79
-294 109
-310 133
-282 127
-298 143
-310 133
-322 133
-330 125
-290 129
-290 115
-270 137
-282 141
-290 155
-314 149
-326 145
-310 139
-330 145
-342 143
-362 153
-354 157
-310 135
-282 131
-306 147
-314 151
-298 135
-334 151
-330 153
-330 173
-362 191
-366 195
-378 193
-390 195
-350 181
-358 177
-322 173
-334 183
-350 189
-350 187
-334 173
-330 167
-346 167
-342 167
-342 179
-338 185
-362 181
-350 183
-382 203
-354 197
-366 199
-386 207
-402 211
-366 195
-358 193
-330 183
-326 179
-326 179
-362 201
-354 195
-394 207
-394 207
-370 201
-350 189
-350 193
-386 203
-418 215
-402 209
-378 201
-398 193
-374 187
-326 163
-314 169
-342 173
-322 171
-338 173
-354 187
-306 177
-358 181
-398 207
-354 195
-338 185
-342 185
-350 187
-414 215
-410 215
-414 215
-434 221
-398 207
-402 203
-398 205
-382 203
-398 209
-390 207
-378 201
-350 193
-342 187
-342 189
-342 189
-298 171
-358 197
-362 195
-358 195
-366 191
-342 179
-338 189
-374 203
-406 213
-410 213
-350 193
-358 191
-338 185
-358 199
-314 183
-322 181
-362 197
-398 203
-410 213
-398 211
-378 205
-386 207
-334 185
-354 189
-350 189
-342 183
-358 191
-334 179
-362 195
-346 193
-370 197
-338 189
-310 177
-322 175
-362 185
-370 197
-366 195
-398 211
-394 209
-406 213
-406 213
-394 209
-362 193
-350 177
-326 167
-326 147
-310 157
-298 141
-274 133
-306 159
-306 145
-318 145
-302 149
-318 177
-350 181
-366 183
-346 169
-338 179
-338 167
-322 181
-342 185
-390 199
-382 189
-354 193
-338 187
-374 203
-382 207
-354 195
-310 177
-326 169
-330 169
-290 147
-310 129
-322 131
-342 155
-294 117
-298 131
-314 145
-314 157
-322 175
-318 175
-310 173
-318 175
-350 189
-354 191
-354 193
-386 201
-362 185
-346 179
-362 189
-354 195
-390 205
-406 213
-406 213
-394 205
-390 203
-370 189
-378 199
-346 193
-382 203
-354 183
-346 181
-390 203
-402 211
-398 207
-394 205
-370 197
-330 189
-342 193
-350 195
-382 205
-398 211
-378 199
-346 193
-334 179
-342 189
-346 185
-358 189
-338 181
-318 183
-378 203
-398 211
-402 213
-390 207
-330 175
-310 169
-318 181
-362 193
-386 207
-394 209
-342 187
-326 179
-286 167
-318 177
-354 189
-346 187
-342 185
-338 183
-330 185
-338 183
-346 189
-374 203
-394 209
-374 203
-382 201
-382 197
-422 217
-418 217
-394 209
-382 205
-390 205
-394 207
-366 197
-366 193
-378 205
-378 203
-394 209
-354 191
-310 181
-278 155
-310 175
-374 197
-378 207
-382 203
-358 197
-362 195
-406 213
-378 203
-362 193
-326 183
-378 203
-378 205
-370 201
-342 191
-330 189
-346 185
-322 175
-318 181
-370 191
-390 199
-374 189
-338 169
-298 153
-318 151
-298 143
-314 141
-290 141
-298 151
-354 175
-310 159
-314 167
-350 189
-370 203
-386 207
-382 203
-402 211
-386 201
-390 199
-354 179
-334 171
-334 175
-334 179
-318 159
-334 175
-346 173
-338 179
-338 171
-326 167
-322 171
-398 191
-366 193
-358 187
-354 189
-338 177
-322 175
-318 181
-346 177
-342 173
-358 189
-386 201
-362 195
-318 173
-346 187
-382 201
-402 203
-390 205
-358 195
-346 187
-334 179
-306 165
-338 181
-378 201
-382 199
-366 193
-378 203
-386 201
-410 213
-434 221
-418 217
-386 205
-374 193
-374 197
-382 199
-334 185
-386 207
-382 205
-354 199
-362 199
-382 199
-358 189
-314 179
-354 197
-362 193
-346 191
-326 179
-346 191
-342 189
-334 181
-326 175
-378 201
-378 199
-386 207
-390 209
-358 197
-366 197
-390 207
-358 197
-326 187
-342 187
-338 185
-334 187
-314 175
-346 179
-338 183
-346 189
-326 177
-330 191
-350 191
-350 195
-350 191
-366 199
-374 203
-382 207
-378 199
-366 197
-362 193
-386 191
-370 181
-338 179
-270 157
-334 165
-338 183
-322 189
-334 183
-362 199
-370 203
-378 203
-358 197
-302 167
-338 193
-362 195
-330 183
-354 191
-330 185
-330 185
-342 181
-342 177
-326 175
-330 177
-366 197
-374 203
-374 205
-378 197
-390 203
-386 207
-406 211
-390 209
-382 201
-394 205
-382 207
-382 205
-382 203
-346 185
-354 183
-370 197
-342 191
-386 209
-402 209
-378 197
-370 197
-362 191
-330 163
-310 161
-350 175
-382 183
-358 181
-318 173
-354 191
-354 179
-366 195
-398 205
-378 195
-342 185
-350 173
-354 161
-370 169
-354 165
-298 145
-282 149
-326 179
-318 153
-286 143
-306 167
-290 149
-318 151
-306 147
-338 151
-318 157
-322 149
-326 159
-314 149
-334 163
-354 149
-346 145
-310 135
-322 137
-326 145
-326 141
-310 135
-310 151
-302 159
-354 183
-354 185
-302 167
-298 165
-334 173
-282 153
-314 161
-338 177
-346 177
-346 177
-350 181
-334 179
-358 181
-370 193
-374 191
-358 187
-354 185
-322 175
-346 187
-314 181
-354 185
-342 173
-358 183
-350 175
-346 161
-306 141
-278 125
-242 117
-222 103
-226 101
-270 117
-262 135
-286 147
-290 141
-290 149
-266 141
-270 145
-274 157
-306 179
-314 167
-322 175
-270 147
-294 163
-294 167
-282 165
-326 169
-342 167
-350 187
-366 191
-362 193
-326 183
-306 179
-346 193
-366 201
-342 185
-302 169
-302 177
-338 189
-354 197
-390 207
-366 199
-342 187
-326 183
-326 179
-326 187
-358 195
-374 197
-334 185
-314 165
-330 181
-326 173
-338 185
-326 179
-370 193
-330 177
-306 163
-286 157
-282 153
-310 151
-310 143
-294 143
-250 121
-262 125
-262 139
-282 137
-246 113
-234 123
-250 139
-298 159
-310 135
-302 149
-294 109
-294 121
-314 129
-362 165
-350 157
-366 165
-342 159
-346 163
-338 159
-338 163
-338 155
-326 167
-330 179
-326 169
-354 183
-362 191
-350 191
-370 201
-370 201
-414 213
-422 215
-430 219
-434 221
-410 215
-402 211
-394 209
-402 207
-390 207
-386 203
-362 199
-350 195
-374 201
-398 209
-390 207
-366 197
-366 195
-314 171
-334 173
-318 165
-346 185
-346 181
-310 165
-306 161
-302 149
-290 141
-290 123
-294 111
-322 123
-318 113
-342 131
-354 145
-366 159
-362 165
-346 173
-338 185
-362 193
-338 195
-358 197
-406 211
-394 209
-418 217
-382 205
-386 201
-410 215
-362 195
-386 207
-362 195
-358 191
-366 197
-362 191
-386 205
-378 201
-382 205
-410 213
-394 209
-374 205
-398 209
-410 213
-422 217
-386 205
-394 205
-366 201
-358 195
-346 179
-350 183
-370 199
-402 209
-410 211
-414 213
-378 201
-418 217
-378 205
-382 203
-370 193
-342 177
-338 183
-334 185
-338 185
-358 189
-366 185
-386 203
-366 191
-370 197
-374 201
-382 203
-410 215
-414 215
-418 215
-414 215
-442 223
-418 217
-386 201
-350 185
-334 173
-366 179
-338 167
-330 181
-374 203
-402 207
-342 189
-350 187
-330 179
-366 201
-374 205
-394 209
-366 201
-346 181
-334 179
-358 189
-354 189
-346 177
-358 191
-370 195
-358 187
-366 193
-378 197
-362 193
-402 209
-382 203
-426 219
-390 209
-402 213
-378 197
-366 195
-362 195
-330 179
-354 197
-334 187
-358 197
-366 199
-354 191
-366 193
-330 187
-306 185
-322 183
-370 199
-394 203
-374 197
-366 191
-338 185
-286 163
-326 189
-350 185
-346 191
-362 195
-386 205
-362 191
-374 201
-350 181
-350 181
-310 173
-346 187
-362 189
-378 195
-362 183
-366 185
-358 169
-346 175
-330 161
-318 153
-274 147
-286 141
-262 121
-282 127
-270 123
-282 147
-266 141
-302 155
-286 153
-354 179
-326 169
-314 167
-362 193
-334 183
-350 185
-370 197
-342 181
-330 191
-374 203
-374 197
-358 185
-346 187
-366 197
-354 193
-350 193
-358 197
-366 189
-378 205
-418 215
-386 205
-398 209
-390 209
-398 207
-354 195
-346 193
-346 193
-374 203
-382 205
-402 211
-398 211
-414 215
-426 219
-366 201
-382 205
-386 205
-382 203
-358 195
-350 187
-342 185
-310 169
-326 185
-322 175
-358 191
-346 185
-318 181
-302 163
-322 177
-338 169
-342 185
-358 187
-334 175
-334 175
-338 185
-390 203
-386 201
-382 201
-378 197
-402 205
-358 181
-334 177
-330 167
-358 169
-362 181
-350 163
-350 163
-350 165
-322 159
-302 153
-338 161
-302 153
-322 155
-318 141
-346 169
-350 169
-310 149
-322 147
-302 135
-314 145
-270 149
-294 147
-298 149
-310 143
-326 151
-322 147
-342 147
-346 163
-330 155
-330 147
-322 133
-326 145
-334 155
-314 183
-318 175
-314 163
-310 161
-346 183
-318 173
-310 171
-290 169
-294 171
-298 161
-338 175
-346 169
-294 147
-322 163
-314 159
-286 151
-310 163
-330 177
-342 183
-322 177
-298 173
-346 185
-330 173
-342 185
-330 187
-358 195
-366 185
-378 177
-386 187
-354 179
-378 189
-314 175
-318 165
-286 159
-318 169
-314 165
-342 159
-318 167
-326 171
-370 181
-338 175
-330 181
-322 161
-338 181
-338 193
-370 201
-382 207
-366 199
-374 201
-354 193
-350 187
-354 197
-362 195
-354 195
-342 191
-322 181
-290 173
-326 175
-366 191
-318 175
-342 179
-346 181
-346 179
-326 177
-322 169
-290 159
-290 159
-350 189
-386 205
-402 211
-418 217
-382 205
-394 211
-394 211
-386 207
-390 207
-386 209
-338 191
-346 191
-366 201
-358 199
-342 187
-342 183
-370 201
-378 201
-326 181
-334 183
-350 193
-342 183
-334 175
-334 183
-374 201
-350 183
-334 187
-370 201
-382 203
-374 205
-394 209
-374 203
-426 219
-434 221
-394 209
-410 215
-370 201
-370 201
-402 211
-418 217
-346 195
-394 209
-382 203
-378 201
-426 219
-406 211
-402 207
-374 201
-358 191
-330 189
-362 195
-342 187
-342 189
-350 195
-374 199
-390 207
-358 195
-326 179
-314 163
-290 147
-318 161
-334 171
-306 149
-294 137
-326 161
-346 173
-318 161
-330 169
-338 183
-322 181
-338 189
-342 183
-322 155
-290 141
-310 143
-310 147
-346 155
-314 147
-306 149
-334 141
-362 153
-346 139
-322 133
-314 129
-290 135
-314 155
-290 149
-302 163
-314 167
-350 187
-358 193
-366 183
-362 185
-354 177
-374 175
-354 171
-314 167
-326 173
-338 183
-306 147
-286 153
-286 155
-334 157
-334 163
-346 153
-310 135
-334 157
-302 157
-322 141
-330 149
-314 147
-338 153
-338 163
-326 161
-350 161
-338 159
-334 159
-366 175
-350 163
-330 175
-358 195
-342 183
-342 179
-346 175
-366 175
-354 157
-346 141
-270 137
-302 127
-318 113
-302 97
-278 111
-322 143
-330 145
-318 123
-306 117
-294 109
-326 117
-314 107
-294 119
-310 123
-310 127
-322 143
-314 127
-302 111
-246 119
-258 113
-218 101
-246 101
-262 93
-298 89
-310 101
-314 119
-298 133
-314 127
-346 141
-326 139
-326 135
-330 139
-330 129
-294 123
-254 109
-266 103
-266 101
-274 119
-262 105
-298 119
-306 125
-294 139
-274 135
-318 141
-306 147
-342 153
-346 161
-366 157
-334 159
-342 161
-350 169
-306 139
-294 145
-318 161
-326 163
-326 177
-302 167
-346 177
-350 173
-342 177
-302 157
-310 157
-322 173
-326 171
-298 153
-258 125
-254 117
-234 123
-254 133
-250 127
-266 109
-274 117
-302 133
-330 143
-338 161
-278 125
-266 129
-262 115
-270 121
-290 111
-274 119
-250 131
-282 145
-326 161
-318 175
-322 177
-394 209
-398 211
-366 201
-354 199
-378 203
-342 191
-354 189
-334 179
-342 177
-354 177
-338 183
-322 173
-350 181
-362 189
-374 195
-378 201
-398 211
-398 211
-406 211
-354 191
-342 183
-326 171
-354 181
-354 181
-386 203
-394 209
-330 185
-314 175
-322 181
-334 169
-338 163
-326 173
-338 181
-338 175
-334 175
-318 165
-314 163
-282 151
-310 161
-294 141
-290 141
-282 123
-294 125
-286 141
-310 129
-290 127
-326 151
-350 179
-350 185
-342 177
-306 169
-342 185
-318 177
-370 195
-358 197
-370 203
-366 199
-378 199
-354 191
-358 171
-354 179
-358 177
-350 179
-326 171
-322 181
-350 191
-358 199
-350 195
-346 191
-318 171
-342 183
-374 197
-366 187
-294 167
-258 151
-282 149
-286 159
-326 179
-330 177
-314 179
-330 183
-402 211
-398 211
-394 207
-354 197
-374 203
-362 197
-346 191
-370 197
-354 191
-346 189
-346 187
-354 187
-370 191
-378 197
-366 191
-370 193
-346 193
-378 205
-394 211
-374 203
-370 203
-330 183
-350 181
-334 175
-330 179
-326 175
-338 187
-326 159
-322 147
-314 141
-366 177
-326 181
-330 185
-338 183
-358 195
-330 183
-318 169
-298 169
