-48 28
-284 18
-348 26
-344 8
-360 12
-348 10
-384 8
-392 22
-428 10
-440 40
-400 26
-404 36
-388 34
-444 44
-392 36
-376 34
-384 50
-420 38
-404 50
-412 50
-432 30
-444 52
-448 46
-468 54
-468 60
-420 44
-392 30
-412 68
-428 56
-440 54
-436 52
-432 44
-468 14
-464 0
-492 14
-484 10
-488 6
-424 20
-492 6
-528 26
-536 44
-508 12
-492 24
-488 18
-496 6
-488 32
-512 44
-504 34
-468 26
-412 48
-460 38
-480 54
-496 90
-488 100
-500 116
-472 122
-460 98
-440 102
-460 106
-440 96
-396 88
-412 64
-460 70
-488 46
-492 34
-500 46
-456 50
-480 38
-404 48
-452 36
-460 38
-464 50
-504 16
-476 16
-468 48
-488 2
-452 6
-436 4
-460 8
-432 30
-412 34
-456 66
-476 90
-468 82
-468 60
-444 10
-472 2
-460 44
-472 40
-456 22
-472 4
-492 14
-500 18
-460 86
-500 52
-480 30
-440 30
-488 46
-444 42
-472 52
-456 90
-492 96
-464 86
-460 82
-468 52
-520 58
-524 72
-488 84
-468 66
-452 90
-488 94
-448 122
-472 98
-488 90
-472 106
-440 102
-484 100
-424 90
-368 86
-348 82
-416 104
-440 92
-420 98
-440 136
-424 146
-460 172
-452 174
-452 170
-436 166
-456 180
-472 200
-496 176
-496 174
-436 160
-444 196
-404 202
-488 212
-460 174
-472 190
-472 178
-492 192
-520 198
-496 182
-452 172
-440 182
-448 180
-488 178
-496 188
-536 228
-496 214
-528 228
-476 240
-520 238
-472 188
-460 192
-516 214
-504 194
-496 188
-544 216
-536 222
-536 232
-484 218
-512 264
-500 248
-504 260
-504 246
-472 230
-488 244
-516 246
-540 258
-512 242
-476 198
-528 202
-560 222
-520 232
-472 252
-532 234
-492 228
-516 238
-496 216
-452 200
-520 220
-528 208
-560 196
-520 200
-488 186
-528 196
-480 200
-472 208
-500 236
-480 218
-516 248
-536 254
-524 252
-524 260
-560 270
-576 276
-580 290
-560 294
-572 286
-608 288
-584 270
-592 272
-524 254
-584 238
-552 234
-528 234
-568 256
-512 232
-552 270
-488 252
-500 246
-548 260
-532 274
-576 298
-592 288
-564 284
-588 294
-552 266
-576 260
-528 268
-528 290
-524 296
-520 294
-548 294
-612 332
-576 304
-540 306
-552 310
-568 292
-600 284
-592 288
-580 286
-568 278
-560 280
-528 288
-552 282
-584 284
-584 294
-600 278
-532 260
-584 270
-576 286
-536 280
-556 284
-524 284
-524 286
-512 278
-524 268
-548 256
-556 284
-544 294
-604 338
-592 320
-608 322
-600 322
-584 322
-568 318
-604 332
-592 326
-588 324
-572 312
-600 326
-592 328
-596 322
-568 276
-584 288
-564 288
-608 310
-632 340
-648 338
-604 328
-604 322
-560 300
-524 292
-528 302
-536 296
-556 298
-536 284
-512 274
-548 306
-628 336
-548 302
-556 306
-572 306
-508 290
-504 270
-468 254
-480 236
-524 254
-548 280
-500 248
-468 232
-476 234
-476 228
-420 206
-464 226
-500 222
-532 192
-448 194
-516 184
-504 158
-500 156
-496 156
-520 170
-500 190
-432 168
-488 176
-464 172
-460 140
-432 148
-416 146
