-12 6
-628 310
-600 310
-628 324
-676 350
-660 344
-644 352
-612 334
-632 336
-652 350
-644 338
-608 322
-604 326
-544 298
-552 300
-572 306
-592 306
-596 308
-608 282
-608 298
-640 306
-640 324
-696 340
-652 324
-620 322
-632 312
-644 324
-628 298
-604 286
-644 330
-632 326
-648 334
-628 342
-632 340
-660 350
-616 334
-612 338
-616 342
-608 334
-616 334
-668 350
-648 338
-560 298
-540 286
-548 292
-532 248
-488 236
-512 244
-576 278
-568 266
-616 290
-592 288
-616 296
-628 322
-648 346
-644 340
-684 356
-680 346
-632 334
-612 328
-624 328
-596 304
-568 286
-600 292
-572 278
-660 310
-632 298
-608 268
-588 270
-556 258
-556 266
-532 252
-524 262
-528 240
-540 266
-600 266
-584 286
-592 286
-584 278
-576 274
-580 268
-548 252
-556 254
-536 240
-500 250
-544 286
-556 284
-536 264
-500 266
-548 280
-532 284
-604 320
-612 326
-632 332
-636 344
-648 344
-644 354
-628 324
-588 322
-612 330
-616 326
-580 316
-604 308
-600 314
-572 292
-572 288
-592 300
-576 308
-612 326
-640 338
-656 352
-656 350
-708 366
-680 346
-604 328
-584 326
-600 330
-636 344
-588 324
-584 320
-592 314
-556 298
-580 302
-620 306
-604 300
-568 292
-508 288
-584 336
-552 316
-600 332
-568 322
-636 340
-608 310
-592 296
-612 312
-604 310
-620 332
-608 316
-552 308
-564 292
-588 282
-576 264
-524 252
-476 208
-476 232
-476 190
-460 178
-476 188
-456 154
-464 146
-520 148
-496 158
-456 128
-480 158
-536 184
-560 222
-520 206
-564 228
-568 258
-556 264
-588 268
-564 258
-580 262
-584 280
-564 288
-588 290
-572 264
-532 250
-580 244
-548 218
-568 234
-520 242
-508 240
-528 258
-532 250
-532 240
-532 236
-544 232
-568 234
-544 218
-520 204
-524 210
-512 218
-560 220
-528 224
-592 246
-628 254
-588 250
-580 234
-592 220
-600 242
-628 276
-628 298
-640 290
-632 284
-616 298
-568 286
-536 272
-588 272
-580 276
-532 270
-540 292
-600 324
-576 310
-592 322
-660 346
-576 304
-624 340
-624 330
-620 316
-584 324
-580 320
-540 278
-568 314
-576 310
-560 306
-572 300
-600 300
-568 280
-580 292
-628 320
-624 296
-572 278
-584 270
-568 284
-552 280
-544 286
-544 278
-508 252
-552 274
-560 274
-496 256
-508 242
-496 226
-492 212
-516 210
-520 200
-528 206
-532 220
-540 244
-552 278
-560 300
-592 314
-596 316
-580 306
-624 338
-636 342
-620 336
-644 352
-648 356
-632 330
-648 340
-620 312
-616 306
-604 292
-624 312
-652 320
-608 296
-524 268
-596 282
-552 252
-580 260
-588 266
-592 290
-580 272
-628 282
-636 302
-664 318
-588 300
-584 312
-560 296
-508 282
-584 308
-616 324
-640 336
-596 306
-592 310
-588 314
-568 306
-572 304
-532 282
-552 280
-580 286
-604 298
-600 310
-576 306
-616 318
-576 296
-560 290
-564 274
-564 286
-512 288
-528 296
-592 298
-540 276
-548 274
-504 232
-532 254
-540 282
-568 296
-564 282
-556 298
-560 318
-660 352
-632 340
-668 350
-620 330
-652 342
-644 348
-624 340
-648 332
-664 346
-624 320
-644 330
-628 320
-608 320
-596 316
-632 316
-584 290
-604 290
-548 276
-592 280
-572 266
-564 274
-572 282
-608 288
-632 302
-572 294
-568 286
-560 284
-536 248
-588 252
-612 254
-604 262
-592 268
-568 270
-544 260
-548 258
-532 254
-552 264
-548 278
-552 236
-496 224
-520 222
-540 222
-516 230
-512 228
-512 244
-492 220
-476 246
-552 268
-528 270
-600 298
-612 310
-588 320
-608 332
-636 340
-696 358
-684 344
-684 338
-636 328
-672 352
-680 346
-672 364
-680 364
-640 350
-604 332
-612 328
-584 316
-580 308
-584 310
-600 334
-620 332
-656 332
-584 312
-592 320
-616 322
-632 350
-636 350
-656 340
-648 346
-656 350
-648 348
-636 344
-660 356
-688 362
-708 364
-700 364
-660 346
-640 346
-608 334
-604 326
-660 342
-660 344
-628 324
-628 320
-628 326
-596 322
-636 330
-608 320
-620 332
-608 308
-544 282
-544 274
-568 280
-556 292
-544 280
-548 278
-528 280
-588 270
-528 234
-584 250
-572 254
-560 226
-536 224
-548 240
-592 268
-596 292
-636 316
-628 328
-560 316
-580 308
-560 292
-540 286
-536 294
-556 300
-640 332
-656 348
-700 366
-644 346
-608 334
-632 352
-612 340
-612 336
-604 326
-636 338
-680 352
-628 342
-600 332
-612 340
-620 340
-628 338
-604 336
-608 324
-628 332
-624 330
-628 334
-644 346
-636 352
-648 352
-632 336
-636 342
-632 340
-628 326
-604 326
-616 334
-652 352
-660 356
-672 364
-704 372
-656 354
-656 348
-608 316
-604 328
-660 340
-620 340
-596 326
-596 322
-640 346
-632 344
-604 304
-536 268
-576 266
-564 258
-556 248
-548 266
-508 234
-468 186
-544 212
-560 228
-492 216
-528 212
-540 210
-532 228
-540 204
-576 206
-588 214
-600 222
-540 202
-516 182
-488 164
-480 184
-480 172
-492 162
-512 190
-560 184
-552 198
-556 210
-568 202
-548 174
-580 202
-552 218
-568 260
-616 272
-600 284
-576 280
-568 258
-584 276
-548 284
-564 278
-596 298
-620 302
-576 256
-584 256
-568 260
-568 260
-532 246
-560 228
-484 216
-528 236
-520 240
-504 224
-560 250
-564 272
-584 300
-596 306
-568 280
-560 286
-568 292
-552 280
-556 292
-536 286
-520 274
-560 308
-608 324
-552 294
-588 310
-628 316
-612 312
-660 334
-624 328
-592 316
-616 336
-632 338
-640 344
-600 326
-556 310
-588 318
-652 338
-640 332
-664 348
-692 364
-664 350
-684 352
-648 344
-628 344
-652 354
-644 344
-692 352
-668 348
-676 354
-668 350
-652 346
-636 320
-620 324
-668 342
-632 320
-608 316
-612 324
-596 304
-588 300
-568 290
-568 290
-600 308
-560 284
-580 276
-564 260
-548 270
-564 292
-548 274
-520 258
-576 282
-592 310
-600 306
-600 296
-588 298
-592 288
-548 282
-596 290
-556 264
-568 262
-536 258
-520 268
-516 266
-528 274
-568 288
-616 302
-612 290
-644 292
-660 298
-580 260
-572 264
-528 266
-564 256
-532 250
-572 262
-556 274
-612 308
-616 314
-640 324
-676 336
-644 328
-620 326
-648 324
-620 328
-632 332
-612 318
-608 326
-628 336
-672 354
-676 366
-660 362
-648 356
-660 354
-668 362
-700 370
-664 362
-656 354
-592 328
-636 332
-652 340
-644 342
-660 336
-636 320
-616 318
-640 320
-676 342
-636 336
-564 306
-584 316
-620 322
-636 340
-656 348
-668 358
-664 350
-648 340
-676 354
-656 344
-620 324
-632 332
-640 330
-636 336
-612 328
-624 334
-572 318
-600 324
-560 302
-556 284
-592 324
-612 318
-616 330
-600 318
-660 348
-672 344
-624 328
-644 352
-648 350
-624 330
-632 338
-664 356
-672 350
-636 332
-580 302
-568 302
-556 282
-540 288
-560 318
-620 340
-668 354
-640 336
-624 330
-604 324
-624 336
-616 334
-612 326
-540 272
-516 280
-524 272
-560 296
-604 328
-644 346
-608 334
-628 346
-572 320
-596 326
-616 320
-608 320
-612 332
-628 342
-564 314
-644 344
-636 318
-600 316
-568 304
-600 322
-636 336
-628 318
-624 306
-640 316
-660 338
-664 344
-656 344
-620 326
-600 312
-612 312
-620 302
-632 316
-576 304
-572 304
-624 328
-688 358
-688 366
-616 340
-684 370
-712 374
-728 374
-708 372
-684 362
-720 374
-688 358
-668 358
-636 348
-676 358
-692 366
-648 360
-708 372
-664 352
-688 352
-616 312
-620 322
-632 330
-624 320
-656 322
-608 314
-624 330
-636 336
-596 324
-552 302
-592 314
-588 308
-532 280
-560 288
-576 300
-556 290
-548 272
-508 260
-572 286
-572 306
-628 324
-640 322
-624 316
-620 320
-608 300
-588 302
-576 284
-572 276
-576 270
-600 290
-552 270
-516 254
-520 242
-512 270
-456 254
-496 270
-532 252
-560 282
-596 284
-556 260
-592 246
-576 266
-516 226
-500 214
-544 242
-520 234
-572 242
-564 250
-576 266
-596 282
-516 264
-508 260
-556 282
-572 270
-564 292
-604 308
-584 306
-592 296
-584 306
-556 288
-572 274
-572 284
-588 296
-580 276
-556 270
-608 306
-580 302
-580 306
-644 340
-644 346
-636 346
-616 344
-628 338
-612 324
-616 332
-640 344
-668 352
-652 340
-640 336
-664 348
-620 332
-632 336
-664 352
-696 374
-728 382
-684 364
-624 342
-628 330
-632 328
-640 334
-656 348
-684 358
-636 336
-664 356
-640 344
-676 362
-660 356
-664 360
-616 324
-576 304
-564 300
-580 298
-552 300
-616 328
-668 348
-668 340
-604 328
-632 332
-636 338
-624 326
-644 328
-612 308
-592 316
-544 300
-544 292
-540 276
-528 280
-560 294
-552 272
-568 298
-608 324
-616 322
-588 310
-592 300
-584 316
-632 322
-596 302
-556 294
-568 302
-576 316
-576 302
-564 306
-580 304
-608 306
-624 314
-620 314
-640 326
-652 326
-648 340
-620 326
-596 322
-644 330
-644 346
-640 346
-604 330
-592 326
-592 316
-596 300
-552 286
-532 284
-572 298
-612 312
-640 322
-576 302
-624 342
-672 356
-664 348
-636 342
-616 338
-628 344
-664 358
-668 358
-624 348
-648 352
-660 352
-640 350
-624 338
-672 362
-640 340
-648 350
-696 368
-620 340
-632 342
-632 328
-544 298
-564 302
-548 278
-532 292
-556 284
-556 284
-532 260
-600 288
-580 282
-592 288
-572 298
-568 302
-596 316
-584 322
-628 330
-592 322
-632 322
-580 306
-596 318
-588 322
-620 346
-648 346
-640 344
-632 332
-620 316
-644 330
-608 318
-628 326
-632 326
-604 324
-652 336
-600 320
-576 302
-596 302
-616 332
-628 338
-576 292
-576 290
-608 296
-560 304
-616 316
-608 320
-600 316
-568 316
-576 308
-576 304
-572 320
-572 314
-624 330
-608 328
-616 320
-580 300
-584 300
-640 324
-620 326
-648 346
-660 354
-616 340
-588 322
-588 318
-660 348
-668 350
-632 350
-620 334
-604 326
-576 316
-600 320
-576 310
-568 310
-560 294
-600 306
-572 308
-552 288
-564 300
-600 310
-636 308
-600 314
-604 300
-636 314
-612 306
-616 308
-532 270
-480 274
-520 284
-544 288
-584 292
-608 310
-612 316
