14 11
-298 157
-262 149
-306 151
-290 155
-290 147
-294 157
-306 149
-278 133
-298 143
-270 145
-278 133
-286 135
-302 151
-282 139
-286 127
-294 143
-306 161
-290 155
-302 173
-366 195
-358 191
-346 171
-338 161
-302 145
-270 119
-286 131
-286 133
-310 151
-298 163
-250 145
-230 121
-274 113
-294 127
-286 137
-294 145
-322 157
-318 171
-302 167
-350 183
-330 175
-326 173
-326 173
-338 169
-346 181
-334 185
-350 177
-334 159
-322 131
-294 133
-270 129
-238 99
-226 61
-222 73
-238 95
-246 123
-242 119
-234 133
-230 107
-210 99
-250 113
-266 129
-246 121
-206 113
-250 107
-274 89
-258 59
-262 81
-254 73
-270 65
-298 73
-290 73
-250 79
-230 59
-246 73
-266 79
-266 71
-238 59
-238 55
-230 71
-194 53
-202 35
-222 49
-246 55
-230 83
-266 97
-266 99
-262 93
-254 81
-218 87
-234 95
-262 117
-294 127
-326 135
-286 105
-306 111
-322 133
-326 133
-306 127
-274 117
-238 97
-258 113
-270 117
-238 113
-234 97
-282 155
-322 171
-314 159
-314 155
-342 187
-314 181
-366 197
-398 203
-398 209
-354 193
-318 181
-322 177
-326 181
-298 173
-326 185
-350 189
-342 185
-342 191
-374 203
-326 183
-338 183
-366 191
-354 183
-350 191
-334 179
-326 179
-334 175
-338 169
-338 177
-326 181
-358 191
-334 185
-338 177
-350 187
-358 193
-354 191
-350 187
-374 195
-378 201
-374 201
-354 197
-390 205
-374 201
-378 207
-374 199
-398 211
-406 213
-390 207
-414 215
-418 217
-418 217
-410 213
-398 211
-374 201
-330 179
-298 173
-314 181
-354 189
-374 193
-366 197
-382 207
-418 213
-386 205
-366 199
-354 197
-310 177
-326 177
-298 159
-302 167
-302 169
-310 171
-342 185
-366 199
-334 191
-338 185
-342 189
-342 185
-326 183
-358 193
-358 195
-326 185
-318 175
-306 169
-318 175
-350 183
-338 177
-302 171
-286 169
-314 169
-338 191
-322 183
-302 161
-310 145
-306 155
-302 141
-306 127
-274 131
-310 143
-314 159
-290 143
-298 143
-318 169
-358 189
-326 175
-350 191
-350 185
-314 177
-322 169
-338 187
-330 181
-330 187
-334 181
-338 185
-314 163
-354 189
-378 205
-358 189
-370 195
-362 197
-378 205
-394 209
-426 219
-398 211
-406 211
-402 203
-406 211
-378 199
-366 197
-394 207
-366 201
-406 213
-398 209
-394 205
-342 183
-398 209
-402 211
-398 209
-374 203
-338 195
-374 201
-354 183
-362 197
-414 215
-378 201
-358 201
-330 181
-358 191
-358 193
-378 201
-362 197
-338 175
-358 187
-350 187
-378 197
-402 205
-378 193
-374 197
-326 183
-374 199
-378 193
-358 187
-374 197
-334 179
-326 179
-346 191
-354 191
-338 183
-330 177
-302 175
-290 167
-322 179
-334 189
-374 195
-374 191
-394 193
-362 191
-354 185
-350 171
-334 179
-326 179
-298 159
-314 159
-306 167
-326 177
-350 189
-346 181
-342 193
-314 183
-326 173
-350 183
-386 193
-338 183
-330 183
-314 177
-318 169
-282 157
-306 149
-286 153
-266 139
-270 143
-302 163
-298 165
-322 177
-318 167
-330 179
-306 173
-358 193
-346 187
-350 185
-370 199
-326 179
-318 171
-330 171
-318 171
-326 173
-342 187
-318 177
-318 175
-330 179
-318 177
-302 171
-290 149
-322 161
-342 177
-354 187
-374 201
-382 205
-366 199
-338 187
-322 183
-342 191
-362 195
-342 187
-334 153
-314 159
-294 157
-294 143
-366 163
-358 153
-318 127
-322 133
-362 155
-290 155
-306 159
-294 157
-346 189
-326 179
-322 173
-334 173
-318 169
-334 181
-318 153
-318 141
-338 153
-338 159
-358 163
-318 159
-318 167
-294 161
-286 159
-314 171
-298 163
-302 159
-310 171
-314 163
-302 157
-278 145
-290 157
-294 167
-326 173
-334 173
-370 181
-322 173
-270 159
-282 159
-350 191
-342 191
-342 183
-314 171
-310 169
-334 185
-366 191
-366 177
-366 187
-350 179
-342 181
-342 189
-358 181
-294 151
-342 171
-342 175
-322 151
-346 169
-330 159
-302 157
-310 179
-330 179
-314 177
-322 177
-322 183
-346 191
-374 205
-382 199
-378 205
-382 207
-362 197
-374 205
-402 209
-394 205
-358 189
-334 177
-302 153
-338 179
-342 183
-342 167
-306 153
-306 167
-342 179
-302 167
-330 173
-370 191
-390 207
-414 213
-394 209
-386 209
-398 209
-410 215
-354 199
-390 207
-374 197
-366 197
-354 193
-354 197
-414 205
-362 183
-358 195
-366 193
-394 205
-378 201
-354 193
-338 191
-358 201
-338 187
-342 183
-394 187
-386 189
-382 179
-338 173
-330 175
-326 163
-338 163
-322 161
-338 153
-342 169
-302 145
-286 143
-294 155
-310 139
-282 145
-318 157
-326 167
-322 167
-302 163
-314 179
-330 189
-382 205
-382 205
-414 215
-402 211
-390 209
-402 209
-406 213
-418 217
-406 213
-358 195
-310 171
-326 173
-342 181
-318 179
-270 163
-294 159
-294 163
-318 177
-342 167
-294 159
-362 189
-310 149
-318 159
-330 165
-310 169
-270 137
-310 159
-298 137
-278 139
-310 165
-302 167
-310 169
-310 161
-354 187
-334 189
-350 191
-342 191
-310 179
-334 171
-362 191
-354 191
-342 191
-350 191
-358 197
-346 193
-314 179
-346 191
-386 203
-354 193
-358 193
-378 199
-378 203
-338 185
-374 203
-386 207
-366 195
-354 195
-362 201
-366 201
-354 183
-378 203
-362 199
-378 205
-378 203
-350 189
-326 179
-346 191
-374 201
-370 197
-366 195
-402 211
-410 213
-394 209
-410 213
-370 203
-394 207
-362 195
-350 189
-346 189
-342 175
-358 185
-358 195
-362 197
-358 193
-350 191
-366 193
-326 181
-382 197
-370 185
-362 175
-358 163
-338 163
-346 169
-318 163
-290 161
-282 147
-298 153
-322 169
-322 179
-326 169
-338 167
-326 167
-290 169
-306 175
-330 171
-290 167
-294 163
-306 155
-294 161
-314 151
-306 155
-334 165
-342 163
-306 161
-302 167
-306 171
-294 163
-294 163
-302 171
-302 167
-298 157
-318 173
-366 197
-382 205
-386 207
-354 183
-354 189
-358 197
-370 193
-366 195
-314 169
-326 175
-314 181
-298 167
-318 157
-322 163
-338 165
-310 165
-274 157
-274 151
-330 159
-318 163
-330 163
-318 155
-322 157
-374 179
-374 195
-398 207
-382 203
-414 213
-390 207
-394 209
-398 209
-386 207
-382 207
-366 201
-370 203
-342 191
-374 203
-378 195
-350 181
-346 181
-370 185
-342 185
-362 189
-354 183
-322 175
-374 195
-354 191
-378 205
-370 199
-378 205
-366 195
-326 185
-350 187
-370 193
-386 201
-426 211
-410 211
-330 173
-334 165
-326 169
-302 171
-318 183
-318 167
-298 159
-274 135
-278 107
-270 97
-290 123
-318 129
-314 129
-318 127
-342 143
-326 135
-350 131
-330 145
-326 159
-278 131
-278 127
-278 119
-262 121
-266 119
-282 117
-258 125
-250 131
-266 135
-294 153
-266 143
-230 131
-242 121
-246 121
-290 127
-254 131
-298 145
-286 149
-298 159
-298 155
-318 157
-310 145
-294 145
-294 135
-338 153
-302 123
-318 127
-298 101
-262 77
-290 67
-270 53
-246 35
-274 29
-302 19
-270 9
-250 23
-254 23
-258 19
-238 11
-286 33
-242 29
-250 21
-262 3
-242 25
-258 29
-250 11
-250 33
-246 53
-246 57
-254 63
-282 75
-290 55
-274 55
-246 47
-262 31
-254 39
-222 45
-218 59
-210 43
-222 3
-222 13
-218 15
-254 27
-246 53
-282 81
-242 59
-246 51
-286 43
-278 33
-294 19
-266 45
-242 53
-226 73
-246 97
-274 97
-270 97
-270 113
-270 117
-294 155
-302 151
-286 141
-306 169
-270 145
-238 129
-262 133
-242 109
-258 123
-310 155
-310 153
-322 157
-326 173
-278 147
-278 161
-334 185
-374 195
-346 181
-346 179
-354 193
-326 189
-334 185
-318 185
-358 195
-314 173
-306 169
-326 161
-326 175
-342 181
-346 171
-366 175
-326 179
-326 177
-346 181
-402 209
-386 205
-366 197
-338 189
-370 195
-378 195
-398 207
-362 199
-386 205
-334 191
-342 185
-354 177
-350 175
-354 193
-378 199
-374 201
-318 183
-350 197
-358 193
-370 191
-366 197
-346 193
-366 201
-338 187
-338 181
-310 165
-366 199
-322 185
-314 175
-318 179
-298 169
-330 185
-318 167
-342 181
-326 179
-310 169
-318 163
-302 157
-318 159
-334 179
-346 183
-342 189
-362 201
-378 205
-374 199
-378 205
-362 195
-366 193
-346 189
-330 187
-362 195
-370 199
-390 207
-382 201
-374 197
-326 183
-346 185
-366 199
-322 181
-314 169
-326 177
-310 155
-314 167
-314 167
-302 161
-306 159
-306 173
-330 181
-334 179
-366 191
-366 189
-346 193
-374 201
-354 193
-334 185
-390 203
-386 205
-362 201
-378 195
-366 191
-342 179
-354 179
-326 157
-354 185
-370 199
-366 193
-354 191
-370 197
-386 201
-398 205
-382 201
-382 201
-362 193
-362 197
-346 193
-346 187
-350 191
-402 209
-394 209
-330 185
-326 179
-290 157
-298 161
-310 169
-310 179
-358 189
-338 185
-350 195
-330 167
-338 177
-326 179
-314 177
-282 151
-282 143
-326 169
-334 175
-298 169
-302 169
-338 185
-342 193
-350 195
-362 193
-342 187
-346 189
-374 201
-414 215
-366 197
-378 203
-330 185
-326 187
-350 197
-386 209
-410 213
-394 209
-370 201
-366 201
-350 187
-338 187
-306 165
-306 173
-346 189
-358 199
-354 191
-334 183
-278 149
-298 155
-290 157
-306 163
-322 175
-318 175
-334 177
-318 181
-366 181
-354 169
-342 171
-342 175
-314 179
-350 189
-338 183
-366 195
-378 195
-374 199
-386 207
-402 209
-358 189
-338 179
-314 175
-314 175
-314 169
-318 167
-298 159
-342 175
-314 163
-318 171
-310 161
-342 179
-330 179
-326 179
-354 191
-334 179
-310 161
-302 171
-326 181
-362 195
-358 199
-346 189
-334 179
-298 171
-282 155
-334 183
-338 177
-358 189
-326 173
-310 169
-322 177
-310 159
-270 151
-314 169
-274 149
-262 149
-274 155
-274 143
-310 155
-330 163
-318 149
-350 159
-346 147
-306 133
-326 127
-326 119
-270 119
-262 97
-290 109
-310 117
-306 121
-278 105
-234 93
-218 91
-262 127
-238 131
-306 137
-322 129
-322 115
-310 127
-294 117
-274 107
-282 113
-290 137
-262 139
-254 119
-290 137
-298 151
-298 149
-294 151
-318 169
-298 155
-282 151
-274 147
-262 159
-298 177
-334 185
-366 195
-282 167
-326 173
-346 189
-346 183
-330 163
-366 195
-370 199
-338 175
-334 175
-354 181
-366 181
-346 185
-334 179
-330 187
-306 167
-322 159
-370 191
-346 191
-314 167
-314 183
-334 187
-322 169
-342 171
-362 177
-326 177
-326 169
-362 183
-382 185
-378 193
-406 207
-386 203
-366 201
-406 211
-378 201
-366 197
-342 189
-358 193
-362 199
-342 191
-358 193
-362 197
-338 187
-338 185
-330 173
-334 185
-330 181
-378 197
-362 191
-374 201
-378 201
-394 209
-366 199
-366 197
-334 183
-362 199
-406 203
-398 203
-386 199
-350 185
-374 201
-350 195
-342 187
-338 171
-318 167
-286 159
-302 159
-334 177
-310 169
-354 195
-366 197
-370 199
-346 189
-350 195
-326 185
-350 191
-370 201
-358 199
-334 183
-362 197
-354 197
-346 193
-322 187
-322 179
-334 175
-318 169
-302 159
-278 159
-282 153
-302 167
-326 173
-346 177
-338 177
-314 173
-334 185
-346 181
-330 181
-322 179
-338 187
-354 197
-398 209
-406 213
-362 197
-346 179
-334 187
-314 167
-302 155
-338 167
-370 189
-326 163
-354 181
-354 197
-338 187
-398 209
-398 209
-386 205
-386 209
-370 199
-358 197
-358 199
-334 185
-366 193
-366 191
-354 181
-338 175
-354 171
-342 167
-298 155
-298 161
-330 177
-322 177
-358 181
-354 185
-326 169
-334 183
-350 195
-362 195
-378 203
-338 191
-326 189
-366 197
-314 177
-338 165
-314 165
-346 175
-330 173
-322 161
-322 175
-302 171
-310 175
-310 165
-326 177
-342 177
-330 177
-318 173
-334 173
-322 177
-278 151
-270 149
-270 145
-270 149
-254 149
-282 145
-286 159
-270 149
-290 141
-322 163
-294 147
-286 149
-282 145
-318 173
-314 163
-322 171
-314 161
-310 167
-298 155
-334 179
-334 185
-370 203
-374 203
-350 193
-350 193
-310 177
-338 175
-338 177
-342 175
-318 157
-318 157
-338 159
-330 157
-322 149
-278 133
-298 147
-330 161
-322 151
-282 141
-266 129
-262 143
-246 133
-298 159
-298 153
-318 169
-334 161
-298 161
-334 179
-322 175
-354 189
-346 183
-362 201
-330 181
-342 181
-334 189
-370 197
-366 195
-346 193
-378 199
-382 201
-374 197
-382 193
-386 195
-394 195
-374 197
-334 175
-334 177
-370 197
-366 201
-386 207
-370 201
-362 199
-378 203
-362 195
-378 201
-386 201
-362 195
-362 197
-354 199
-338 183
-362 197
-350 193
-366 197
-346 191
-366 197
-310 183
-318 181
-342 187
-310 181
-366 195
-386 207
-366 199
-354 195
-310 177
-322 181
-326 165
-294 169
-322 171
-358 195
-362 193
-370 203
-402 213
-382 205
-430 219
-410 211
-406 213
-374 205
-366 203
-358 195
-374 203
-338 187
-322 179
-326 175
-302 179
-318 173
-302 171
-306 169
-318 171
-294 155
-290 153
-290 153
-266 141
-266 141
-314 175
-302 163
-306 179
-306 173
-330 171
-306 161
-314 157
-346 179
-374 193
-382 201
-350 187
-330 171
-330 171
-342 171
-330 167
-294 143
-270 133
-254 135
-254 139
-266 143
-314 163
-322 175
-342 189
-338 189
-306 181
-362 191
-346 191
-346 187
-330 171
-370 197
-366 195
-378 203
-402 209
-382 205
-334 175
-318 177
-250 141
-266 153
-310 173
-314 175
-362 193
-382 205
-394 205
-362 191
-374 195
-342 179
-322 185
-338 181
-358 195
-334 187
-298 163
-342 185
-322 177
-310 169
-294 165
-286 141
-274 125
-262 129
-270 127
-274 133
-286 127
-286 119
-218 95
-242 89
-234 109
-222 119
-234 127
-238 105
-246 105
-270 83
-254 99
-198 111
-250 109
-294 131
-318 131
-330 131
-306 133
-314 137
-302 137
-270 127
-266 119
-262 123
-262 127
-226 113
-286 125
-298 139
-318 155
-338 173
-366 181
-350 183
-318 175
-326 169
-302 177
-318 177
-342 181
-354 185
-386 195
-386 187
-358 175
-334 175
-322 163
-286 151
-294 163
-310 157
-294 153
-314 147
-310 157
-302 159
-326 181
-310 169
-306 159
-270 143
-258 141
-262 141
-282 147
-294 145
-306 157
-286 167
-338 175
-306 163
-302 153
-270 151
-290 157
-334 169
-334 171
-322 175
-314 175
-366 195
-350 187
-342 189
-354 187
-366 195
-362 197
-362 195
-314 175
-338 175
-338 169
-346 179
-350 173
-350 177
-314 167
-330 171
-310 177
-298 171
-322 183
-386 205
-354 189
-366 195
-386 205
-366 199
-298 177
-334 193
-338 193
-298 159
-330 157
-374 171
-358 175
-358 167
-342 165
-330 155
-314 159
-282 139
-234 127
-254 121
-242 109
-222 105
-266 107
-258 99
-258 105
-254 87
-298 111
-298 121
-294 135
-310 133
-330 127
-310 125
-330 143
-322 151
-310 143
-286 143
-298 155
-310 151
-310 145
-338 151
-310 149
-330 153
-314 141
-302 151
-322 155
-310 149
-306 167
-326 175
-346 185
-326 179
-314 161
-306 163
-298 153
-338 151
-334 147
-310 165
-270 143
-290 159
-306 147
-302 147
-262 119
-298 121
-270 131
-302 131
-334 147
-306 149
-298 141
-278 129
-302 155
-350 177
-342 189
-354 183
-346 163
-314 153
-278 147
-262 137
-286 153
-298 167
-346 183
-390 205
-378 199
-338 185
-334 179
-358 189
-378 191
-338 175
-330 169
-326 177
-350 175
-318 171
-354 181
-334 179
-334 183
-322 183
-322 179
-306 167
-334 171
-358 197
-382 199
-386 205
-350 193
-334 191
-358 193
-394 209
-394 207
-370 201
-366 197
-362 201
-354 197
-350 187
-350 195
-362 201
-346 185
-334 181
-322 171
-298 161
-306 159
-334 173
-346 189
-362 195
-334 181
-342 185
-334 191
-358 195
-398 211
-386 207
-382 205
-410 215
-410 213
-402 211
-418 217
-374 205
-350 195
-366 201
-366 197
-398 207
-378 205
-382 207
-398 209
-374 199
-382 203
-334 185
-362 199
-346 179
-322 157
-354 149
-346 157
-342 159
-322 165
-370 181
-366 197
-374 197
-366 201
-402 209
-362 197
-358 199
-362 187
-390 201
-378 203
-386 199
-350 187
-354 183
-370 199
-382 205
-350 191
-334 183
-350 185
-350 193
-306 175
-330 181
-342 191
-370 199
-354 189
-342 183
-330 175
-358 191
-382 205
-334 181
-342 183
-330 175
-278 151
-326 167
-306 163
-330 167
-338 165
-310 163
-310 173
-286 157
-278 161
-274 145
-310 155
-334 157
-334 155
-338 159
-270 141
-262 133
-266 145
-254 135
-278 131
-318 151
-322 155
-310 169
-310 167
-290 137
-294 115
-294 113
-338 137
-298 121
-306 127
-318 153
-306 161
-306 127
-302 147
-326 157
-310 143
-306 149
-338 147
-298 121
-270 111
-262 85
-274 121
-270 145
-306 155
-286 145
-314 169
-330 187
-342 181
-354 173
-346 165
-314 147
-306 127
-330 119
-278 109
-286 97
-262 95
-262 111
-274 111
-286 119
-270 99
-302 133
-342 147
-326 147
-298 131
-314 149
-322 159
-302 169
-282 163
-314 171
-310 175
-318 177
-330 185
-330 175
-274 153
-318 167
-358 181
-334 167
-358 173
-350 175
-366 187
-346 185
-326 179
-326 177
-294 175
-330 185
-354 195
-354 191
-378 199
-334 187
-338 187
-302 161
-338 179
-334 185
-370 197
-374 201
-390 205
-382 205
-322 185
-346 189
-398 207
-378 203
-350 193
-342 189
-334 189
-326 181
-366 185
-322 181
-366 201
-330 175
-326 181
-334 177
-326 173
-326 171
-294 163
-314 159
-314 149
-322 161
-310 167
-358 175
-350 159
-310 155
-306 159
-310 159
-298 163
-338 167
-322 159
-306 151
-330 159
-346 167
-374 197
-418 215
-382 205
-382 205
-350 195
-354 187
-386 195
-354 191
-370 197
-346 195
-410 215
-426 219
-394 211
-390 205
-398 209
-354 199
-346 191
-338 195
-310 179
-342 193
-318 181
-350 193
-374 189
-390 191
-334 177
-350 181
-318 165
-346 167
-350 177
-314 161
-306 161
-350 191
-362 195
-346 181
-350 179
-334 175
-330 161
-310 153
-322 157
-350 175
-342 173
-346 183
-374 199
-398 211
-378 205
-394 209
-406 211
-398 207
-374 197
-394 207
-314 183
-298 167
-322 175
-330 179
-374 187
-346 185
-330 177
-322 169
-354 163
-366 163
-342 157
-310 147
-334 151
-326 161
-334 161
-350 173
-366 185
-342 181
-346 181
-354 187
-350 183
-366 177
-354 177
-362 193
-294 175
-298 175
-362 191
-334 181
-378 199
-354 193
-378 201
-370 195
-342 177
-350 185
-378 201
-374 201
-390 207
-374 205
-386 205
-358 199
-378 203
-394 209
-398 211
-362 199
-402 211
-394 211
-390 209
-350 197
-342 195
-342 195
-370 199
-366 193
-366 193
-366 189
-354 177
-306 165
-270 159
-294 137
-282 133
-298 139
-286 135
-250 117
-262 109
-278 133
-330 151
-306 137
-314 139
-314 139
-298 127
-298 151
-318 173
-314 173
-350 185
-334 165
-326 171
-266 139
-230 131
-234 125
-250 89
-250 109
-258 129
-222 95
-234 83
-254 99
-250 85
-238 83
-262 63
-246 81
-274 83
-286 87
-258 89
-254 97
-286 103
-274 67
-322 93
-338 95
-302 81
-290 77
-330 101
-322 89
-310 93
-294 89
-286 93
-286 97
-298 107
-274 127
-278 117
-286 113
-266 97
-310 121
-326 139
-326 155
-358 177
-342 183
-326 169
-334 177
-342 189
-338 183
-382 183
-354 179
-334 167
-310 163
-318 153
-330 151
-330 167
-270 143
-286 147
-298 141
-294 153
-270 151
-322 163
-334 177
-282 167
-258 159
-266 155
-314 179
-322 185
-322 167
-306 157
-310 163
-306 169
-374 197
-394 205
-382 203
-362 193
-362 195
-374 201
-366 199
-378 201
-374 203
-394 211
-362 201
-402 213
-382 201
-366 199
-346 187
-378 205
-350 191
-358 195
-346 185
-362 177
-362 179
-330 177
-338 177
-322 161
-322 171
-338 161
-346 167
-334 151
-338 149
-302 133
-274 135
-282 139
-262 129
-286 153
-330 155
-298 151
-302 159
-286 147
-318 165
-314 175
-306 153
-294 139
-302 135
-286 133
-298 127
-302 139
-290 149
-294 147
-290 157
-234 145
-294 157
-322 163
-326 145
-358 181
-334 175
-310 169
-306 151
-330 171
-330 173
-370 193
-350 169
-366 175
-378 175
-342 175
-370 193
-358 193
-350 195
-346 183
-322 177
-350 189
-374 195
-354 195
-342 171
-330 165
-298 157
-298 151
-278 113
-278 125
-330 143
-322 145
-294 147
-290 145
-290 149
-278 141
-318 149
-270 143
-262 117
-238 119
-254 137
-258 123
-290 139
-310 145
-330 159
-334 173
-354 173
-346 177
-330 169
-318 183
-366 175
-362 177
-306 147
-322 171
-366 185
-358 195
-326 175
-330 169
-334 175
-318 185
-358 199
-362 199
-362 199
-346 189
-338 187
-354 187
-338 189
-342 187
-354 191
-374 197
-382 195
-382 199
-370 201
-334 185
-346 193
-362 197
-362 191
-362 187
-366 199
-382 199
-370 191
-350 171
-342 169
-318 165
-338 181
-334 183
-306 175
-322 177
-322 185
-330 179
-330 167
-330 183
-286 157
-290 161
-278 143
-258 121
-254 133
-258 125
-254 113
-258 99
-254 101
-278 115
-314 117
-334 137
-346 133
-358 149
-350 167
-314 145
-278 135
-298 141
-314 151
-314 161
-322 165
-322 167
-298 147
-318 137
-322 139
-338 137
-314 149
-326 161
-342 165
-350 179
-366 199
-334 185
-342 181
-378 193
-342 189
-362 197
-382 203
-342 193
-354 197
-334 189
-330 187
-342 183
-306 167
-338 183
-310 175
-342 185
-390 209
-362 199
-386 205
-382 207
-378 193
-330 175
-310 165
-318 169
-314 167
-302 167
-330 181
-330 169
-322 171
-314 163
-298 137
-278 127
-270 147
-274 131
-262 129
-290 145
-298 153
-306 167
-282 143
-262 135
-294 143
-254 125
-242 119
-242 123
-290 151
-274 139
-270 135
-282 155
-294 157
-302 175
-358 191
-398 201
-374 195
-338 187
-382 205
-378 193
-370 191
-382 197
-398 199
-410 207
-374 195
-402 209
-378 205
-406 213
-378 203
-406 203
-386 205
-386 205
-386 207
-406 211
-406 213
-398 207
-386 199
-374 193
-346 187
-338 181
-342 185
-394 199
-394 207
-358 195
-374 201
-350 197
-362 197
-342 191
-358 199
-358 197
-334 179
-350 187
-354 183
-314 175
-322 169
-354 187
-342 185
-346 193
-374 203
-378 199
-354 181
-330 169
-350 171
-318 151
-266 143
-286 151
-290 139
-270 123
-306 141
-290 163
-274 173
-282 155
-282 161
-238 155
-298 173
-278 159
-314 175
-362 187
-370 199
-370 195
-374 199
-390 207
-358 195
-350 193
-310 179
-326 183
-342 187
-386 203
-342 183
-302 173
-310 185
-342 191
-326 185
-322 185
-350 185
-342 177
-346 191
-350 185
-358 195
-374 191
-342 189
-358 195
-370 201
-362 193
-338 183
-318 173
-282 157
-254 143
-270 153
-338 187
-354 191
-370 197
-342 189
-342 183
-310 175
-354 189
-338 179
-318 175
-330 167
-362 185
-326 173
-334 165
-314 167
-338 177
-318 165
-310 155
-274 129
-242 119
-274 137
-286 149
-262 131
-270 139
-294 141
-358 177
-338 165
-330 171
-338 185
-342 179
-366 191
-326 189
-326 187
-334 189
-366 201
-362 199
-366 201
-346 193
-386 205
-366 203
-378 205
-342 187
-358 197
-378 203
-390 205
-362 193
-334 183
-374 203
-394 207
-398 205
-394 209
-362 199
-354 199
-370 201
-394 203
-386 197
-358 193
-350 181
-374 193
-342 181
-330 181
-342 183
-342 179
-342 175
-342 175
-314 163
-322 177
-322 179
-366 199
-334 189
-322 175
-322 179
-334 187
-322 177
-330 183
-330 175
-314 169
-322 173
-318 165
-322 169
-314 173
-362 191
-366 189
-370 199
-398 207
-386 199
-390 201
-370 197
-346 195
-362 201
-362 197
-314 185
-330 181
-314 179
-330 185
-306 173
-330 173
-322 165
-334 169
-322 177
-334 167
-350 183
-374 185
-386 201
-374 199
-342 183
-326 175
-370 189
-310 165
-314 171
-354 185
-294 159
-330 181
-342 191
-338 189
-374 199
-390 205
-366 195
-366 191
-346 177
-374 191
-334 185
-306 169
-334 187
-318 177
-294 173
-362 191
-338 173
-350 191
-338 177
-366 175
-338 173
-322 163
-358 181
-342 175
-354 173
-326 175
-334 181
-302 161
-286 131
-302 133
-250 109
-254 105
-262 93
-278 89
-290 71
-294 81
-294 75
-254 81
-270 97
-278 89
-286 109
-266 95
-238 69
-262 61
-286 51
-254 57
-282 75
-274 69
-262 77
-262 87
-242 111
-250 85
-226 81
-266 87
-262 75
-262 71
-254 91
-238 91
-246 107
-258 107
-270 115
-302 149
-254 143
-274 141
-334 175
-350 173
-362 171
-362 183
-342 179
-330 169
-322 161
-294 161
-314 181
-314 175
-294 155
-270 149
-302 143
-338 175
-314 157
-278 123
-302 151
-290 153
-322 147
-294 139
-274 129
-278 139
-310 155
-326 163
-326 175
-358 197
-386 207
-366 197
-370 179
-370 191
-322 177
-342 173
-342 185
-358 195
-330 187
-334 189
-366 197
-398 205
-390 201
-398 209
-386 205
-378 205
-366 185
-362 193
-370 201
-346 189
-334 185
-294 167
-294 165
-326 167
-302 155
-274 147
-322 159
-354 173
-350 161
-338 145
-334 137
-302 131
-326 127
-318 127
-294 115
-278 105
-314 107
-302 119
-278 115
-274 99
-310 101
