14 11
-134 39
-182 1
-206 17
-226 3
-230 7
-238 13
-250 33
-254 23
-242 25
-230 19
-222 7
-242 3
-258 29
-238 47
-242 69
-262 69
-278 81
-286 89
-286 99
-314 103
-278 89
-278 91
-254 79
-258 81
-278 55
-266 65
-302 89
-314 93
-294 103
-298 103
-290 95
-286 91
-270 87
-262 75
-282 65
-282 85
-282 107
-290 105
-290 103
-306 105
-366 141
-346 151
-326 123
-298 133
-314 143
-318 163
-306 169
-342 173
-338 167
-318 155
-298 157
-330 183
-322 177
-334 183
-350 191
-354 193
-366 189
-370 195
-370 181
-350 177
-326 167
-310 141
-294 125
-278 119
-278 107
-294 93
-270 83
-270 79
-266 93
-246 95
-282 103
-290 107
-270 109
-310 139
-318 147
-318 145
-330 143
-322 135
-278 131
-314 143
-330 161
-342 159
-370 173
-366 183
-378 183
-342 191
-354 199
-382 205
-322 181
-374 191
-382 191
-334 181
-350 181
-370 181
-354 169
-342 165
-346 181
-322 187
-338 189
-330 187
-338 191
-290 171
-314 167
-322 167
-318 179
-382 203
-406 213
-394 209
-370 201
-366 195
-370 191
-378 197
-382 197
-386 209
-374 201
-382 205
-314 171
-342 189
-370 201
-378 203
-406 211
-406 211
-374 203
-338 191
-386 201
-358 195
-402 211
-354 197
-342 193
-354 197
-382 205
-366 199
-406 209
-362 191
-394 209
-370 201
-374 199
-398 195
-374 191
-330 181
-350 191
-386 209
-362 201
-366 197
-362 199
-362 201
-330 177
-314 167
-302 179
-318 181
-370 195
-358 193
-342 191
-310 169
-334 169
-350 175
-346 145
-358 151
-366 169
-366 173
-362 175
-334 169
-358 193
-366 201
-334 179
-326 177
-322 161
-314 167
-342 179
-302 175
-314 179
-294 177
-366 199
-330 173
-342 175
-326 175
-314 171
-314 173
-314 171
-314 163
-306 161
-346 177
-350 169
-342 173
-338 169
-326 165
-342 169
-326 177
-358 187
-358 193
-394 205
-390 201
-378 199
-382 203
-354 195
-346 189
-358 195
-338 187
-354 197
-354 193
-366 197
-346 193
-330 181
-366 197
-346 191
-366 197
-366 197
-362 199
-402 213
-430 219
-410 213
-362 201
-362 195
-370 193
-358 185
-346 187
-374 197
-354 167
-362 183
-358 193
-386 199
-398 211
-390 207
-390 203
-358 183
-362 183
-326 169
-354 167
-330 157
-358 177
-358 189
-346 183
-322 163
-342 169
-350 167
-338 161
-298 151
-294 149
-298 139
-322 165
-322 165
-302 157
-258 125
-286 145
-338 175
-342 181
-330 173
-294 159
-290 151
-330 173
-322 171
-298 161
-346 175
-346 185
-362 187
-322 167
-338 171
-342 177
-338 189
-338 191
-338 185
-262 129
-262 131
-310 169
-306 165
-270 147
-274 155
-334 177
-318 183
-326 179
-334 181
-322 181
-334 185
-358 201
-330 187
-398 207
-350 187
-354 187
-346 189
-294 171
-330 181
-334 183
-370 199
-390 203
-350 195
-338 187
-330 181
-310 173
-314 173
-330 175
-310 165
-342 179
-370 185
-366 195
-350 191
-370 203
-374 191
-330 181
-350 175
-326 165
-322 175
-314 181
-378 203
-370 203
-362 195
-374 205
-382 201
-386 203
-346 195
-354 191
-394 209
-410 211
-378 203
-394 207
-382 205
-358 197
-362 199
-422 217
-426 219
-414 213
-378 203
-374 203
-426 219
-390 209
-402 213
-382 205
-378 203
-426 219
-414 215
-358 195
-362 193
-398 209
-410 215
-354 195
-402 209
-406 211
-354 199
-386 203
-398 209
-394 209
-422 217
-414 215
-382 205
-390 203
-398 211
-362 201
-414 215
-378 203
-366 199
-406 211
-406 213
-410 213
-378 205
-346 195
-374 199
-358 195
-390 205
-378 203
-346 195
-406 213
-366 199
-386 207
-378 203
-390 207
-386 209
-358 189
-370 191
-314 169
-314 171
-330 167
-334 167
-330 171
-346 185
-322 177
-322 177
-330 169
-310 157
-322 181
-302 175
-374 193
-302 167
-302 151
-290 141
-342 185
-386 189
-326 179
-354 195
-350 195
-358 195
-354 195
-378 201
-390 201
-358 195
-370 197
-362 191
-354 195
-366 199
-406 211
-398 207
-426 219
-434 221
-398 209
-382 203
-354 195
-342 193
-354 187
-362 189
-366 195
-374 191
-354 195
-378 205
-354 195
-346 191
-346 187
-338 189
-334 177
-382 193
-406 205
-382 207
-394 211
-426 219
-450 225
-410 215
-390 207
-346 193
-362 191
-410 213
-402 209
-374 203
-366 201
-342 187
-322 181
-346 187
-346 187
-378 203
-370 203
-374 197
-350 195
-338 191
-354 193
-390 207
-370 197
-406 213
-390 207
-410 213
-414 215
-386 205
-382 205
-358 187
-362 193
-370 203
-398 209
-370 205
-362 199
-346 193
-350 195
-370 201
-354 189
-322 179
-354 187
-310 163
-338 177
-314 175
-334 187
-354 185
-354 187
-326 159
-334 163
-302 151
-354 167
-302 145
-270 129
-254 135
-286 163
-262 161
-346 193
-358 195
-346 189
-382 205
-374 201
-358 197
-362 199
-342 189
-350 195
-362 191
-354 179
-370 197
-394 207
-378 201
-338 189
-358 193
-370 193
-346 193
-330 179
-326 185
-314 183
-322 181
-330 183
-378 205
-386 209
-382 207
-394 209
-342 191
-354 195
-386 205
-378 203
-390 209
-402 209
-402 209
-406 213
-422 217
-402 211
-418 217
-374 203
-370 189
-374 201
-366 201
-358 195
-358 183
-358 179
-370 189
-354 185
-378 197
-402 203
-402 211
-378 203
-370 197
-362 193
-354 197
-350 189
-330 179
-306 173
-282 159
-354 193
-370 197
-386 203
-370 199
-338 185
-378 199
-382 201
-374 189
-354 187
-346 181
-358 189
-358 197
-358 195
-374 197
-366 189
-342 189
-398 209
-410 215
-406 213
-370 201
-358 199
-354 197
-374 203
-362 191
-386 201
-346 185
-326 181
-346 195
-370 199
-370 195
-386 205
-394 209
-410 213
-350 183
-354 193
-402 209
-406 211
-382 203
-398 209
-386 207
-382 207
-358 195
-378 199
-382 201
-382 205
-398 203
-374 193
-382 191
-378 199
-382 199
-358 197
-306 171
-338 179
-374 197
-370 199
-358 195
-374 203
-370 197
-398 209
-386 207
-362 199
-390 207
-362 199
-410 215
-350 197
-394 209
-398 211
-378 205
-366 203
-398 211
-350 193
-370 199
-358 195
-374 199
-390 209
-378 203
-362 199
-378 205
-366 197
-366 195
-362 199
-362 189
-382 207
-406 211
-378 203
-378 199
-398 207
-398 205
-378 207
-398 205
-390 205
-394 209
-382 205
-370 201
-318 185
-322 181
-350 195
-390 205
-354 189
-330 181
-386 203
-326 177
-318 175
-314 167
-302 141
-306 141
-338 159
-298 155
-302 161
-310 161
-322 157
-330 173
-338 177
-362 193
-354 191
-370 191
-382 197
-358 195
-382 201
-362 201
-334 183
-362 199
-362 201
-426 219
-422 217
-366 199
-390 205
-418 215
-402 209
-374 203
-354 195
-378 199
-382 197
-366 197
-398 211
-382 201
-386 203
-382 185
-350 181
-390 193
-382 197
-394 197
-386 191
-342 171
-322 165
-330 185
-366 193
-358 193
-366 189
-326 177
-350 185
-302 171
-302 175
-366 191
-318 175
-318 179
-342 191
-378 203
-402 209
-398 211
-374 203
-338 193
-354 195
-326 179
-362 193
-390 203
-398 209
-410 215
-370 203
-378 199
-382 205
-410 215
-394 205
-398 209
-398 201
-390 199
-370 197
-362 197
-358 193
-386 195
-326 183
-358 185
-378 197
-386 201
-390 203
-362 197
-386 205
-410 213
-370 199
-346 193
-390 201
-374 203
-386 207
-382 205
-362 199
-378 203
-362 197
-374 199
-398 211
-374 203
-378 205
-370 203
-394 207
-382 205
-410 211
-394 209
-374 203
-390 207
-330 183
-310 177
-322 171
-346 179
-342 173
-314 165
-354 177
-294 165
-334 165
-330 169
-306 167
-298 167
-318 173
-294 155
-290 155
-306 137
-286 135
-286 129
-274 125
-274 105
-282 105
-262 91
-282 101
-294 89
-270 75
-278 85
-270 81
-262 99
-294 107
-254 97
-270 113
-290 125
-302 123
-258 95
-254 67
-254 39
-258 83
-270 79
-314 123
-314 145
-326 149
-294 135
-330 139
-330 119
-294 105
-286 121
-302 103
-294 113
-282 93
-294 89
-250 87
-286 93
-294 89
-258 65
-250 79
-258 85
-262 85
-266 107
-290 135
-302 127
-274 129
-278 125
-282 129
-298 129
-302 127
-306 129
-318 131
-322 137
-314 149
-310 139
-294 131
-286 119
-338 131
-350 137
-362 127
-342 133
-342 135
-346 123
-334 123
-294 133
-306 157
-318 165
-302 159
-282 161
-282 143
-258 139
-282 129
-262 113
-254 123
-290 147
-282 145
-246 125
-246 121
-290 149
-310 149
-286 137
-314 135
-346 145
-334 147
-314 159
-310 153
-294 153
-290 155
-334 173
-346 183
-330 179
-358 185
-394 203
-386 191
-370 197
-326 181
-358 193
-374 199
-358 193
-374 191
-346 179
-370 175
-370 191
-386 197
-394 207
-390 199
-374 193
-358 193
-346 191
-374 201
-366 199
-338 179
-342 189
-326 183
-346 189
-338 191
-362 195
-346 185
-326 177
-318 171
-306 173
-322 171
-342 185
-370 201
-362 197
-366 197
-362 193
-350 187
-350 179
-346 177
-342 191
-382 205
-346 189
-374 197
-382 205
-362 195
-374 203
-382 205
-358 197
-342 189
-330 183
-374 205
-382 201
-370 185
-358 177
-354 177
-366 189
-346 189
-350 195
-322 183
-322 183
-366 185
-358 179
-362 183
-354 185
-378 199
-410 215
-410 211
-386 199
-338 179
-342 191
-346 189
-342 187
-342 165
-326 167
-310 163
-310 177
-290 155
-322 169
-338 185
-354 191
-338 187
-322 173
-314 171
-322 171
-318 165
-354 187
-374 195
-390 207
-390 209
-418 217
-386 207
-362 199
-346 191
-338 189
-366 191
-346 179
-346 175
-350 181
-346 177
-366 191
-302 155
-326 153
-346 159
-338 151
-346 149
-314 115
-318 99
-326 87
-298 99
-314 97
-314 95
-266 97
-294 67
-266 71
-282 79
-278 91
-334 115
-322 107
-338 115
-366 107
-350 103
-338 93
-342 121
-322 139
-342 155
-326 147
-322 151
-318 145
-314 149
-322 159
-326 155
-314 143
-334 165
-310 165
-326 169
-358 189
-346 187
-350 187
-350 183
-310 171
-346 185
-354 191
-378 199
-326 181
-374 187
-342 183
-366 195
-386 207
-374 195
-378 187
-346 175
-322 171
-322 175
-358 173
-330 171
-306 167
-306 159
-314 165
-342 165
-306 157
-294 157
-298 153
-302 163
-286 161
-290 151
-322 147
-318 155
-294 147
-294 151
-346 175
-366 181
-350 191
-342 187
-342 187
-362 199
-382 199
-330 183
-358 193
-366 195
-350 187
-366 199
-390 203
-390 203
-358 193
-358 191
-374 197
-338 181
-318 181
-338 193
-330 181
-362 193
-354 187
-366 191
-342 183
-366 195
-354 191
-382 193
-390 203
-414 211
-422 217
-382 205
-394 207
-374 199
-370 193
-366 195
-334 189
-318 177
-270 151
-282 155
-278 149
-274 155
-318 151
-334 163
-306 151
-310 139
-298 135
-258 139
-286 145
-290 143
-318 163
-310 153
-262 129
-294 129
-278 135
-266 131
-262 125
-278 127
-282 125
-286 115
-298 107
-326 99
-326 101
-322 105
-346 137
-326 129
-330 139
-266 119
-294 137
-306 129
-338 149
-314 159
-298 135
-330 157
-322 139
-306 107
-266 115
-262 105
-286 109
-266 115
-306 117
-302 105
-302 101
-290 81
-294 97
-298 103
-294 103
-250 85
-278 115
-290 115
-314 123
-310 119
-282 125
-290 117
-262 125
-270 117
-302 129
-302 127
-334 155
-342 169
-342 173
-358 187
-338 161
-314 149
-326 161
-354 169
-374 183
-362 197
-378 201
-390 207
-390 207
-370 203
-362 193
-350 195
-350 179
-334 177
-350 187
-382 201
-374 199
-390 207
-378 203
-382 201
-370 203
-354 187
-334 183
-362 195
-362 199
-346 195
-370 203
-386 205
-398 203
-382 193
-374 201
-354 193
-366 199
-410 211
-390 203
-398 209
-370 199
-342 185
-362 197
-346 191
-342 187
-362 201
-362 197
-378 201
-362 199
-358 189
-338 191
-294 157
-342 181
-358 189
-390 203
-362 191
-346 181
-354 171
-334 189
-354 183
-314 169
-298 177
-346 181
-346 183
-358 185
-346 179
-342 183
-338 187
-326 175
-346 187
-346 193
-338 189
-318 181
-350 191
-326 177
-346 193
-366 193
-378 193
-374 195
-398 209
-410 215
-418 217
-418 215
-414 215
-342 189
-370 195
-358 187
-366 189
-386 197
-350 193
-330 179
-354 183
-342 187
-314 183
-370 193
-330 189
-334 189
-322 171
-318 179
-350 173
-350 173
-354 177
-338 177
-358 189
-382 195
-342 187
-358 193
-390 205
-370 199
-378 205
-338 185
-366 199
-382 201
-374 199
-390 205
-394 207
-366 197
-354 199
-334 187
-358 191
-334 189
-342 187
-346 189
-322 179
-354 179
-366 191
-354 191
-366 195
-362 193
-350 191
-338 183
-334 181
-342 185
-342 191
-338 187
-366 197
-362 187
-334 171
-326 161
-294 147
-294 159
-282 141
-302 123
-326 137
-306 145
-330 171
-302 155
-298 151
-330 163
-354 183
-374 199
-358 191
-366 197
-362 191
-374 193
-358 187
-350 175
-342 179
-346 185
-334 177
-310 169
-302 155
-274 145
-314 173
-322 171
-314 169
-338 157
-342 159
-318 155
-326 165
-326 183
-338 177
-350 181
-346 191
-386 207
-402 211
-390 203
-378 201
-398 207
-386 205
-398 207
-386 201
-378 203
-378 205
-326 185
-334 191
-394 209
-394 211
-398 209
-418 217
-430 219
-414 215
-426 219
-386 203
-362 197
-342 191
-286 163
-298 161
-282 147
-310 147
-342 163
-254 141
-294 153
-322 155
-346 175
-366 197
-358 191
-386 201
-354 189
-294 159
-262 139
-306 155
-290 127
-310 155
-338 163
-354 173
-318 149
-318 157
-302 143
-302 163
-306 167
-342 177
-326 165
-338 175
-334 185
-318 169
-258 165
-302 177
-382 207
-354 189
-382 205
-338 181
-346 189
-354 197
-362 195
-390 203
-382 205
-390 207
-374 199
-402 211
-406 213
-410 211
-422 217
-390 209
-402 213
-362 195
-338 183
-366 193
-370 189
-342 177
-354 179
-342 165
-314 149
-282 139
-290 149
-314 155
-310 147
-286 139
-274 133
-266 131
-286 149
-322 161
-330 181
-370 197
-378 205
-358 197
-394 209
-378 205
-378 205
-382 205
-362 197
-374 199
-386 205
-366 197
-346 181
-326 179
-362 195
-354 189
-378 203
-394 205
-410 213
-410 215
-382 205
-414 211
-410 213
-382 199
-370 197
-354 189
-374 201
-334 171
-366 197
-382 207
-386 207
-386 205
-374 201
-398 211
-402 211
-406 209
-382 199
-350 189
-326 175
-306 171
-330 179
-318 169
-330 179
-362 187
-370 195
-370 199
-402 211
-410 209
-386 201
-310 169
-314 161
-302 163
-330 157
-370 173
-370 189
-358 179
-350 173
-346 171
-310 159
-322 163
-334 179
-350 181
-342 185
-342 191
-350 189
-374 191
-350 179
-322 173
-346 177
-322 173
-326 179
-358 185
-342 185
-270 161
-290 163
-286 161
-314 171
-314 175
-346 191
-358 195
-354 193
-366 193
-318 175
-326 183
-294 171
-310 179
-330 183
-350 191
-374 197
-366 199
-382 203
-390 203
-370 199
-382 195
-342 183
-326 179
-318 175
-346 193
-350 187
-366 189
-386 201
-358 199
-358 195
-342 187
-346 189
-358 187
-378 193
-394 203
-378 205
-402 213
-358 191
-358 189
-326 183
-354 191
-378 197
-374 203
-346 193
-338 187
-338 189
-346 183
-366 201
-362 195
-366 199
-370 193
-330 187
-350 185
-354 181
-318 161
-326 149
-298 145
-274 147
-290 147
-330 181
-306 175
-282 171
-350 189
-354 195
-362 199
-402 209
-394 199
-390 207
-366 195
-354 193
-390 207
-422 217
-398 205
-390 209
-418 215
-370 203
-350 195
-342 189
-346 191
-354 189
-350 179
-326 167
-318 175
-358 191
-326 189
-338 183
-386 205
-354 197
-406 211
-362 193
-378 187
-358 181
-330 175
-342 179
-362 183
-370 181
-346 165
-346 171
-278 151
-314 179
-358 189
-366 189
-378 189
-382 191
-354 191
-342 181
-326 167
-310 165
-326 175
-330 177
-302 159
-310 133
-310 127
-354 167
-326 177
-346 187
-346 191
-366 197
-350 189
-350 189
-342 189
-346 187
-354 193
-354 199
-362 193
-394 207
-422 215
-378 199
-382 197
-390 201
-378 205
-358 197
-362 195
-378 203
-354 191
-386 205
-354 195
-358 201
-326 185
-366 195
-394 201
-378 201
-374 199
-362 201
-382 199
-374 195
-314 171
-342 185
-318 181
-362 195
-378 203
-394 201
-370 193
-386 193
-394 207
-382 205
-338 181
-366 193
-378 205
-354 195
-382 203
-370 197
-358 195
-342 195
-290 169
-310 177
-350 195
-358 191
-350 185
-322 173
-330 181
-334 179
-338 189
-322 175
-354 175
-306 153
-290 131
-306 131
-322 145
-326 129
-274 115
-306 119
-258 101
-298 109
-282 99
-274 71
-290 79
-218 57
-282 69
-274 69
-286 81
-282 95
-294 121
-290 125
-318 133
-310 141
-306 151
-278 133
-270 125
-258 123
-218 105
-278 121
-242 103
-298 95
-290 87
-294 97
-286 117
-350 135
-326 133
-338 143
-354 151
-330 155
-326 145
-314 133
-314 147
-310 125
-314 127
-318 137
-334 133
-290 125
-306 115
-278 105
-298 107
-294 129
-330 131
-302 107
-282 107
-298 115
-294 111
-278 113
-282 133
-294 137
-330 145
-330 133
-306 135
-310 145
-330 143
-334 151
-342 157
-338 157
-370 167
-346 141
-342 163
-330 149
-314 147
-346 151
-358 155
-366 171
-322 163
-346 163
-334 147
-322 143
-330 145
-358 155
-326 161
-314 157
-294 145
-338 173
-358 189
-398 209
-386 205
-410 215
-382 207
-382 207
-398 203
-386 195
-370 199
-390 207
-382 207
-386 205
-406 213
-390 207
-390 207
-398 211
-398 209
-354 195
-330 179
-366 195
-366 195
-350 191
-342 187
-330 181
-314 165
-314 167
-314 159
-322 151
-338 161
-346 165
-262 129
-318 131
-322 139
-318 121
-362 149
-338 145
-346 139
-326 143
-314 137
-298 119
-330 125
-342 121
-362 125
-350 121
-346 119
-354 127
-350 129
-334 143
-306 111
-326 123
-306 131
-310 145
-330 155
-330 171
-318 155
-294 155
-322 163
-286 147
-306 149
-330 169
-362 181
-358 177
-342 177
-322 167
-314 159
-286 149
-286 131
-274 147
-306 153
-306 145
-298 153
-310 147
-346 169
-338 175
-310 163
-318 169
-322 183
-338 179
-330 189
-358 195
-402 211
-390 207
-394 209
-398 209
-398 211
-390 209
-398 211
-378 201
-370 203
-402 209
-366 199
-338 185
-354 197
-362 197
-370 199
-374 199
-374 201
-378 205
-366 197
-402 213
-410 213
-410 215
-434 221
-418 217
-370 201
-394 205
-374 199
-414 213
-418 215
-450 225
-414 209
-418 217
-386 205
-366 203
-346 193
-402 211
-418 217
-386 207
-362 195
-370 201
-390 209
-386 207
-370 201
-374 201
-374 205
-358 193
-354 189
-374 201
-390 199
-382 203
-370 199
-338 189
-318 177
-278 147
-306 165
-338 177
-334 175
-298 161
-338 173
-330 155
-318 167
-298 157
-362 179
-374 193
-390 207
-370 201
-322 177
-310 167
-338 177
-314 169
-322 177
-346 197
-382 205
-366 199
-390 207
-362 201
-346 193
-334 189
-338 183
-290 173
-342 189
-382 203
-382 199
-366 197
-334 181
-366 193
-362 199
-334 189
-366 191
-366 201
-354 191
-358 195
-390 205
-402 209
-342 189
-330 185
-326 181
-398 207
-418 215
-394 209
-362 195
-374 203
-358 189
-386 205
-394 209
-382 205
-406 213
-410 215
-386 205
-334 185
-378 193
-398 209
-394 209
-350 189
-358 191
-346 193
-330 183
-334 179
-310 163
-306 147
-314 151
-334 159
-286 137
-282 127
-262 117
-298 117
-278 109
-290 117
-282 129
-286 135
-298 141
-310 149
-322 155
-310 151
-338 171
-366 187
-350 179
-318 173
-342 181
-334 187
-366 197
-390 207
-366 201
-378 203
-374 199
-366 193
-362 197
-338 189
-382 203
-374 199
-394 203
-378 189
-398 201
-374 203
-370 203
-342 193
-402 209
-362 199
-398 209
-378 203
-386 207
-394 211
-394 209
-398 209
-382 203
-382 201
-354 197
-358 199
-362 199
-378 203
-330 179
-322 171
-326 159
-350 175
-346 181
-310 169
-326 161
-326 175
-322 181
-334 177
-338 183
-358 183
-334 185
-314 177
-306 167
-298 151
-314 165
-302 169
-298 163
-302 155
-306 175
-382 203
-406 207
-402 207
-358 195
-370 203
-358 193
-354 197
-390 209
-374 201
-366 195
-370 201
-362 193
-342 181
-338 183
-342 183
-362 197
-362 199
-378 199
-346 189
-374 201
-366 191
-390 207
-366 203
-358 193
-354 197
-382 203
-366 201
-382 201
-402 211
-386 203
-374 197
-386 193
-362 175
-366 189
-354 179
-386 197
-378 197
-362 189
-374 191
-382 189
-362 187
-350 177
-358 179
-358 173
-314 159
-298 171
-302 157
-310 163
-306 159
-342 171
-350 175
-318 155
-362 191
-342 191
-410 215
-398 211
-370 203
-386 207
-370 203
-406 213
-386 209
-378 203
-370 201
-370 199
-346 193
-398 209
-374 205
-366 201
-370 197
-382 199
-362 199
-378 201
-378 203
-374 203
-314 183
-274 159
-286 159
-294 173
-298 159
-294 153
-286 167
-314 169
-342 183
-346 181
-370 189
-366 183
-378 189
-374 193
-358 191
-366 191
-382 205
-394 205
-398 209
-394 211
-378 205
-370 201
-366 197
-390 207
-374 203
-338 189
-410 213
-386 205
-390 205
-378 195
-402 209
-386 207
-374 203
-350 189
-354 189
-342 181
-326 173
-338 181
-338 181
-342 175
-286 153
-306 145
-298 143
-326 167
-294 167
-294 167
-318 179
-358 189
-382 203
-362 197
-406 213
-402 211
-410 211
-402 213
-426 219
-406 211
-342 193
-382 201
-374 201
-398 203
-398 205
-398 211
-382 207
-354 193
-394 209
-386 205
-406 211
-398 207
-378 195
-346 185
-338 165
-350 171
-334 169
-318 147
-342 147
-330 141
-330 143
-302 133
-310 137
-302 151
-290 125
-342 139
-358 151
-362 155
-338 145
-370 151
-362 157
-354 161
-318 151
-354 151
-338 135
-290 127
-286 129
-314 139
-330 145
-302 135
-290 137
-286 119
-270 109
-254 81
-258 75
-298 85
-298 77
-270 65
-274 69
-250 63
-254 65
-258 69
-270 99
-250 85
-254 81
-290 87
-258 97
-270 95
-282 87
-254 93
-278 93
-282 109
-286 121
-330 129
-302 143
-302 147
-334 171
-290 159
-318 167
-306 169
-330 171
-342 185
-314 177
-362 193
-334 181
-338 185
-346 181
-346 173
-342 175
-378 191
-402 201
-354 181
-362 189
-346 189
-374 195
-382 199
-338 185
-314 171
-346 173
-326 179
-330 175
-318 177
-334 179
-366 195
-322 183
-294 163
-254 153
-306 175
-342 181
-310 167
-326 175
-338 179
-334 185
-330 179
-346 183
-334 189
-378 203
-414 215
-390 209
-390 207
-378 201
-394 205
-378 201
-370 197
-394 205
-394 201
-358 193
-350 191
-354 193
-374 205
-330 183
-338 185
-322 183
-410 209
-346 175
-362 181
-346 187
-386 199
-374 193
-382 201
-346 183
-366 197
-342 191
-334 187
-346 189
-342 193
-382 203
-342 187
-342 179
-338 177
-374 193
-342 183
-334 177
-310 173
-326 173
-306 153
-286 155
-334 179
-358 189
-358 189
-350 179
-294 167
-370 197
-354 195
-366 199
-370 199
-346 191
-358 197
-338 187
-398 209
-402 207
-362 197
-338 191
-394 209
-358 197
-346 193
-358 195
-386 209
-402 207
-398 207
-390 205
-422 217
-386 205
-402 209
-426 219
-414 215
-390 209
-430 219
-426 219
-346 187
-330 185
-318 183
-350 187
-354 197
-374 201
-366 195
-354 193
-334 185
-314 167
-338 185
-370 193
-354 193
-314 179
-374 203
-374 205
-374 201
-374 201
-386 203
-402 211
-402 213
-418 217
-422 217
-426 215
-390 207
-386 207
-370 205
-354 195
-374 199
-314 173
-354 189
-362 195
-342 191
-374 201
-422 217
-390 207
-366 197
-342 189
-366 195
-382 197
-386 209
-350 191
-378 199
-346 185
-306 177
-334 181
-326 183
-358 195
-370 197
-370 193
-350 191
-350 195
-398 207
-374 203
-382 207
-382 205
-374 203
-386 207
-394 207
-390 209
-414 215
-406 211
-402 209
-382 203
-358 191
-354 193
-326 179
-358 197
-326 185
-358 199
-374 201
-358 199
-366 193
-362 199
-386 203
-362 195
-354 189
-342 169
-314 169
-286 153
-326 167
-330 179
-342 181
-358 175
-382 201
-342 179
-370 193
-342 187
-326 187
-358 197
-370 195
-326 171
-338 173
-338 177
-370 181
-370 193
-386 203
-394 209
-354 195
-370 201
-386 203
-370 191
-326 171
-310 165
-322 161
-314 133
-306 121
-282 109
-310 109
-274 91
-234 59
-258 41
-278 65
-302 59
-282 15
-262 11
-242 19
-258 17
-262 33
-258 15
-278 19
-286 41
-282 37
-246 17
-246 31
-234 15
-262 19
-234 7
-210 1
-222 1
-210 11
-238 1
-234 35
-222 57
-242 47
-270 49
-250 79
-238 79
-274 95
-302 117
-314 129
-298 113
-274 111
-306 129
-314 125
-310 131
-302 163
-298 157
-238 125
-278 139
-290 149
-302 165
-314 165
-310 165
-318 169
-366 195
-382 199
-378 203
-378 205
-402 209
-362 189
-354 193
-342 183
-366 191
-394 203
-390 203
-386 203
-354 189
-342 185
-366 199
-390 203
-422 217
-406 213
-410 215
-414 215
-418 215
-398 211
-378 203
-366 189
-362 195
-358 199
-366 201
-386 205
-406 213
-410 215
-398 211
-386 209
-402 211
-414 215
-410 213
-390 209
-382 205
-382 205
-374 203
-374 199
-406 213
-390 205
-358 201
-350 193
-358 197
-346 191
-370 203
-378 205
-390 205
-378 197
-386 205
-398 209
-422 217
-390 207
-426 219
-422 217
-394 207
