-12 6
-636 340
-608 344
-612 338
-624 346
-664 358
-632 344
-656 356
-728 378
-740 382
-700 370
-668 360
-668 362
-676 364
-652 356
-660 358
-624 336
-612 332
-668 358
-644 352
-672 360
-668 354
-640 340
-692 356
-652 342
-632 334
-600 338
-628 338
-624 332
-632 330
-636 336
-616 326
-592 316
-616 324
-592 316
-572 294
-564 306
-552 286
-528 282
-592 314
-596 316
-632 336
-616 326
-620 328
-588 326
-572 320
-644 344
-660 350
-644 342
-632 328
-568 306
-552 298
-580 302
-584 302
-576 282
-564 276
-572 286
-564 264
-544 254
-552 236
-512 240
-520 238
-572 264
-576 268
-592 296
-580 278
-608 292
-588 270
-568 252
-604 268
-596 270
-612 296
-624 306
-660 314
-628 314
-636 328
-636 326
-600 324
-616 342
-640 350
-688 360
-632 342
-648 340
-640 334
-660 350
-632 350
-628 336
-620 338
-648 352
-624 342
-636 348
-636 348
-596 330
-660 346
-684 348
-708 368
-676 358
-664 362
-680 366
-640 350
-620 338
-632 332
-608 334
-664 354
-720 378
-664 358
-684 360
-684 358
-664 340
-668 350
-600 336
-616 344
-700 364
-676 358
-684 356
-636 348
-632 340
-628 344
-672 358
-676 356
-652 346
-628 346
-612 340
-632 348
-648 356
-704 370
-672 358
-656 352
-640 340
-628 340
-620 336
-636 340
-612 328
-604 310
-580 306
-608 326
-628 330
-608 330
-668 348
-684 366
-700 368
-672 358
-668 362
-652 352
-684 366
-692 364
-620 342
-656 354
-676 358
-684 354
-660 354
-652 342
-648 344
-612 320
-624 336
-660 346
-652 340
-564 322
-620 334
-608 326
-604 316
-640 338
-604 344
-680 364
-672 354
-676 356
-648 352
-600 334
-576 322
-580 314
-624 310
-592 304
-576 292
-560 280
-540 270
-580 274
-544 250
-540 244
-584 262
-524 248
-552 250
-544 262
-568 296
-592 312
-592 302
-584 288
-592 302
-572 286
-536 272
-568 284
-532 282
-572 280
-616 298
-628 316
-600 302
-576 292
-584 288
-612 328
-628 348
-700 368
-668 356
-664 356
-640 344
-616 322
-680 350
-708 364
-688 370
-688 362
-632 342
-684 364
-708 370
-684 362
-664 352
-572 326
-632 332
-656 340
-648 334
-652 320
-648 320
-636 324
-588 296
-592 312
-612 316
-580 286
-536 266
-552 262
-584 300
-580 310
-552 296
-580 282
-628 300
-620 312
-620 310
-592 304
-604 310
-580 312
-608 320
-596 324
-632 326
-660 348
-676 340
-636 322
-640 322
-628 322
-636 342
-636 340
-624 332
-552 308
-628 324
-588 312
-624 320
-600 292
-624 306
-644 314
-628 304
-632 328
-660 336
-636 312
-628 320
-644 316
-592 324
-668 350
-644 336
-616 324
-688 324
-640 318
-620 324
-668 338
-648 352
-676 350
-656 336
-636 340
-652 346
-700 360
-664 354
-648 342
-628 340
-620 336
-664 356
-704 372
-668 350
-688 368
-672 356
-656 336
-616 322
-624 314
-580 296
-580 300
-636 330
-688 352
-624 340
-552 306
-548 304
-588 312
-628 318
-604 320
-624 330
-584 318
-596 314
-576 322
-596 312
-620 326
-596 328
-640 344
-588 324
-616 322
-596 326
-684 364
-696 360
-612 332
-608 334
-680 358
-644 350
-616 340
-628 342
-688 360
-696 364
-688 366
-700 372
-640 342
-676 352
-668 348
-652 334
-648 332
-656 326
-664 334
-672 356
-640 348
-660 342
-648 350
-668 358
-648 350
-652 336
-636 336
-648 342
-648 344
-632 334
-600 336
-680 356
-660 358
-692 362
-648 350
-632 344
-556 320
-600 322
-624 336
-616 338
-664 352
-692 370
-688 364
-668 348
-644 348
-644 344
-656 358
-640 356
-660 352
-640 352
-700 372
-680 362
-676 354
-664 350
-652 344
-672 346
-652 350
-652 344
-624 330
-608 322
-600 316
-596 320
-600 316
-596 326
-628 346
-612 336
-660 344
-620 340
-612 336
-640 346
-660 354
-700 372
-640 350
-696 372
-692 366
-656 350
-636 340
-664 360
-652 350
-608 324
-624 336
-628 338
-652 354
-636 336
-600 320
-600 336
-628 334
-600 324
-588 318
-548 308
-592 294
-644 320
-628 336
-616 322
-612 314
-680 334
-644 328
-652 322
-624 316
-608 314
-584 306
-596 320
-604 308
-588 302
-584 292
-624 302
-628 304
-580 280
-612 300
-612 300
-656 308
-648 300
-596 296
-652 310
-656 336
-676 332
-620 310
-616 310
-596 300
-576 290
-592 302
-584 310
-640 330
-620 320
-636 318
-616 310
-632 322
-604 322
-624 322
-652 338
-640 334
-636 332
-652 334
-652 338
-668 354
-660 360
-632 340
-656 350
-640 326
-588 316
-616 330
-672 334
-640 326
-660 346
-724 378
-688 366
-688 368
-668 362
-660 362
-656 354
-628 342
-648 356
-640 358
-648 352
-616 330
-636 342
-616 332
-668 356
-628 342
-640 334
-608 326
-612 330
-584 316
-564 308
-564 294
-576 312
-624 334
-596 314
-648 344
-620 334
-608 328
-628 330
-632 316
-572 288
-572 282
-576 298
-556 302
-572 308
-552 304
-604 306
-568 306
-572 322
-636 344
-664 356
-640 350
-632 338
-644 344
-648 348
-660 352
-636 348
-688 364
-616 342
-652 346
-572 324
-568 312
-560 294
-536 264
-528 252
-576 280
-600 306
-568 296
-592 310
-612 308
-588 308
-556 290
-592 296
-624 286
-604 292
-612 288
-608 304
-648 318
-648 338
-688 350
-620 324
-624 322
-644 338
-676 334
-676 326
-684 352
-704 366
-668 358
-644 346
-640 350
-672 354
-648 342
-648 342
-696 364
-660 340
-620 326
-592 308
-572 314
-564 302
-580 330
-584 316
-584 316
-580 304
-564 302
-544 306
-644 348
-664 354
-712 376
-708 370
-712 376
-704 372
-680 362
-684 366
-732 380
-712 368
-656 352
-632 348
-620 334
-636 326
-644 338
-652 344
-664 350
-672 356
-648 352
-636 336
-628 336
-628 334
-652 342
-596 310
-616 322
-628 326
-632 332
-616 304
-560 292
-560 292
-564 288
-572 266
-616 298
-664 312
-628 306
-648 312
-600 292
-580 304
-628 336
-648 340
-612 334
-628 340
-660 346
-636 344
-616 332
-588 320
-612 330
-636 346
-640 348
-648 354
-648 352
-636 346
-632 340
-624 332
-668 346
-648 342
-656 344
-600 324
-672 358
-616 334
-604 332
-612 336
-628 344
-660 344
-664 350
-656 352
-684 364
-668 360
-708 374
-744 386
-728 380
-684 368
-700 372
-716 378
-716 378
-720 378
-688 368
-672 362
-688 364
-684 364
-672 362
-672 360
-664 354
-688 356
-640 348
-684 366
-700 370
-648 340
-600 322
-596 302
-620 304
-624 300
-640 326
-660 336
-648 330
-620 314
-648 342
-612 322
-648 338
-620 320
-632 316
-616 324
-660 328
-632 322
-620 322
-624 312
-624 318
-608 308
-624 298
-596 282
-548 266
-572 260
-576 270
-564 260
-560 280
-564 288
-536 258
-480 250
-536 276
-552 284
-556 280
-560 286
-624 324
-608 310
-632 316
-600 306
-584 318
-608 322
-692 342
-648 334
-628 338
-620 338
-660 344
-644 340
-652 338
-672 348
-632 342
-616 340
-644 350
-644 338
-612 328
-588 314
-608 320
-568 312
-632 340
-644 346
-632 348
-640 346
-656 346
-664 346
-616 344
-624 336
-640 344
-628 334
-608 328
-660 348
-644 344
-644 352
-676 364
-692 370
-660 358
-640 352
-644 338
-676 358
-644 348
-652 350
-628 330
-656 334
-596 324
-608 334
-608 338
-620 338
-604 326
-616 342
-608 336
-628 328
-600 314
-600 322
-608 306
-604 296
-592 300
-648 312
-636 298
-632 302
-548 276
-544 260
-588 270
-540 230
-552 224
-524 220
-520 210
-548 250
-548 242
-528 230
-484 228
-512 206
-520 208
-504 214
-528 234
-504 254
-552 284
-556 274
-580 282
-560 272
-564 272
-588 272
-540 280
-584 270
-652 296
-612 288
-568 286
-580 286
-624 310
-640 310
-584 290
-564 286
-596 290
-608 292
-588 286
-576 290
-596 310
-596 284
-576 278
-572 292
-544 260
-544 254
-588 290
-604 282
-568 264
-608 282
-648 274
-636 286
-636 298
-624 294
-608 286
-604 298
-580 300
-552 278
-568 270
-628 310
-596 298
-596 286
-572 300
-552 286
-616 322
-648 340
-624 328
-560 310
-560 304
-540 294
-584 306
-584 300
-548 296
-548 304
-600 322
-608 308
-620 310
-608 296
-608 290
-604 284
-604 282
-616 292
-588 256
-536 238
-540 250
-548 228
-556 236
-564 252
-572 250
-588 246
-568 256
-504 256
-508 244
-548 252
-560 248
-564 258
-580 292
-584 262
-616 268
-584 268
-588 288
-580 284
-572 288
-560 280
-572 302
-600 302
-596 308
-596 310
-596 290
-584 276
-572 280
-616 290
-620 302
-620 310
-584 304
-556 280
-572 276
-560 284
-608 308
-644 334
-660 348
-648 346
-648 348
-620 330
-628 330
-664 344
-640 340
-600 308
-596 314
-692 366
-644 346
-632 332
-652 340
-668 354
-680 366
-688 356
-656 348
-640 328
-628 322
-648 328
-656 320
-596 318
-664 350
-704 362
-712 358
-704 360
-712 366
-676 358
-680 360
-684 368
-672 356
-656 348
-648 352
-632 346
-648 342
-616 338
-644 336
-664 342
-648 330
-652 350
-612 338
-648 336
-612 332
-584 320
-580 328
-592 328
-564 314
-616 334
-608 330
-612 336
-620 334
-616 328
-572 308
-620 328
-592 302
-636 330
-608 328
-632 328
-624 332
-624 340
-652 348
-664 354
-688 368
-688 354
-700 370
-672 356
-612 334
-664 348
-652 356
-692 366
-676 358
-628 342
-628 324
-640 336
-632 318
-608 320
-604 316
-628 334
-632 344
-584 310
-612 328
-536 292
-540 282
-580 306
-620 322
-652 330
-612 324
-632 334
-660 332
-584 310
-628 336
-612 308
-596 314
-608 308
-612 308
-612 336
-640 342
-708 376
-724 376
-704 370
-664 358
-668 354
-712 372
-680 360
-700 364
-652 350
-636 334
-684 334
-632 326
-548 320
-604 320
-604 330
-584 320
-612 312
-628 338
-648 342
-612 330
-624 336
-596 334
-688 360
-664 358
-680 360
-632 348
-656 356
-692 364
-696 372
-680 362
-656 344
-624 322
-636 344
-604 310
-580 294
-584 306
-592 288
-648 316
-648 326
-648 330
-664 346
-620 332
-612 326
-604 332
-636 342
-680 362
-664 354
-552 290
-516 284
-508 300
-604 328
-604 330
-548 298
-616 330
-620 326
-600 312
-596 296
-644 318
