36 6
-204 18
-308 0
-372 20
-396 16
-408 28
-408 60
-420 52
-416 36
-380 52
-412 56
-424 70
-464 74
-444 110
-440 88
-464 76
-380 64
-368 104
-372 110
-404 76
-412 60
-440 26
-460 36
-440 18
-480 -2
-412 -28
-416 -30
-456 -20
-484 8
-440 68
-460 66
-408 50
-372 52
-412 56
-444 88
-392 100
-464 64
-480 62
-456 38
-476 34
-464 50
-472 30
-484 40
-456 16
-436 38
-436 92
-432 74
-460 98
-448 136
-424 120
-472 126
-492 138
-484 128
-480 112
-500 152
-508 142
-516 140
-468 132
-420 118
-460 114
-492 90
-488 88
-444 100
-480 130
-552 140
-536 100
-508 108
-524 118
-512 154
-552 182
-532 188
-556 174
-508 140
-508 128
-500 130
-476 132
-480 130
-460 132
-468 118
-412 98
-404 144
-452 130
-408 142
-432 150
-452 180
-508 218
-508 260
-528 288
-532 300
-620 330
-616 328
-552 300
-480 296
-500 274
-476 260
-520 282
-500 238
-504 218
-484 188
-492 192
-444 180
-400 158
-492 190
-464 158
-476 146
-472 128
-472 108
-484 118
-516 104
-500 112
-468 104
-492 90
-488 80
-472 72
-456 66
-504 48
-460 68
-468 108
-512 134
-488 134
-468 144
-504 174
-504 190
-516 208
-544 232
-520 214
-436 180
-432 158
-456 154
-476 164
-432 154
-408 134
-452 170
-460 150
-416 142
-460 134
-468 110
-484 84
-480 96
-424 100
-464 128
-448 118
-440 108
-428 128
-432 124
-444 122
-448 140
-424 138
-408 122
-428 112
-452 124
-412 124
-428 124
-432 144
-468 178
-512 166
-516 152
-504 136
-452 128
-436 108
-468 74
-432 100
-440 82
-392 88
-492 96
-460 126
-412 124
-384 102
-372 80
-436 110
-452 140
-468 150
-460 146
-448 160
-436 176
-472 160
-444 122
-444 120
-504 118
-464 80
-460 76
-420 60
-456 40
-380 0
-392 -12
-424 -54
-476 -72
-408 -34
-456 -74
-436 -92
-412 -80
-432 -108
-436 -92
-468 -114
-456 -170
-480 -188
-496 -170
-460 -150
-484 -166
-472 -114
-472 -152
-468 -158
-448 -148
-540 -190
-540 -194
-520 -192
-492 -162
-496 -150
-516 -158
-520 -124
-508 -154
-436 -162
-496 -156
-480 -172
-416 -134
-444 -132
-416 -78
-488 -116
-488 -124
-436 -104
-432 -160
-464 -144
-424 -124
-412 -150
-496 -176
-464 -158
-544 -200
-580 -226
-532 -244
-504 -232
-512 -246
-512 -236
-536 -246
-584 -244
-556 -248
-560 -266
-548 -242
-536 -216
-480 -204
-472 -232
-536 -244
-504 -190
-512 -210
-520 -176
-472 -184
-488 -190
-468 -160
-488 -152
-516 -162
-456 -140
-444 -140
-436 -156
-448 -162
-500 -182
-536 -212
-508 -218
-472 -220
-496 -216
-516 -206
-488 -192
-496 -188
-520 -168
-532 -160
-552 -184
-452 -110
-468 -96
-440 -120
-464 -136
-472 -112
-448 -102
-444 -82
-468 -90
-432 -60
-480 -54
-488 -60
-464 -48
-444 -56
-436 -38
-452 -20
-440 -54
-424 -40
-456 -26
-452 -28
-468 -66
-476 -74
-520 -82
-448 -84
-456 -84
-440 -82
-492 -60
-516 -42
-484 -58
-476 -90
-456 -64
-432 -82
-424 -94
-392 -86
-412 -72
-408 -34
-400 -34
-372 -60
-392 -54
-432 -74
-464 -70
-476 -104
-540 -152
-532 -150
-520 -124
-516 -108
-536 -126
-532 -142
-480 -126
-524 -136
-520 -124
-532 -134
-536 -154
-504 -152
-460 -160
-448 -152
-428 -172
-476 -178
-496 -180
-488 -176
-488 -210
-484 -196
-424 -184
-456 -180
-472 -174
-472 -210
-484 -204
-488 -204
-520 -220
-500 -222
-520 -246
-516 -278
-524 -252
-512 -256
-480 -240
-476 -226
-544 -272
-520 -284
-540 -300
-508 -290
-524 -314
-528 -292
-544 -300
-520 -306
-572 -322
-600 -324
-576 -300
-584 -322
-564 -298
-532 -276
-532 -250
-512 -234
-520 -234
-580 -266
-612 -276
-596 -270
-560 -262
-568 -258
-528 -266
-524 -268
-540 -278
-492 -266
-532 -270
-540 -288
-596 -324
-608 -324
-652 -342
-596 -304
-572 -306
-628 -336
-560 -328
-584 -330
-604 -326
-656 -352
-600 -328
-596 -300
-568 -274
-548 -240
-584 -256
-496 -250
-536 -286
-532 -276
-552 -272
-528 -274
-520 -256
-492 -258
-464 -250
-464 -214
-492 -220
-440 -206
-492 -206
-516 -202
-524 -200
-540 -204
-484 -160
-468 -186
-488 -186
-532 -216
-500 -210
-500 -208
-520 -216
-476 -216
-532 -232
-532 -234
-500 -216
-448 -202
-484 -200
-508 -204
-448 -188
-456 -170
-520 -168
-536 -192
-504 -166
-500 -162
-464 -180
-504 -200
-504 -216
-536 -238
-492 -230
-524 -236
-504 -224
-544 -252
-556 -266
-524 -240
-512 -228
-512 -236
-480 -228
-464 -204
-452 -192
-440 -206
-428 -188
-464 -186
-480 -192
-468 -174
-496 -198
-472 -178
-452 -184
-496 -204
-492 -200
-504 -184
-484 -174
-480 -174
-508 -182
-488 -156
-444 -144
-456 -114
-456 -128
-460 -106
-448 -118
-432 -116
-388 -104
-356 -94
-348 -114
-348 -94
-336 -86
-396 -92
-428 -72
-416 -50
-376 -34
-420 -46
-440 -36
-388 -58
-384 -68
-384 -32
-368 -68
-368 -70
-424 -68
-384 -30
-388 -8
-408 -60
-448 -64
-396 -28
-376 -28
-372 -78
-388 -78
-420 -74
-488 -102
-464 -106
-484 -114
-480 -110
-464 -122
-476 -100
-432 -124
-488 -140
-488 -160
-432 -124
-444 -134
-452 -106
-456 -116
-500 -134
-504 -136
-548 -196
-516 -190
-584 -212
-572 -190
-524 -148
-552 -158
-532 -156
-508 -124
-464 -82
-452 -72
-468 -62
-408 -52
-424 -58
-424 -60
-392 -42
-428 -48
-460 -14
-476 24
-476 66
-472 90
-532 86
-488 92
-484 80
-448 108
-488 142
-484 110
-436 104
-468 88
-432 82
-436 50
-420 54
-392 48
-428 56
-436 82
-424 46
-416 2
-380 8
-360 -14
-416 -18
-440 -4
-436 -4
-436 8
-452 12
-440 42
-420 72
-448 110
-488 116
-472 134
-504 154
-532 166
-516 190
-500 158
-476 176
-512 168
-508 138
-528 118
-520 118
-468 144
-488 132
-416 126
-456 160
-436 184
-460 206
-440 206
-452 192
-476 174
-508 184
-524 196
-504 200
-520 236
-528 246
-520 226
-500 218
-448 158
-492 168
-472 152
-500 164
-488 162
-472 174
-484 168
-496 154
-440 138
-480 146
-484 186
-456 150
-488 168
-472 152
-484 152
-456 160
-484 154
-456 136
-520 112
-456 52
-436 58
-464 42
-464 28
-472 6
-464 18
-444 2
-460 22
-504 34
-436 24
-404 30
-460 38
-456 18
-512 -20
-508 8
-488 48
-540 28
-492 60
-444 72
-376 56
-416 56
-456 82
-452 116
-460 136
-444 122
-444 140
-508 156
-500 180
-520 202
-504 236
-468 194
-520 192
-500 180
-484 156
-504 160
-480 112
-520 112
-532 134
-484 94
-488 74
-460 56
-460 66
-388 28
-360 32
-380 68
-392 82
-444 70
-456 22
-428 60
-424 58
-468 50
-468 38
-448 66
-476 66
-472 74
-440 76
-436 36
-428 48
-432 34
-476 28
-460 40
-456 62
-428 92
-500 82
-504 52
-476 52
-488 70
-496 114
-476 86
-424 66
-448 80
-440 96
-452 108
-448 132
-444 122
-420 118
-448 150
-420 152
-388 162
-440 134
-404 102
-468 82
-452 118
-452 122
-404 76
-444 48
-432 34
-440 32
-416 26
-444 16
-436 44
-432 -2
-452 -32
-448 -20
-432 -12
-452 30
-456 16
-452 -2
-484 -12
-480 -28
-428 -32
-480 -34
-536 -2
-496 4
-444 -2
-380 -20
-404 -62
-396 -66
-396 -82
-436 -116
-444 -114
-420 -130
-396 -162
-448 -182
-480 -194
-464 -224
-452 -180
-428 -162
-452 -184
-384 -140
-384 -128
-380 -112
-392 -104
-404 -74
-416 -40
-424 -38
-420 -30
-364 8
-404 -40
-412 -34
-480 -2
-512 -16
-500 -28
-488 -30
-488 -48
-480 -76
-512 -54
-472 -74
-460 -58
-464 -30
-496 18
-488 0
-460 -14
-444 -14
-496 -18
-500 0
-460 0
-464 -16
-420 -28
-384 -22
-424 -62
-456 -72
-436 -88
-452 -116
-424 -126
-480 -152
-508 -152
-500 -128
-432 -146
-476 -94
-464 -140
-488 -144
-440 -132
-484 -124
-444 -94
-476 -110
-532 -112
-508 -128
-460 -156
-476 -166
-552 -196
-568 -206
-552 -212
-468 -208
-524 -218
-572 -216
-564 -204
-492 -198
-476 -194
-488 -214
-440 -174
-428 -154
-376 -130
-388 -118
-436 -122
-468 -134
-384 -122
-384 -94
-432 -112
-444 -90
-408 -82
-428 -102
-388 -106
-408 -62
-448 -106
-436 -108
-452 -62
-424 -34
-452 -26
-456 -34
-452 -18
-432 -34
-424 10
-496 -8
-480 -62
-460 -92
-464 -66
-464 -102
-536 -120
-512 -128
-504 -118
-504 -116
-456 -98
-484 -160
-492 -184
-516 -168
-516 -178
-508 -174
-536 -176
-552 -200
-552 -230
-580 -206
-584 -214
-500 -196
-552 -224
-536 -248
-492 -244
-488 -234
-448 -214
-484 -214
-472 -210
-516 -240
-504 -240
-520 -232
-528 -236
-480 -240
-488 -216
-492 -232
-540 -236
-536 -232
-512 -228
-512 -214
-524 -204
-552 -218
-504 -178
-496 -166
-544 -188
-520 -204
-512 -216
-520 -220
-556 -232
-508 -202
-508 -198
-512 -182
-512 -190
-484 -182
-516 -194
-536 -200
-516 -216
-512 -184
-508 -178
-476 -188
-492 -210
-472 -186
-508 -196
-500 -200
-532 -238
-512 -242
-564 -248
-564 -254
-560 -256
-564 -250
-580 -276
-552 -260
-580 -274
-548 -258
-536 -262
-584 -272
-576 -290
-464 -238
-520 -276
-548 -282
-560 -290
-512 -276
-512 -252
-460 -234
-484 -208
-516 -244
-524 -256
-560 -274
-596 -292
-560 -292
-580 -286
-552 -304
-608 -308
-524 -292
-516 -276
-576 -318
-608 -332
-604 -322
-588 -302
-632 -298
-592 -308
-580 -308
-560 -312
-560 -310
-596 -328
-604 -338
-608 -324
-648 -354
-672 -362
-656 -356
-632 -348
-624 -342
-644 -348
-692 -362
-648 -348
-652 -348
-628 -340
-596 -310
-568 -312
-580 -328
-668 -358
-612 -336
-676 -362
-652 -350
-624 -334
-656 -354
-648 -356
-652 -354
-620 -328
-584 -314
-608 -320
-520 -284
-552 -278
-532 -280
-476 -264
-452 -230
-460 -238
-440 -194
-456 -208
-452 -148
-480 -140
-456 -130
-476 -134
-484 -164
-480 -156
-440 -144
-492 -130
-456 -124
-456 -104
-432 -104
-444 -98
-488 -58
-468 -60
-396 -72
-408 -128
-456 -116
-452 -82
-460 -82
-468 -78
-476 -114
-492 -70
-496 -52
-504 -84
-468 -110
-456 -104
-472 -116
-492 -146
-468 -110
-464 -136
-516 -142
-500 -142
-456 -90
-392 -52
-456 -86
-464 -86
-464 -92
-512 -104
-456 -90
-460 -96
-456 -94
-400 -56
-392 -16
-376 6
-376 10
-404 -2
-396 -36
-412 -62
-416 -96
-460 -68
-452 -52
-504 -66
-428 -74
-456 -98
-436 -110
-400 -102
-492 -116
-484 -114
-460 -90
-456 -122
-460 -106
-460 -102
-472 -56
-436 -56
-456 -42
-452 -48
-472 16
-472 38
-468 64
-384 70
-404 22
-420 82
-432 76
-416 48
-400 40
-396 46
-392 52
-384 24
-412 28
-452 14
-444 -2
-452 12
-468 6
-484 6
-448 10
-492 -22
-448 -22
-424 -18
-444 -24
-476 -14
-468 38
-388 6
-440 10
-444 36
-444 46
-440 36
-448 18
-448 48
-444 32
-488 42
-500 54
-476 32
-464 0
-504 -12
-500 -14
-496 -10
-468 10
-464 -8
-420 10
-416 26
-432 50
-416 46
-440 58
-476 14
-520 2
-500 0
-480 12
-444 12
-436 -34
-412 -50
-364 -6
-348 36
-352 78
-380 84
-440 96
-424 70
-416 46
-488 28
-460 28
-460 30
-424 14
-400 8
-384 16
-408 36
-452 16
-476 0
-436 2
-432 4
-380 32
-368 64
-352 88
-396 126
-408 114
-400 122
-452 108
-492 108
-464 108
-452 100
-420 108
-432 78
-384 56
-456 78
-504 60
-504 52
-516 74
-460 78
-480 64
-444 88
-508 82
-476 86
-448 88
-464 68
-460 32
-460 32
-428 48
-444 70
-436 66
-400 40
-404 34
-424 22
-460 6
-428 22
-444 20
-464 60
-416 54
-432 28
-440 40
-432 48
-408 8
-432 -18
-436 -20
-460 -40
-424 -38
-420 -54
-440 -46
-352 -10
-356 -44
-336 -50
-352 -96
-356 -98
-380 -92
-396 -100
-464 -48
-484 -40
-444 -8
-408 -8
-388 -20
-408 -34
-392 -42
-372 -72
-364 -62
-344 -66
-400 -92
-360 -110
-364 -112
-364 -98
-352 -120
-408 -122
-416 -114
-452 -112
-436 -114
-440 -112
-388 -94
-364 -98
-392 -122
-400 -122
-424 -120
-428 -108
-420 -78
-460 -90
-408 -94
-416 -118
-404 -114
-432 -108
-460 -142
-496 -186
-504 -178
-492 -162
-488 -146
-504 -138
-540 -138
-504 -138
-444 -116
-456 -128
-460 -112
-468 -132
-460 -136
-500 -162
-504 -192
-448 -122
-484 -122
-460 -92
-412 -68
-472 -102
-448 -86
-464 -116
-484 -134
-512 -136
-460 -108
-424 -124
-448 -140
-480 -148
-500 -118
-508 -110
-448 -122
-408 -124
-400 -106
-432 -128
-404 -100
-456 -82
-428 -70
-396 -108
-400 -92
-428 -96
-424 -94
-416 -108
-484 -98
-484 -130
-492 -138
-472 -112
-476 -90
-500 -74
-492 -54
-452 -64
-484 -70
-480 -90
-432 -100
-504 -134
-492 -164
-504 -182
-496 -158
-532 -172
-496 -148
-456 -126
-460 -134
-368 -116
-372 -88
-452 -122
-396 -120
-380 -100
-436 -140
-452 -134
-456 -130
-428 -124
-416 -124
-472 -134
-428 -92
-420 -106
-436 -114
-468 -108
-464 -118
-460 -84
-444 -82
-480 -98
-512 -114
-472 -90
-444 -96
-440 -130
-468 -156
-456 -154
-440 -174
-456 -170
-428 -166
-460 -132
-428 -100
-376 -86
-428 -28
-448 -20
-460 -16
-440 20
-404 48
-384 46
-372 44
-440 50
-404 36
-388 26
-428 26
-412 62
-412 98
-460 88
-492 110
-456 104
-472 86
-476 140
-464 162
-464 154
-472 146
-440 130
-452 110
-444 66
-408 56
-440 40
-416 20
-452 -16
-388 58
-420 8
-416 -10
-440 18
-440 -10
-428 -24
-388 -38
-408 -46
-444 -58
-420 -84
-384 -88
-412 -72
-396 -98
-440 -80
-448 -78
-436 -100
-460 -92
-456 -62
-408 -46
-380 -54
-404 -64
-408 -78
-444 -118
-444 -112
-440 -68
-460 -98
-412 -114
-492 -122
-408 -78
-368 -34
-352 -42
-372 -18
-360 -14
-336 -14
-352 -6
-372 -38
-404 -34
-396 -26
-376 -44
-328 -66
-352 -44
-412 -46
-368 -62
-376 -68
-376 -92
-452 -94
-448 -108
-452 -122
-496 -126
-452 -116
-464 -124
-456 -140
-440 -110
-440 -138
-448 -140
-424 -146
-416 -132
-412 -160
-448 -180
-512 -208
-508 -228
-500 -240
-500 -270
-548 -266
-576 -302
-576 -302
-588 -300
-556 -284
-504 -262
-584 -284
-596 -294
-548 -278
-548 -286
-564 -292
-564 -288
-496 -270
-528 -278
-560 -294
-548 -296
-520 -288
-500 -282
-572 -308
-596 -320
-576 -306
-552 -296
-568 -292
-504 -296
-560 -308
-564 -308
-536 -298
-512 -268
-548 -254
-500 -244
-508 -218
-576 -250
-556 -250
-528 -270
-564 -256
-528 -244
-548 -266
-580 -274
-616 -272
-544 -252
-480 -236
-484 -232
-496 -228
-532 -262
-592 -282
-560 -262
-560 -256
-580 -258
-576 -290
-608 -292
-580 -290
-584 -316
-564 -308
-588 -328
-528 -302
-520 -298
-580 -314
-544 -282
-536 -280
-552 -302
-564 -290
-572 -288
-552 -278
-568 -298
-524 -276
-536 -288
-532 -270
-528 -266
-484 -244
-492 -246
-492 -242
-560 -264
-612 -288
-588 -284
-572 -294
-548 -274
-604 -256
-540 -268
-500 -268
-540 -268
-552 -262
-496 -256
-552 -266
-592 -278
-632 -316
-596 -302
-564 -300
-552 -294
-532 -300
-600 -332
-636 -346
-652 -354
-596 -332
-572 -316
-640 -348
-596 -336
-672 -362
-700 -370
-660 -362
-656 -352
-640 -342
-620 -326
-580 -298
-528 -278
-552 -254
-576 -282
-552 -288
-452 -270
-504 -266
-444 -240
-424 -242
-428 -200
-440 -214
-460 -220
-464 -240
-480 -228
-412 -182
-432 -166
-500 -180
-528 -178
-532 -212
-540 -222
-508 -204
-532 -206
-476 -178
-512 -206
-548 -220
-524 -234
-492 -214
-512 -208
-476 -174
-480 -186
-480 -166
-512 -184
-536 -186
-484 -170
-436 -180
-420 -172
-420 -162
-392 -146
-516 -198
-472 -200
-488 -238
-504 -226
-456 -226
-488 -226
-456 -214
-500 -234
-520 -238
-472 -196
-456 -200
-496 -232
-492 -240
-428 -242
-452 -224
-488 -240
-544 -292
-524 -262
-524 -254
-580 -290
-568 -270
-564 -228
-520 -242
-472 -254
-532 -284
-528 -272
-544 -296
-544 -298
-588 -310
-588 -296
-528 -284
-500 -250
-436 -222
-480 -238
-492 -230
-452 -224
-476 -214
-476 -212
-540 -216
-556 -248
-556 -266
-564 -274
-576 -298
-588 -314
-580 -310
-592 -312
-588 -320
-568 -292
-568 -288
-572 -280
-572 -290
-560 -274
-520 -280
-532 -268
-568 -284
-508 -280
-468 -274
-552 -298
-532 -300
-544 -296
-548 -310
-588 -320
-560 -302
-532 -304
-548 -310
-600 -318
-556 -300
-528 -278
-552 -292
-580 -300
-552 -308
-552 -302
-556 -300
-572 -272
-484 -256
-544 -292
-556 -292
-572 -298
-520 -282
-496 -270
-512 -274
-444 -238
-456 -212
-484 -230
-496 -228
-504 -250
-520 -226
-516 -212
-536 -242
-504 -212
-536 -190
-528 -234
-576 -254
-516 -242
-476 -192
-480 -176
-444 -162
-412 -180
-472 -224
-484 -254
-484 -264
-500 -254
-516 -288
-544 -296
-568 -316
-600 -304
-568 -302
-600 -298
-616 -302
-564 -280
-568 -286
-588 -294
-600 -306
-628 -330
-576 -296
-612 -318
-584 -296
-640 -330
-600 -310
-612 -294
-620 -302
-588 -288
-568 -284
-652 -326
-584 -302
-520 -292
-512 -288
-520 -272
-528 -284
-500 -262
-484 -230
-504 -234
-496 -250
-480 -240
-496 -252
-528 -276
-552 -302
-548 -302
-604 -334
-576 -314
-592 -316
-616 -330
-592 -324
-600 -316
-588 -304
-604 -328
-592 -326
-624 -344
-596 -328
-572 -324
-588 -328
-564 -300
-524 -296
-484 -268
-520 -282
-556 -294
-512 -268
-508 -256
-540 -262
-524 -244
-456 -208
-468 -230
-484 -224
-488 -196
-504 -196
-504 -216
-500 -196
-460 -174
-460 -194
-516 -204
-508 -216
-540 -218
-540 -224
-536 -196
-484 -192
-492 -214
-512 -260
-532 -252
-524 -264
-572 -264
-588 -266
-556 -248
-556 -258
-548 -270
-504 -288
-480 -266
-516 -286
-540 -290
-540 -274
-464 -250
-512 -272
-560 -320
-576 -310
-568 -296
-560 -280
-560 -292
-568 -314
-568 -302
-560 -292
-548 -276
-548 -252
-532 -258
-520 -258
-544 -258
-556 -280
-556 -280
-536 -262
-544 -244
-624 -286
-572 -272
-564 -270
-544 -272
-556 -278
-560 -294
-544 -278
-508 -248
-504 -236
-516 -256
-472 -232
-544 -230
-552 -236
-524 -222
-504 -200
-496 -244
-556 -252
-500 -236
-520 -238
-496 -238
-476 -250
-444 -238
-500 -244
-560 -268
-568 -268
-544 -248
-492 -204
-504 -234
-492 -238
-496 -210
-508 -188
-512 -186
-520 -184
-524 -196
-512 -194
-508 -204
-500 -206
-536 -208
-508 -194
-480 -206
-512 -230
-524 -218
-536 -246
-516 -230
-560 -258
-564 -252
-536 -242
-512 -236
-484 -202
-432 -204
-508 -204
-548 -228
-540 -228
-516 -220
-440 -188
-400 -148
-412 -128
-428 -174
-456 -190
-500 -216
-544 -258
-512 -232
-452 -224
-508 -262
-516 -252
-516 -270
-484 -248
-540 -256
-536 -252
-560 -258
-532 -270
-524 -248
-540 -224
-468 -214
-472 -216
-480 -194
-504 -174
-496 -174
-468 -166
-464 -168
-488 -208
-520 -224
-496 -218
-476 -236
-500 -236
-528 -230
-508 -234
-540 -236
-548 -222
-520 -200
-472 -168
-452 -128
-472 -130
-476 -112
-452 -90
-400 -80
-452 -56
-432 -48
-468 -44
-464 -74
-440 -92
-472 -84
-480 -102
-436 -90
-492 -84
-460 -80
-460 -92
-432 -82
-500 -92
-424 -110
-432 -92
-488 -140
-456 -106
-460 -112
-492 -114
-480 -102
-488 -96
-444 -100
-480 -106
-496 -116
-492 -98
-460 -134
-480 -130
-476 -132
-456 -122
-444 -108
-476 -128
-520 -134
-480 -138
-460 -102
-460 -114
-468 -118
-488 -118
-488 -162
-484 -112
-516 -154
-512 -146
-500 -122
-496 -130
-492 -158
-496 -142
-492 -130
-472 -150
-488 -142
-460 -170
-476 -162
-440 -146
-424 -160
-428 -178
-440 -170
-464 -218
-516 -228
-520 -208
-520 -244
-560 -266
-516 -254
-540 -254
-544 -274
-544 -252
-560 -286
-540 -272
-556 -284
-560 -294
-528 -278
-424 -230
-436 -228
-488 -268
-540 -288
-516 -266
-512 -260
-504 -254
-548 -266
-548 -256
-556 -262
-544 -236
-544 -234
-580 -268
-548 -234
-596 -278
-564 -258
-588 -260
-552 -262
-556 -242
-584 -236
-600 -224
-528 -220
-520 -210
-488 -216
-464 -200
-472 -184
-448 -150
-464 -196
-456 -174
-416 -140
-424 -136
-400 -168
-424 -162
-500 -178
-492 -170
-508 -172
-448 -156
-496 -176
-512 -186
-528 -192
-576 -216
-524 -192
-504 -172
-440 -144
-436 -144
-440 -136
-460 -158
-424 -184
-404 -176
-404 -168
-424 -154
-384 -160
-480 -182
-484 -192
-444 -204
-460 -186
-420 -148
-488 -128
-452 -114
-440 -138
-496 -118
-452 -88
-448 -112
-444 -126
-464 -136
-440 -152
-428 -120
-472 -174
-520 -186
-528 -184
-516 -200
-520 -184
-500 -178
-460 -170
-480 -184
-472 -156
-496 -170
-468 -180
-536 -158
-488 -138
-504 -148
-532 -176
-520 -178
-544 -176
-552 -162
-488 -110
-452 -94
-416 -60
-376 -60
-408 -84
-416 -92
-448 -122
-452 -150
-464 -170
-416 -162
-424 -178
-408 -186
-420 -188
-460 -214
-488 -232
-500 -234
-476 -252
-536 -262
-528 -260
-544 -244
-544 -266
-536 -274
-508 -266
-524 -266
-528 -282
-516 -284
-424 -250
-420 -244
-484 -246
-492 -246
-520 -262
-496 -222
-556 -258
-556 -252
-496 -228
-496 -234
-556 -270
-552 -288
-540 -282
-528 -284
-532 -270
-572 -294
-580 -302
-516 -270
-540 -266
-588 -296
-552 -280
-548 -276
-544 -252
-524 -250
-548 -280
-520 -270
-552 -298
-512 -282
-504 -282
-484 -266
-476 -256
-568 -278
-568 -284
-528 -278
-476 -252
-500 -244
-472 -250
-492 -238
-500 -260
-548 -276
-568 -290
-524 -276
-520 -264
-524 -252
-528 -250
-496 -250
-492 -246
-516 -242
-504 -234
-504 -232
-504 -220
-528 -226
-524 -232
-508 -220
-528 -210
-592 -232
-580 -230
-504 -190
-576 -208
-528 -210
-544 -216
-564 -208
-572 -232
-604 -234
-496 -200
-432 -154
-424 -156
-452 -146
-448 -136
-456 -118
-448 -112
-384 -116
-412 -108
-412 -122
-428 -88
-352 -46
-392 -32
-404 -58
-412 -62
-412 -50
-436 -82
-380 -62
-416 -28
-416 14
-432 -26
-448 -20
-452 -22
-424 -18
-440 -34
-480 0
-448 16
-400 -22
-428 8
-444 -2
-468 -34
-504 -46
-480 -84
-488 -84
-448 -90
-420 -88
-404 -56
-380 -48
-388 -24
-404 -38
-380 -54
-444 6
-408 32
-380 -12
-412 -24
-392 -24
-424 -44
-440 -58
-476 -44
-448 -58
-520 -70
-508 -20
-536 -24
-500 -36
-436 -44
-364 -86
-400 -84
-388 -62
-348 -42
-328 -50
-332 -50
-352 -58
-400 -82
-392 -108
-448 -138
-440 -116
-508 -112
-504 -100
-512 -86
-492 -72
-420 -32
-408 -36
-432 -24
-392 -28
-408 -34
-396 -40
-392 0
-416 -22
-416 -22
-424 -52
-464 -40
-460 -46
-416 -50
-392 -64
-464 -32
-412 -8
-448 16
-432 2
-480 32
-472 -6
-468 2
-472 42
-452 30
-384 54
-440 66
-448 68
-432 64
-420 88
-416 116
-428 90
-400 120
-444 164
-436 184
-468 170
-488 158
-464 152
-460 148
-464 162
-500 184
-468 150
-472 154
-476 150
-468 128
-452 142
-476 150
-500 152
-484 146
-424 134
-456 114
-452 148
-492 168
-500 162
-520 138
-492 120
-468 118
-424 78
-436 56
-412 94
-432 86
-448 118
-452 116
-464 110
-468 80
-480 102
-512 44
-488 52
-472 86
-516 100
-464 66
-488 70
-504 36
-508 28
-460 54
-452 58
-436 62
-416 80
-432 100
-412 50
-440 48
-468 56
-448 52
-488 14
-488 -32
-512 -4
-500 -14
-480 -4
-440 36
-484 28
-460 38
-416 40
-372 42
-336 24
-352 56
-384 40
-348 46
-376 48
-360 82
-404 72
-432 102
-408 84
-472 94
-472 70
-464 80
-456 92
-500 86
-500 98
-480 94
-464 126
-452 130
-432 118
-456 150
-500 170
-532 200
-524 210
-528 220
-516 220
-556 212
-548 218
-468 188
-440 148
-428 168
-424 166
-436 146
-472 148
-412 148
-420 126
-448 106
-472 96
-488 114
-516 98
-484 84
-508 120
-476 138
-448 132
-500 160
-500 176
-496 186
-484 204
-492 188
-520 184
-512 176
-528 192
-528 196
-524 218
-500 206
-492 206
-520 212
-480 206
-496 214
-496 242
-464 200
-500 248
-488 254
-520 262
-596 306
-576 294
-580 306
-592 310
-592 316
-624 334
-620 322
-588 290
-576 278
-524 268
-520 276
-528 278
-496 268
-528 272
-564 294
-584 314
-648 340
-620 332
-608 312
-564 306
-604 328
-640 340
-600 332
-588 320
-588 322
-556 310
-644 340
-576 316
-568 300
-532 290
-564 294
-576 318
-612 324
-556 278
-548 288
-504 256
-496 266
-532 264
-520 254
-524 266
-540 272
-536 268
-568 284
-596 302
-560 304
-572 306
-572 304
-588 306
-612 316
-632 302
-584 288
-580 296
-568 294
-576 294
-604 324
-620 342
-588 312
-608 328
-584 316
-512 280
-552 272
-548 274
-456 248
-492 248
-548 280
-544 274
-520 256
-552 288
-532 294
-484 260
-508 238
-432 238
-476 250
-520 266
-532 266
-456 244
-516 278
-520 264
-448 244
-448 256
-504 256
-496 260
-480 248
-464 230
-424 206
-420 218
-484 210
-480 230
-504 210
-480 242
-480 218
-472 192
-508 206
-476 204
-444 206
-452 198
-484 182
-480 182
-444 174
-440 162
-460 136
-488 170
-508 226
-508 226
-528 240
-480 232
-504 234
-488 226
-540 256
-580 292
-576 284
-556 276
-564 292
-552 272
-564 282
-496 264
-540 282
-600 302
-548 292
-512 270
-496 288
-508 252
-484 242
-476 234
-544 272
-508 266
-540 310
-572 322
-612 332
-604 318
-592 304
-552 278
-544 264
-516 256
-512 250
-480 246
-488 254
-488 236
-432 214
-460 226
-492 216
-496 204
-524 234
-448 228
-516 232
-512 250
-476 218
-496 234
-484 224
-468 226
-444 174
-408 140
-472 144
-472 134
-456 168
-512 208
-520 222
-508 212
-496 198
-472 210
-528 236
-516 240
-504 242
-536 274
-588 272
-548 258
-604 278
-528 226
-560 210
-516 230
-536 222
-552 212
-516 212
-536 218
-544 222
-552 244
-516 244
-476 238
-472 256
-496 236
-492 262
-500 238
-532 274
-536 266
-560 296
-556 298
-564 306
-564 308
-640 336
-612 312
-576 298
-548 278
-500 250
-516 254
-524 268
-520 264
-512 254
-528 250
-484 248
-528 254
-492 266
-564 262
-520 274
-564 278
-572 302
-552 306
-564 320
-616 338
-600 336
-668 362
-660 360
-600 338
-640 344
-664 360
-624 342
-580 320
-632 338
-588 316
-552 310
-600 326
-592 326
-644 344
-616 332
-640 350
-604 338
-592 332
-576 312
-568 312
-592 330
-620 346
-576 326
-568 304
-552 302
-556 312
-592 326
-600 332
-600 336
-584 330
-572 320
-568 318
-564 308
-524 274
-532 290
-548 286
-544 286
-508 294
-472 266
-488 278
-524 268
-556 288
-568 306
-568 292
-576 290
-592 302
-512 276
-512 236
-508 236
-440 202
-488 236
-532 244
-524 244
-472 232
-460 204
-512 222
-512 200
-496 194
-516 180
-516 184
-488 170
-412 158
-460 126
-452 136
-460 124
-464 124
-448 132
-432 124
-492 122
-476 140
-488 158
-444 146
-460 158
-444 132
-516 140
-520 164
-516 150
-464 124
-440 128
-456 88
-468 90
-420 62
-436 30
-436 46
-436 82
-416 62
-428 36
-416 56
-404 64
-388 62
-412 52
-436 70
-468 86
-516 74
-448 90
-436 108
-464 116
-448 98
-488 92
-496 124
-472 102
-472 68
-460 68
-456 72
-440 82
-452 138
-488 136
-484 170
-492 158
-464 124
-524 122
-524 96
-504 90
-520 82
-524 96
-488 68
-488 68
-504 90
-540 90
-500 48
-492 44
-500 32
-476 -16
-452 -44
-448 -50
-472 -38
-504 -26
-508 -26
-444 -16
-440 -6
-384 8
-440 -8
-448 42
-448 40
-420 26
-452 22
-460 6
-476 12
-456 6
-452 -24
-436 -14
-436 8
-388 -28
-380 -30
-460 8
-412 6
-412 10
-472 10
-436 56
-484 54
-476 78
-444 46
-476 74
-468 58
-440 42
-460 24
-460 22
-436 58
-448 56
-448 18
-432 20
-448 38
-444 16
-420 10
-432 -14
-408 6
-432 6
-356 8
-348 -4
-364 -2
-408 2
-424 34
-444 34
-472 12
-428 26
-436 52
-452 58
-484 64
-508 72
-472 38
-464 58
-424 58
-456 28
-468 6
-444 -16
-500 -34
-484 -48
-480 -34
-476 -44
-516 -68
-484 -52
-496 -24
-464 -2
-484 4
-496 -4
-464 -22
-456 -46
-460 -40
-460 -30
-464 -22
-480 -50
-476 -20
-380 -26
-380 0
-412 0
-392 -18
-420 -64
-420 -56
-388 -80
-392 -130
-452 -136
-400 -72
-388 -88
-468 -82
-472 -102
-408 -84
-476 -74
-484 -70
-436 -58
-440 -76
-480 -86
-492 -74
-460 -60
-472 -52
-460 -44
-412 -26
-404 -14
-400 2
-420 24
-440 64
-448 42
-440 72
-392 70
-460 114
-432 132
-444 118
-424 102
-448 90
-460 108
-512 122
-468 124
-436 92
-468 112
-424 116
-384 124
-440 154
-404 152
-440 202
-456 188
-516 192
-536 208
-528 216
-580 238
-468 220
-444 200
-476 182
-500 200
-488 198
-504 186
-536 200
-492 196
-464 194
-524 218
-540 226
-524 238
-512 244
-524 250
-524 260
-456 246
-508 264
-520 266
-572 290
-536 252
-540 250
-524 260
-524 246
-512 240
-488 226
-508 230
-544 240
-504 218
-524 218
-520 224
-544 222
-528 232
-516 246
-540 252
-508 234
-560 250
-544 230
-464 226
-484 234
-504 196
-500 200
-500 200
-452 218
-492 214
-500 244
-536 254
-512 246
-524 272
-544 264
-536 254
-568 258
-532 264
-512 242
-484 244
-428 206
-460 220
-488 242
-492 240
-520 250
-544 276
-532 298
-500 284
-564 302
-536 298
-604 332
-580 316
-516 294
-500 292
-500 290
-552 288
-572 302
-584 328
-564 302
-556 312
-492 276
-524 286
-540 280
-544 296
-532 290
-560 284
-536 276
-540 266
-516 246
-552 268
-472 222
-512 252
-528 242
-568 260
-512 248
-524 254
-520 256
-528 232
-532 234
-544 244
-616 264
-560 254
-524 252
-572 256
-580 274
-552 280
-532 268
-556 296
-576 318
-540 308
-524 296
-552 292
-568 310
-572 298
-576 302
-564 304
-528 260
-460 240
-448 206
-456 228
-476 236
-512 262
-536 252
-552 244
-544 256
-532 270
-500 252
-496 240
-524 236
-500 220
-528 226
-508 172
-492 210
-492 214
-516 230
-492 222
-492 210
-508 236
-560 252
-560 288
-572 274
-492 248
-528 260
-564 284
-484 254
-520 274
-544 280
-544 270
-560 268
-584 264
-544 264
-496 238
-508 214
-492 220
-496 218
-500 190
-488 168
-512 168
-520 192
-452 168
-488 156
-508 126
-504 92
-528 86
-520 112
-520 116
-548 120
-476 84
-528 122
-544 134
-480 114
-528 136
-500 106
-532 126
-468 120
-476 116
-464 118
-456 126
-436 94
-472 94
-524 76
-472 70
-400 76
-484 152
-508 150
-480 154
-464 122
-404 102
-404 88
-436 102
-432 90
-460 96
-400 48
-436 42
-440 40
-444 12
-464 28
-484 26
-492 20
-440 22
-444 14
-468 32
-484 50
-500 36
-460 14
-444 -12
-456 -24
-476 -44
-472 -24
-448 -36
-456 -50
-488 -10
-440 16
-420 30
-440 58
-444 56
-440 40
-428 18
-456 4
-464 -18
-452 -42
-432 -40
-460 -44
-436 -36
-456 -22
-428 -2
-436 28
-364 -30
-404 -68
-396 -74
-388 -104
-440 -124
-432 -112
-424 -144
-448 -136
-464 -136
-440 -134
-452 -160
-484 -194
-504 -182
-456 -166
-476 -176
-456 -168
-492 -198
-452 -200
-464 -206
-468 -224
-436 -234
-356 -186
-428 -180
-448 -180
-500 -204
-512 -210
-452 -206
-484 -192
-468 -184
-464 -176
-488 -194
-544 -206
-504 -174
-516 -206
-540 -246
-532 -240
-564 -258
-508 -250
-556 -268
-560 -288
-552 -282
-548 -286
-520 -248
-528 -250
-524 -270
-512 -250
-528 -276
-520 -276
-536 -282
-524 -278
-540 -270
-484 -238
-488 -224
-464 -214
-500 -224
-460 -218
-504 -216
-480 -228
-504 -244
-476 -208
-464 -198
-428 -188
-436 -166
-476 -172
-496 -172
-460 -204
-508 -236
-496 -250
-544 -268
-568 -286
-536 -280
-580 -308
-592 -322
-576 -318
-604 -320
-552 -316
-560 -312
-608 -316
-556 -298
-540 -294
-556 -310
-596 -328
-572 -304
-536 -280
-520 -284
-572 -296
-536 -274
-548 -284
-532 -260
-564 -296
-576 -302
-604 -324
-632 -344
-576 -314
-520 -296
-488 -270
-488 -278
-572 -318
-540 -308
-564 -302
-572 -318
-608 -330
-628 -324
-576 -310
-588 -322
-596 -304
-644 -344
-596 -328
-652 -354
-624 -338
-596 -326
-532 -310
-552 -302
-528 -276
-560 -308
-576 -298
-576 -312
-576 -308
-528 -286
-552 -276
-536 -284
-496 -250
-528 -254
-560 -272
-544 -280
-524 -282
-556 -298
-552 -282
-600 -292
-584 -280
-584 -284
-560 -276
-504 -266
-508 -252
-544 -254
-544 -254
-536 -246
-508 -212
-500 -226
-500 -218
-512 -204
-552 -220
-520 -212
-496 -216
-460 -184
-492 -172
-508 -186
-536 -206
-492 -188
-512 -196
-472 -196
-500 -208
-508 -168
-480 -150
-488 -144
-528 -172
-516 -156
-508 -148
-480 -144
-452 -154
-512 -162
-512 -126
-484 -98
-484 -92
-484 -128
-484 -126
-404 -120
-428 -122
-444 -110
-460 -106
-412 -82
-464 -76
-420 -96
-428 -120
-452 -124
-408 -156
-416 -134
-428 -116
-456 -108
-468 -134
-472 -156
-440 -134
-448 -116
-372 -120
-432 -136
-448 -170
-480 -184
-512 -218
-532 -242
-524 -242
-548 -250
-508 -218
-544 -244
-508 -236
-500 -242
-472 -236
-552 -242
-532 -216
-480 -208
-456 -174
-500 -166
-452 -164
-448 -134
-428 -120
-488 -180
-456 -196
-448 -192
-496 -200
-516 -220
-480 -220
-508 -196
-436 -186
-416 -168
-400 -164
-400 -150
-412 -172
-448 -158
-416 -164
-444 -158
-468 -202
-484 -222
-444 -226
-464 -240
-428 -190
-468 -194
-448 -170
-364 -138
-356 -110
-400 -110
-404 -136
-380 -146
-436 -128
-460 -168
-472 -178
-496 -204
-500 -216
-488 -222
-508 -202
-452 -166
-448 -162
-460 -158
-472 -182
-476 -192
-488 -214
-472 -204
-488 -212
-520 -220
-524 -208
-564 -210
-528 -204
-480 -204
-484 -208
-540 -196
-512 -198
-536 -184
-468 -150
-396 -154
-392 -150
-460 -188
-436 -172
-416 -172
-472 -180
-428 -182
-488 -188
-464 -174
-424 -166
-452 -178
-496 -176
-460 -150
-508 -160
-484 -156
-496 -152
-484 -130
-448 -104
-448 -102
-468 -126
-460 -130
-420 -90
-432 -44
-472 -84
-464 -122
-440 -130
-416 -88
-452 -98
-468 -116
-464 -102
-464 -114
-444 -118
-428 -102
-416 -112
-436 -82
-488 -114
-480 -110
-492 -130
-480 -98
-424 -114
-480 -132
-488 -152
-460 -132
-452 -130
-460 -118
-476 -64
-448 -72
-448 -114
-452 -108
-492 -126
-508 -104
-476 -96
-476 -98
-512 -96
-536 -118
-500 -150
-536 -200
-488 -218
-436 -212
-444 -200
-444 -188
-468 -216
-460 -200
-484 -176
-476 -200
-444 -180
-492 -180
-428 -144
-452 -146
-416 -152
-460 -158
-468 -186
-480 -186
-504 -182
-492 -178
-528 -168
-536 -196
-488 -202
-552 -214
-540 -228
-552 -202
-468 -176
-456 -132
-504 -128
-484 -114
-440 -86
-440 -104
-452 -110
-424 -100
-384 -90
-436 -78
-460 -64
-480 -74
-416 -50
-396 -24
-396 -22
-396 16
-428 10
-496 -26
-472 -16
-476 -46
-508 -72
-524 -62
-516 -36
-504 -48
-448 -28
-516 -16
-484 -4
-472 4
-508 -32
-520 -34
-492 -48
-468 -80
-480 -90
-476 -72
-444 -80
-516 -94
-472 -96
-444 -108
-448 -68
-420 -88
-444 -104
-388 -114
-460 -124
-476 -132
-500 -146
-484 -134
-460 -122
-424 -132
-436 -118
-444 -116
-488 -150
-464 -134
-476 -138
-476 -138
-488 -138
-484 -132
-520 -156
-456 -160
-472 -144
-460 -122
-448 -110
-480 -112
-436 -106
-436 -102
-476 -72
-472 -78
-436 -90
-428 -82
-432 -100
-436 -116
-512 -136
-496 -148
-496 -162
-540 -198
-520 -196
-476 -180
-504 -174
-508 -170
-488 -146
-416 -128
-348 -70
-360 -66
-372 -74
-376 -98
-404 -92
-412 -48
-440 -28
-472 -32
-432 -26
-468 -28
-432 -52
-444 -44
-436 -12
-452 -18
-444 -18
-456 -6
-456 -18
-476 22
-492 52
-496 68
-504 70
-472 58
-444 60
-432 50
-384 72
-460 90
-456 80
-492 82
-488 84
-440 52
-464 58
-444 60
-460 66
-512 76
-456 42
-452 26
-448 4
-412 2
-452 -10
-416 -46
-412 -56
-368 -84
-416 -68
-412 -82
-448 -112
-368 -74
-444 -76
-452 -52
-380 -52
-412 -72
-392 -12
-384 -30
-456 -6
-452 0
-428 14
-436 0
-404 -14
-416 -66
-412 -58
-452 -52
-468 -60
-456 -48
-428 -82
-396 -56
-360 -76
-400 -36
-444 -32
-440 -48
-492 -92
-492 -104
-484 -100
-508 -108
-468 -90
-504 -122
-476 -128
-516 -158
-480 -142
-480 -142
-436 -102
-496 -76
-452 -46
-460 -20
-500 -26
-520 -48
-548 -40
-496 -28
-460 -22
-464 -32
-448 -70
-472 -80
-464 -104
-528 -100
-468 -104
-480 -124
-436 -114
-444 -110
-456 -118
-424 -120
-484 -150
-436 -124
-468 -134
-456 -162
-468 -136
-480 -200
-492 -226
-424 -216
-456 -228
-436 -208
-528 -224
-516 -232
-484 -226
-452 -212
-452 -220
-488 -214
-480 -226
-436 -178
-424 -160
-480 -182
-480 -160
-484 -182
-560 -226
-504 -204
-492 -178
-484 -158
-464 -144
-440 -120
-492 -94
-500 -106
-520 -116
-524 -100
-520 -110
-516 -84
-540 -126
-544 -124
-500 -90
-464 -96
-472 -100
-516 -72
-472 -72
-424 -96
-484 -108
-476 -96
-488 -116
-496 -108
-444 -76
-432 -102
-416 -64
-424 -50
-412 -64
-412 -54
-408 -110
-424 -116
-440 -122
-388 -96
-420 -94
-448 -76
-432 -82
-384 -88
-392 -100
-416 -94
-432 -64
-456 -62
-420 -88
-460 -84
-504 -92
-516 -80
-520 -82
-560 -78
-528 -72
-508 -58
-444 -38
-424 -36
-496 -44
-464 -40
-440 -14
-484 -36
-496 -42
-440 -42
-484 -26
-492 -34
-472 -48
-444 -60
-404 -10
-452 -6
-492 0
-464 0
-488 -30
-480 -22
-496 4
-468 -8
-440 24
-392 34
-432 56
-472 82
-448 112
-444 116
-404 68
-396 80
-388 48
-396 -2
-424 38
-412 62
-460 116
-492 102
-460 86
-440 72
-436 66
-464 80
-456 90
-468 86
-432 64
-428 70
-412 24
-388 4
-452 10
-432 84
-468 90
-444 78
-460 82
-524 106
-504 106
-544 60
-508 52
-476 24
-504 62
-492 48
-496 40
-484 16
-456 32
-436 2
-476 6
-456 20
-468 30
-480 10
-404 -24
-432 -2
-432 22
-456 32
-476 0
-460 -24
-440 -6
-448 -6
-444 -22
-488 -14
-456 -6
-476 -20
-480 -20
-496 -20
-488 2
-432 -4
-392 38
-380 52
-372 14
-396 70
-420 54
-392 40
-420 38
-380 76
-448 104
-480 88
-500 110
-492 112
-504 92
-432 106
-488 142
-500 126
-452 124
-488 130
-460 108
-460 114
-416 96
-440 80
-448 56
-476 30
-432 46
-456 30
-444 52
-428 34
-448 14
-508 0
-524 -30
-496 -18
-464 -28
-476 -50
-488 -26
-508 0
-536 14
-484 24
-464 28
-492 24
-480 4
-448 8
-412 28
-444 6
-440 40
-496 58
-500 68
-492 54
-504 84
-468 56
-448 64
-372 80
-364 70
-380 74
-408 34
-456 32
-368 10
-400 -6
-384 -6
-436 -36
-360 -32
-332 -44
-332 -48
-332 -60
-332 -38
-444 -12
-500 -2
-472 -28
-444 -40
-444 -32
-508 -66
-424 -82
-460 -82
-416 -86
-412 -76
-388 -50
-400 -76
-460 -146
-440 -142
-468 -130
-460 -120
-476 -110
-496 -94
-480 -88
-448 -122
-408 -84
-396 -54
-432 -54
-400 -40
-408 -34
-408 -20
-420 -26
-440 -38
-448 2
-452 -10
-412 -4
-408 68
-468 88
-488 80
-532 88
-508 102
-468 92
-496 90
-456 96
-480 116
-448 118
-440 130
-400 124
-380 86
-388 108
-416 108
-456 78
-424 86
-436 80
-408 90
-408 94
-412 108
-452 132
-420 154
-488 168
-516 212
-472 198
-496 206
-488 154
-480 114
-524 122
-524 130
-484 134
-544 152
-556 166
-532 154
-508 150
-504 166
-516 140
-456 112
-460 86
-448 92
-432 88
-440 94
-488 130
-484 142
-544 162
-528 166
-516 154
-528 168
-548 182
-544 148
-496 146
-524 142
-528 156
-584 190
-564 208
-492 180
-528 186
-532 164
-488 154
-524 144
-480 112
-452 118
-500 86
-468 76
-408 20
-436 16
-456 38
-480 72
-464 108
-428 96
-444 80
-448 98
-508 126
-480 134
-484 132
-464 146
-472 136
-476 158
-476 148
-524 138
-528 168
-544 186
-552 206
-516 180
-464 146
-468 170
-484 186
-508 164
-504 168
-456 174
-492 184
-492 178
-500 182
-440 156
-536 164
-456 170
-416 134
-424 118
-460 124
-408 128
-388 166
-420 136
-428 134
-444 170
-400 162
-380 164
-436 188
-452 196
-484 224
-476 218
-540 228
-508 236
-512 254
-488 260
-452 244
-484 272
-540 290
-544 294
-524 294
-544 302
-528 272
-532 264
-564 288
-568 284
-552 294
-584 306
-608 330
-604 318
-580 310
-596 312
-564 312
-564 292
-524 280
-532 270
-520 264
-560 290
-560 272
-564 254
-572 284
-584 292
-552 306
-572 308
-588 324
-608 330
-600 326
-556 294
-596 310
-564 296
-604 324
-596 328
-548 296
-552 286
-516 274
-536 274
-584 284
-516 256
-548 244
-528 228
-532 248
-552 264
-564 284
-560 280
-572 268
-532 260
-480 216
-472 222
-508 232
-508 236
-556 238
-564 224
-532 210
-544 212
-564 218
-480 196
-512 216
-508 194
-484 198
-432 196
-480 194
-468 222
-520 244
-484 226
-464 212
-508 242
-496 250
-484 236
-484 256
-532 294
-500 256
-456 212
-524 230
-516 206
-512 214
-496 200
-528 224
-516 240
-552 232
-532 246
-560 248
-564 222
-520 210
-496 228
-516 232
-536 246
-560 280
-568 290
-548 302
-548 294
-564 308
-580 318
-544 292
-560 296
-604 314
-572 298
-552 276
-548 270
-504 262
-520 230
-552 218
-528 202
-504 174
-488 178
-492 174
-492 186
-552 208
-492 186
-472 174
-520 166
-516 160
-536 150
-484 150
-480 146
-468 156
-456 164
-460 158
-512 178
-552 182
-464 172
-468 166
-532 178
-536 180
-528 178
-508 156
-460 142
-496 162
-456 140
-504 154
-488 136
-476 152
-460 140
-488 164
-536 178
-556 172
-532 140
-460 128
-408 146
-476 154
-484 150
-488 132
-444 138
-484 164
-444 146
-476 176
-524 188
-488 200
-480 212
-472 190
-492 234
-524 234
-500 210
-500 206
-448 178
-452 186
-428 176
-460 182
-504 178
-460 178
-436 164
-448 178
-512 210
-496 216
-524 232
-512 228
-512 236
-516 256
-584 286
-572 284
-576 268
-568 248
-600 266
-536 260
-556 286
-612 322
-612 326
-648 340
-608 328
-624 338
-568 314
-552 310
-636 342
-608 330
-576 322
-548 306
-564 290
-544 286
-548 294
-592 296
-516 298
-568 276
-580 268
-560 282
-548 264
-520 234
-472 222
-464 236
-460 228
-480 232
-532 252
-520 272
-552 286
-556 298
-508 284
-516 280
-540 282
-552 306
-556 302
-552 298
-564 286
-556 304
-580 314
-548 310
-548 312
-600 322
-620 340
-656 360
-604 336
-632 334
-632 348
-596 328
-600 326
-612 338
-584 320
-584 318
-624 332
-584 310
-576 314
-584 304
-552 282
-500 266
-512 262
-528 274
-516 276
-528 280
-548 284
-532 290
-532 270
-532 278
-552 264
-496 264
-488 230
-480 228
-488 240
-492 240
-540 252
-524 242
-512 226
-488 226
-508 230
-540 264
-580 274
-580 272
-528 268
-516 274
-500 264
-532 288
-492 286
-484 278
-576 292
-572 284
-560 286
-568 276
-584 272
-564 266
-524 240
-500 222
-524 262
-548 256
-464 226
-456 234
-380 186
-436 170
-420 142
-440 96
-472 98
-444 86
-480 98
-492 100
-480 116
-512 118
-496 138
-500 170
-452 148
-464 140
-416 96
-420 84
-456 108
-468 84
-444 76
-444 68
-412 86
-480 124
-496 134
-496 140
-540 124
-492 112
-508 124
-468 126
-448 124
-440 118
-448 110
-476 102
-500 116
-480 114
-468 124
-496 128
-488 130
-512 134
-476 94
-456 76
-432 76
-456 62
-452 36
-420 44
-440 16
-448 18
-472 54
-528 60
-496 70
-504 60
-540 46
-520 86
-568 98
-464 104
-436 112
-400 128
-424 94
-400 60
-432 74
-456 78
-456 64
-452 74
-464 88
-452 84
-440 96
-484 102
-488 112
-488 116
-512 94
-460 100
-468 104
-460 118
-436 90
-440 120
-428 108
-480 142
-520 166
-480 166
-456 142
-492 108
-496 110
-456 82
-508 100
-496 128
-504 146
-496 170
-488 168
-472 186
-508 176
-508 194
-520 188
-512 186
-500 198
-500 172
-500 174
-508 180
-472 140
-484 126
-484 134
-480 136
-512 102
-504 124
-532 132
-528 144
-536 140
-504 108
-432 62
-472 62
-536 72
-500 64
-444 72
-432 64
-396 64
-380 80
-468 52
-472 68
-452 100
-464 72
-428 54
-424 52
-376 28
-488 60
-480 32
-436 28
-416 0
-484 -2
-464 4
-428 -32
-444 -20
-464 -40
-476 -72
-480 -78
-416 -64
-392 -80
-464 -80
-472 -68
-472 -76
-416 -88
-376 -78
-384 -88
-404 -96
-384 -96
-452 -160
-436 -164
-464 -180
-524 -208
-500 -196
-512 -220
-496 -210
-504 -254
-532 -282
-492 -264
-532 -274
-576 -296
-564 -296
-552 -284
-544 -282
-472 -238
-528 -272
-476 -260
-488 -256
-456 -232
-496 -214
-564 -254
-548 -250
-484 -216
-460 -204
-480 -190
-468 -184
-456 -164
-412 -148
-400 -136
-404 -148
-444 -122
-452 -110
-460 -102
-472 -114
-460 -156
-472 -136
-476 -112
-428 -104
-468 -110
-492 -104
-468 -108
-436 -94
-468 -118
-448 -110
-460 -122
-440 -116
-428 -102
-416 -110
-452 -82
-464 -58
-476 -74
-396 -38
-404 -30
-392 -10
-352 18
-380 6
-388 24
-412 28
-376 54
-420 74
-416 74
-420 82
-428 122
-480 212
-496 224
-480 240
-532 252
-584 248
-552 254
-480 200
-460 232
-444 240
-552 272
-560 270
-524 252
-524 240
-504 218
-512 198
-496 218
-476 210
-432 212
-476 238
-484 250
-504 258
-468 214
-444 228
-512 270
-448 258
-508 270
-480 260
-480 248
-548 302
-588 320
-584 314
-540 306
-532 294
-532 278
-584 288
-584 292
-600 308
-580 280
-556 292
-564 312
-580 302
-620 324
-588 322
-628 338
-644 342
-620 340
-600 326
-592 318
-560 300
-560 300
-552 306
-556 310
-556 308
-620 326
-616 338
-684 360
-684 356
-616 322
-608 326
-592 316
-576 308
-588 300
-540 280
-556 300
-588 306
-552 304
-544 308
-520 300
-548 296
-560 302
-564 290
-556 274
-556 278
-504 236
-524 240
-564 236
-528 216
-472 168
-476 168
-504 190
-468 160
-480 180
-456 158
-444 126
-440 130
-420 126
-424 164
-428 164
-416 148
-444 142
-432 146
-416 116
-408 116
-428 122
-440 142
-420 168
-400 154
-408 134
-464 122
-488 120
-468 140
-444 140
-436 168
-508 192
-484 206
-496 180
-484 180
-456 188
-476 202
-456 178
-488 160
-448 166
-484 186
-504 176
-512 204
-504 176
-452 124
-412 82
-384 68
-360 56
-448 68
-416 98
-416 114
-444 106
-420 80
-464 94
-428 82
-428 92
-476 70
-516 48
-516 44
-524 68
-520 70
-508 66
-448 60
-440 44
-452 32
-468 26
-440 48
-400 24
-468 38
-476 80
-464 66
-468 70
-492 122
-472 118
-492 98
-424 98
-460 92
-404 90
-424 72
-476 122
-472 116
-448 104
-436 114
-436 110
-440 94
-484 98
-456 86
-448 84
-412 76
-472 90
-488 90
-428 98
-460 124
-440 114
-400 82
-416 98
-416 82
-456 54
-416 48
-484 48
-468 40
-500 64
-492 72
-488 80
-504 130
-496 118
-556 84
-524 104
-472 84
-484 108
-504 118
-488 94
-500 150
-528 134
-524 158
-476 134
-520 132
-580 136
-536 136
-536 136
-496 106
-468 88
-520 114
-468 112
-452 122
-436 128
-456 102
-444 114
-416 144
-436 118
-416 118
-460 116
-528 114
-484 76
-428 34
-448 56
-424 50
-448 76
-464 58
-440 66
-420 92
-440 86
-436 94
-456 84
-436 76
-436 78
-440 60
-440 70
-432 64
-508 52
-468 80
-452 76
-480 68
-476 96
-472 86
-432 68
-424 66
-424 80
-424 74
-452 100
-400 92
-440 82
-460 56
-452 54
-436 48
-448 58
-452 46
-428 24
-484 44
-484 -2
-476 4
-528 10
-460 26
-472 24
-436 62
-440 70
-384 62
-372 66
-472 66
-452 102
-444 112
-488 138
-432 104
-432 68
-396 92
-444 128
-424 110
-384 88
-392 84
-416 90
-444 86
-444 92
-480 108
-492 86
-512 56
-448 32
-468 30
-496 26
-440 2
-420 20
-364 22
-412 20
-444 -6
-448 -20
-432 6
-452 10
-404 40
-380 28
-408 56
-444 56
-428 56
-456 72
-436 76
-436 74
-452 46
-440 54
-420 58
-432 78
-376 36
-388 44
-436 86
-416 92
-408 52
-444 38
-420 8
-488 6
-452 12
-436 20
-412 0
-452 0
-480 18
-436 6
-416 -16
-456 -4
-436 26
-460 28
-460 46
-420 78
-456 60
-460 54
-452 46
-472 56
-448 52
-408 20
-460 44
-464 58
-476 24
-492 18
-444 22
-476 42
-472 62
-440 40
-464 56
-448 68
-392 12
-488 -24
-512 -14
-480 8
-496 18
-472 36
-504 36
-504 24
-516 10
-520 16
-472 44
-492 38
-492 48
-520 64
-452 96
-460 98
-460 102
-468 126
-476 122
-484 98
-472 74
-464 80
-480 84
-488 88
-516 110
-552 106
-488 116
-484 116
-472 118
-472 130
-504 144
-488 144
-432 116
-468 134
-460 118
-464 122
-448 102
-456 154
-452 136
-432 152
-408 194
-432 188
-480 208
-456 168
-488 186
-496 218
-468 240
-496 244
-492 222
-488 222
-524 238
-532 250
-568 282
-532 284
-568 292
-552 286
-580 310
-588 312
-596 322
-520 296
-544 310
-540 294
-500 276
-528 270
-520 268
-540 276
-548 284
-580 276
-528 248
-552 232
-560 232
-532 214
-508 214
-540 224
-532 226
-536 220
-504 218
-512 228
-476 198
-516 196
-532 210
-532 194
-512 188
-536 176
-464 144
-432 138
-444 142
-452 106
-516 136
-432 142
-436 122
-424 128
-428 126
-476 124
-528 132
-476 120
-456 92
-456 84
-444 72
-468 64
-460 52
-476 58
-500 58
-484 26
-488 46
-440 38
-432 26
-448 20
-420 10
-420 30
-412 50
-436 16
-456 -14
-520 8
-496 12
-516 -8
-480 18
-484 8
-488 24
-472 46
-500 34
-516 40
-488 48
-504 64
-444 80
-456 4
-476 10
-436 0
-432 0
-428 -34
-440 -2
-464 -4
-468 -26
-476 -42
-452 -58
-368 -68
-424 -34
-480 -28
-452 -2
-464 12
-492 -44
-484 -80
-528 -76
-484 -66
-468 -50
-416 -36
-372 -56
-420 -64
-484 -76
-484 -92
-504 -130
-512 -146
-464 -126
-440 -142
-480 -178
-488 -166
-500 -184
-464 -196
-500 -214
-544 -246
-532 -232
-516 -202
-488 -200
-516 -206
-548 -232
-576 -276
-552 -296
-532 -270
-528 -284
-500 -286
-476 -276
-508 -286
-548 -298
-592 -326
-592 -308
-552 -298
-536 -284
-556 -286
-572 -290
-524 -268
-600 -294
-544 -286
-532 -270
-504 -250
-560 -276
-544 -264
-572 -258
-540 -234
-584 -238
-516 -206
-548 -226
-524 -228
-564 -218
-572 -216
-516 -178
-436 -158
-488 -188
-500 -178
-484 -180
-492 -202
-524 -204
-448 -198
-508 -202
-536 -244
-500 -212
-488 -196
-456 -180
-500 -182
-552 -244
-564 -246
-592 -284
-548 -246
-532 -258
-544 -288
-536 -260
-488 -242
-536 -258
-500 -240
-524 -238
-484 -188
-528 -212
-548 -228
-568 -208
-552 -222
-480 -210
-456 -200
-452 -194
-476 -196
-508 -198
-500 -176
-508 -154
-500 -124
-452 -150
-464 -154
-436 -144
-452 -148
-436 -156
-504 -176
-468 -228
-500 -220
-492 -196
-492 -196
-480 -180
-476 -194
-432 -168
-404 -124
-412 -140
-416 -126
-436 -140
-416 -128
-408 -106
-444 -142
-468 -150
-476 -200
-468 -198
-472 -210
-492 -192
-488 -198
-544 -224
-556 -228
-552 -234
-504 -230
-520 -216
-504 -212
-508 -216
-476 -214
-452 -208
-444 -226
-524 -230
-496 -234
-468 -212
-436 -184
-500 -186
-468 -178
-532 -220
-512 -218
-508 -216
-472 -216
-440 -220
-484 -212
-492 -192
-520 -210
-484 -200
-556 -224
-560 -226
-508 -222
-544 -212
-532 -188
-480 -202
-548 -218
-496 -184
-492 -174
-480 -156
-464 -134
-448 -162
-440 -126
-452 -134
-444 -132
-508 -124
-464 -110
-500 -112
-500 -108
-532 -132
-480 -112
-468 -128
-504 -156
-516 -128
-456 -156
-484 -190
-516 -176
-492 -200
-504 -224
-476 -230
-496 -234
-520 -244
-532 -218
-504 -246
-556 -282
-540 -294
-556 -284
-528 -298
-592 -310
-544 -278
-520 -264
-504 -262
-540 -300
-604 -328
-580 -314
-508 -280
-512 -274
-508 -266
-508 -254
-536 -286
-528 -284
-508 -282
-560 -310
-480 -254
-512 -264
-508 -266
-564 -310
-572 -302
-568 -300
-496 -274
-516 -266
-556 -260
-508 -244
-480 -258
-520 -280
-512 -282
-488 -270
-516 -290
-644 -332
-620 -332
-608 -328
-628 -342
-616 -336
-684 -358
-620 -344
-644 -348
-576 -312
-592 -318
-508 -288
-492 -272
-552 -296
-532 -288
-532 -284
-548 -282
-520 -246
-532 -236
-552 -246
-504 -226
-512 -248
-544 -250
-496 -236
-452 -228
-488 -256
-524 -264
-520 -260
-492 -240
-532 -264
-484 -248
-536 -252
-532 -264
-532 -254
-508 -248
-488 -232
-504 -228
-484 -238
-492 -242
-492 -222
-476 -208
-492 -208
-508 -214
-452 -208
-412 -204
-444 -226
-504 -196
-520 -188
-536 -236
-512 -218
-520 -212
-524 -200
-504 -194
-548 -190
-548 -190
-528 -192
-492 -194
-512 -198
-488 -200
-524 -226
-484 -210
-480 -220
-528 -220
-480 -186
-444 -208
-432 -204
-492 -230
-524 -224
-536 -250
-536 -260
-528 -256
-516 -230
-540 -242
-528 -240
-508 -228
-492 -232
-480 -214
-500 -250
-520 -258
-512 -254
-520 -270
-556 -266
-572 -258
-508 -260
-496 -240
-500 -244
-504 -224
-476 -212
-496 -198
-540 -210
-580 -224
-524 -214
-484 -196
-516 -180
-588 -168
-536 -120
-532 -142
-532 -120
-528 -108
-516 -98
-504 -104
-480 -66
-524 -100
-496 -82
-488 -102
-492 -68
-480 -70
-408 -16
-432 20
-460 38
-508 46
-500 102
-440 90
-408 92
-476 108
-464 74
-464 88
-468 104
-432 76
-420 42
-444 28
-436 12
-452 10
-396 -8
-400 -28
-412 -46
-376 -20
-364 -14
-428 -20
-476 0
-464 -10
-432 -4
-440 -12
-456 8
-428 34
-436 64
-456 40
-452 70
-440 52
-444 52
-464 68
-448 100
-504 140
-504 142
-464 166
-448 198
-456 190
-460 202
-448 174
-452 172
-452 190
-428 168
-448 158
-444 178
-516 212
-472 190
-476 200
-424 162
-452 174
-436 172
-428 164
-444 136
-432 116
-472 60
-488 46
-452 86
-444 64
-412 42
-432 20
-456 36
-468 50
-452 60
-444 46
-408 60
-380 52
-392 106
-412 116
-400 120
-420 140
-444 126
-432 144
-460 132
-484 124
-508 76
-516 104
-504 106
-468 102
-492 100
-448 102
-396 62
-400 12
-444 38
-472 8
-460 6
-444 30
-424 40
-412 26
-464 32
-448 0
-412 -6
-388 -4
-432 22
-500 34
-444 42
-464 -6
-432 -30
-476 -22
-440 -8
-496 -8
-472 -14
-472 -38
-540 -48
-548 -36
-492 -6
-480 -28
-456 -34
-496 -64
-516 -72
-516 -72
-504 -112
-496 -102
-524 -110
-544 -110
-516 -138
-528 -146
-556 -166
-476 -128
-508 -102
-508 -86
-488 -66
-500 -22
-480 -8
-476 -18
-440 -20
-444 -48
-432 -40
-404 -58
-432 -76
-384 -48
-432 -76
-460 -120
-420 -128
-468 -148
-452 -134
-428 -118
-420 -144
-416 -152
-496 -164
-524 -156
-544 -138
-504 -102
-424 -84
-428 -154
-468 -188
-488 -192
-480 -202
-424 -184
-428 -176
-432 -148
-476 -180
-496 -216
-436 -196
-460 -216
-504 -240
-560 -236
-528 -220
-460 -208
-540 -248
-576 -270
-560 -260
-524 -274
-560 -298
-556 -288
-508 -258
-508 -250
-560 -286
-540 -268
-552 -264
-512 -240
-540 -272
-556 -274
-536 -296
-528 -284
-592 -310
-584 -316
-576 -306
-644 -332
-680 -338
-644 -334
-612 -322
-596 -312
-608 -314
-532 -294
-536 -298
-528 -284
-524 -270
-540 -252
-516 -260
-500 -242
-492 -240
-528 -262
-580 -270
-580 -292
-556 -276
-576 -252
-520 -240
-512 -246
-488 -222
-512 -228
-488 -208
-516 -222
-536 -220
-512 -238
-500 -216
-508 -224
-476 -198
-496 -218
-528 -226
-552 -274
-544 -278
-560 -282
-572 -264
-560 -294
-548 -288
-544 -296
-544 -298
-556 -290
-556 -286
-616 -326
-648 -338
-608 -332
-644 -352
-672 -362
-656 -356
-652 -352
-636 -342
-592 -336
-540 -302
-536 -296
-552 -308
-528 -294
-564 -294
-544 -280
-516 -270
-560 -262
-548 -274
-500 -280
-488 -274
-472 -266
-456 -254
-468 -260
-520 -268
-560 -286
-548 -274
-496 -254
-464 -246
-484 -248
-456 -224
-456 -258
-488 -250
-496 -276
-520 -274
-544 -282
-508 -228
-472 -224
-432 -208
-440 -222
-440 -206
-428 -160
-492 -166
-512 -184
-484 -198
-432 -188
-452 -188
-468 -192
-512 -208
-464 -166
-460 -190
-492 -212
-528 -250
-560 -256
-548 -260
-536 -242
-532 -190
-516 -220
-544 -224
-540 -222
-576 -240
-556 -260
-556 -270
-548 -236
-532 -228
-536 -220
-464 -210
-456 -212
-436 -212
-508 -250
-512 -242
-540 -248
-544 -258
-516 -246
-504 -260
-524 -270
-516 -262
-544 -286
-552 -274
-512 -266
-524 -272
-512 -260
-508 -250
-516 -262
-512 -264
-508 -284
-480 -252
-516 -252
-512 -246
-508 -244
-472 -202
-392 -168
-456 -178
-456 -180
-516 -212
-484 -182
-472 -190
-472 -192
-420 -196
-508 -240
-548 -262
-540 -268
-588 -294
-592 -304
-592 -274
-604 -288
-596 -276
-532 -278
-532 -270
-492 -256
-500 -242
-476 -250
-456 -224
-416 -200
-468 -222
-512 -220
-500 -216
-464 -174
-480 -196
-500 -200
-488 -214
-516 -252
-528 -258
-480 -222
-476 -178
-484 -174
-512 -192
-524 -188
-488 -192
-456 -192
-456 -222
-472 -222
-476 -208
-480 -228
-468 -200
-468 -208
-464 -212
-528 -232
-512 -248
-540 -270
-528 -254
-500 -238
-548 -258
-492 -250
-540 -240
-540 -234
-552 -238
-576 -248
-564 -242
-520 -228
-528 -230
-508 -228
-540 -228
-552 -256
-544 -246
-528 -242
-524 -258
-544 -256
-488 -252
-504 -238
-500 -212
-456 -244
-492 -246
-504 -230
-540 -238
-528 -258
-560 -266
-568 -284
-584 -302
-564 -308
-516 -276
-528 -280
-552 -290
-480 -244
-468 -232
-476 -218
-448 -212
-448 -198
-452 -196
-488 -196
-496 -224
-528 -200
-516 -218
-492 -210
-448 -202
-456 -218
-488 -220
-460 -206
-508 -230
-508 -228
-512 -226
-512 -204
-500 -220
-468 -194
-460 -204
-456 -190
-440 -148
-452 -134
-420 -144
-468 -144
-492 -182
-452 -146
-408 -140
-488 -160
-512 -146
-500 -160
-524 -138
-540 -132
-520 -128
-488 -108
-492 -102
-448 -114
-476 -80
-468 -108
-464 -100
-428 -104
-444 -102
-416 -108
-424 -128
-444 -124
-424 -114
-436 -124
-424 -134
-460 -134
-420 -132
-432 -140
-428 -178
-524 -214
-492 -184
-504 -178
-496 -152
-520 -154
-452 -142
-424 -104
-428 -104
-440 -98
-452 -88
-416 -110
-388 -104
-424 -104
-416 -104
-424 -114
-372 -86
-412 -64
-424 -22
-412 -64
-392 -98
-464 -148
-512 -162
-448 -156
-504 -190
-500 -202
-468 -196
-440 -168
-460 -182
-472 -154
-420 -132
-476 -116
-460 -120
-472 -136
-496 -156
-468 -158
-488 -140
-516 -158
-496 -150
-472 -148
-484 -152
-472 -136
-488 -150
-484 -150
-488 -164
-488 -194
-500 -192
-484 -194
-516 -186
-520 -174
-488 -174
-504 -156
-528 -170
-508 -146
-488 -126
-436 -90
-404 -78
-360 -24
-356 -40
-372 -56
-396 -22
-404 -34
-412 -2
-404 6
-384 -10
-420 -36
-380 -36
-372 -38
-444 -4
-464 -62
-532 -76
-484 -86
-484 -64
-452 -22
-436 -18
-464 -14
-456 30
-456 26
-448 60
-476 82
-488 98
-500 90
-476 116
-480 156
-524 154
-520 170
-528 194
-520 174
-512 164
-524 146
-536 172
-488 138
-508 152
-468 134
-468 164
-540 182
-536 180
-548 176
-528 194
-588 220
-564 194
-612 226
-592 198
-584 204
-568 190
-540 194
-524 168
-500 188
-540 180
-536 164
-528 144
-536 168
-496 156
-428 140
-452 142
-408 100
-464 120
-504 142
-524 152
-512 152
-512 148
-508 130
-492 130
-468 136
-468 128
-472 164
-464 176
-468 150
-464 194
-472 204
-448 218
-480 210
-500 256
-500 280
-540 288
-500 260
-440 236
-444 214
-416 200
-436 216
-448 202
-452 184
-508 172
-460 190
-480 200
-484 202
-492 220
-532 222
-516 208
-496 232
-516 240
-492 236
-480 228
-524 232
-544 222
-552 224
-540 200
-484 200
-508 222
-508 198
-536 220
-520 230
-504 224
-504 226
-484 230
-468 214
-520 250
-520 246
-532 244
-516 240
-440 232
-444 224
-460 224
-436 210
-460 214
-468 212
-468 178
-424 158
-432 146
-424 158
-472 178
-432 158
-472 122
-480 116
-460 132
-476 92
-440 118
-460 142
-480 170
-456 176
-388 142
-428 172
-436 156
-468 150
-488 196
-452 204
-448 218
-444 236
-464 204
-448 190
-412 192
-404 210
-452 204
-460 170
-428 160
-460 164
-460 150
-436 120
-448 138
-444 140
-472 158
-476 154
-500 186
-476 164
-476 154
-460 164
-404 160
-420 176
-436 174
-472 194
-488 194
-472 192
-488 200
-436 162
-460 176
-488 206
-432 196
-496 234
-556 264
-512 244
-520 258
-496 260
-496 266
-528 288
-596 308
-576 298
-588 318
-608 328
-588 316
-576 300
-532 290
-532 284
-524 292
-512 296
-540 296
-540 302
-528 288
-528 280
-612 296
-608 292
-596 284
-564 280
-652 320
-608 296
-588 288
-600 298
-612 298
-568 292
-632 302
-632 308
-648 320
-572 306
-588 300
-568 306
-580 316
-584 320
-560 318
-536 298
-580 294
-556 298
-576 286
-528 262
-472 254
-472 254
-464 228
-460 226
-552 246
-508 222
-552 248
-560 234
-548 236
-576 240
-580 254
-632 258
-600 272
-600 268
-588 270
-588 248
-556 238
-612 244
-600 258
-616 268
-580 250
-520 218
-516 198
-496 182
-480 182
-488 186
-444 150
-468 178
-460 198
-472 218
-496 216
-480 242
-520 256
-496 242
-544 268
-528 284
-564 300
-548 300
-532 306
-568 308
-524 290
-520 274
-536 280
-536 264
-556 266
-480 248
-524 260
-540 260
-572 266
-568 286
-596 298
-504 272
-504 270
-532 284
-568 312
-616 330
-580 318
-596 322
-608 320
-556 304
-572 310
-572 310
-592 312
-576 304
-580 298
-552 296
-568 296
-560 300
-532 286
-516 278
-540 296
-552 294
-612 324
-580 324
-612 326
-588 316
-584 312
-620 322
-604 306
-588 316
-548 314
-556 312
-564 310
-568 318
-580 320
-568 318
-560 300
-592 312
-592 314
-548 304
-564 312
-616 320
-640 318
-576 308
-568 314
-508 280
-528 280
-460 254
-508 254
-480 262
-536 264
-532 274
-536 264
-520 256
-520 254
-524 262
-492 250
-536 254
-572 262
-560 274
-576 278
-568 298
-584 298
-544 282
-560 288
-588 292
-592 306
-572 298
-620 322
-600 306
-580 304
-552 294
-576 298
-568 304
-608 328
-616 320
-548 302
-528 296
-564 292
-576 306
-580 300
-600 316
-644 332
-604 318
-604 310
-600 314
-612 318
-592 308
-552 274
-552 260
-572 278
-524 260
-548 256
-552 248
-524 242
-548 270
-516 246
-492 252
-464 238
-536 238
-520 252
-540 254
-504 262
-468 236
-520 254
-508 262
-520 258
-480 232
-488 250
-500 266
-480 238
-476 232
-468 256
-512 290
-524 294
-548 284
-560 292
-520 286
-500 274
-500 268
-500 246
-464 248
-508 266
-472 256
-548 290
-572 304
-584 300
-616 320
-572 314
-556 308
-520 294
-520 274
-568 280
-572 292
-588 308
-608 318
-692 352
-620 316
-560 288
-544 284
-576 298
-616 332
-592 324
-620 332
-592 328
-544 300
-516 256
-508 254
-472 236
-488 270
-520 262
-544 282
-568 300
-580 312
-552 284
-564 288
-588 280
-468 234
-472 216
-516 234
-548 232
-488 186
-556 196
-508 186
-500 182
-528 152
-488 140
-472 104
-484 116
-484 154
-460 162
-524 194
-524 180
-528 210
-508 226
-524 222
-548 228
-576 234
-584 240
-564 230
-512 176
-484 154
-512 168
-516 178
-512 188
-480 168
-532 170
-548 200
-560 214
-556 206
-604 206
-600 230
-564 190
-520 182
-564 196
-556 204
-544 162
-500 164
-536 154
-452 134
-488 150
-532 188
-504 182
-496 160
-496 146
-504 164
-468 112
-444 136
-432 170
-428 192
-484 192
-424 156
-356 98
-388 92
-356 80
-328 50
-348 36
-404 0
-372 -26
-380 2
-380 0
-444 2
-448 -20
-428 -36
-452 -40
-452 -64
-420 -96
-416 -112
-396 -64
-460 -36
-472 -54
-448 -60
-460 -44
-432 -16
-396 -16
-428 -28
-452 -26
-400 6
-412 16
-436 52
-444 64
-464 46
-476 8
-476 40
-440 34
-428 2
-436 -48
-420 -40
-436 -34
-472 -12
-460 -18
-444 -6
-420 2
-452 14
-440 30
-444 22
-420 14
-468 -28
-480 -12
-456 -36
-536 -42
-492 -20
-428 -14
-472 -18
-492 -46
-468 -46
-504 -12
-468 14
-440 -8
-452 46
-440 52
-460 36
-388 48
-440 60
-456 18
-484 18
-444 -8
-440 0
-440 -6
-448 -20
-376 -54
-376 -50
-328 -42
-392 -66
-400 -14
-400 -22
-464 -52
-488 -64
-444 -70
-384 -50
-424 -42
-448 -46
-448 -16
-488 22
-440 22
-436 30
-460 30
-388 74
-428 124
-456 170
-428 114
-428 146
-448 132
-436 150
-476 154
-476 156
-484 136
-500 156
-532 126
-528 130
-520 132
-480 126
-520 120
-504 128
-512 128
-512 112
-480 88
-488 92
-520 104
-528 128
-452 106
-516 124
-480 98
-500 82
-472 70
-468 72
-488 84
-448 72
-440 52
-444 42
-412 18
-436 36
-500 48
-504 24
-500 22
-548 50
-524 54
-528 34
-512 0
-480 26
-492 -8
-488 -10
-520 -54
-448 -42
-492 -32
-532 -12
-540 -44
-468 -62
-484 -40
-512 -48
-560 -42
-564 -32
-588 -50
-528 -20
-508 16
-548 12
-528 28
-500 22
-516 24
-516 30
-484 40
-484 46
-452 38
-376 40
-436 48
-456 82
-420 86
-456 128
-460 142
-420 126
-432 132
-448 154
-468 118
-404 62
-412 38
-460 28
-472 20
-516 44
-452 44
-468 36
-480 58
-456 12
-440 -6
-440 -42
-460 -12
-416 8
-464 36
-476 64
-480 94
-492 96
-440 76
-472 82
-500 100
-472 92
-496 90
-472 70
-492 48
-496 60
-452 54
-448 72
-472 118
-436 122
-468 142
-452 126
-496 136
-504 148
-504 136
-440 130
-448 118
-504 150
-504 176
-444 144
-484 144
-496 148
-468 120
-492 108
-480 108
-468 84
-452 86
-416 62
-468 102
-452 120
-436 112
-432 102
-468 98
-504 86
-484 80
-464 92
-508 130
-464 118
-468 68
-472 56
-444 68
-464 102
-468 78
-472 88
-476 92
-496 110
-472 90
-504 104
-492 84
-472 124
-424 126
-436 106
-376 100
-432 80
-432 64
-436 96
-392 118
-488 164
-484 130
-488 120
-464 132
-416 148
-432 150
-436 142
-464 160
-480 184
-516 156
-464 124
-480 138
-484 156
-484 162
-444 144
-472 112
-480 162
-464 166
-436 170
-460 180
-456 168
-488 180
-456 208
-456 190
-416 186
-488 208
-492 230
-592 258
-520 236
-520 222
-504 220
-496 230
-512 224
-484 212
-440 202
-452 208
-480 214
-472 232
-460 238
-508 264
-520 256
-496 254
-472 230
-512 234
-464 208
-460 216
-444 192
-424 190
-456 234
-540 226
-492 226
-524 260
-500 252
-492 250
-552 260
-584 252
-544 242
-564 236
-572 224
-524 212
-516 212
-584 246
-516 220
-520 218
-508 222
-520 188
-512 176
-516 172
-488 178
-464 174
-492 180
-476 166
-480 182
-476 150
-496 192
-504 218
-492 198
-476 222
-524 228
-556 246
-572 232
-520 238
-520 246
-552 268
-508 228
-504 214
-564 232
-540 214
-556 252
-564 260
-576 262
-536 264
-576 280
-540 264
-568 266
-544 260
-600 274
-576 266
-568 252
-552 254
-528 258
-492 274
-504 282
-532 278
-568 308
-604 320
-560 300
-548 280
-560 276
-500 246
-464 240
-500 268
-508 276
-544 272
-536 274
-528 284
-568 302
-576 308
-616 328
-576 320
-576 312
-584 318
-560 298
-564 296
-496 262
-488 258
-496 252
-504 276
-480 250
-508 236
-476 220
-492 216
-496 244
-532 234
-516 234
-504 236
-504 250
-520 276
-504 278
-496 284
-512 268
-548 288
-560 292
-588 296
-560 290
-548 270
-504 258
-524 268
-564 258
-608 302
-584 292
-660 324
-608 316
-584 320
-588 308
-528 272
-556 284
-532 262
-512 258
-528 284
-520 258
-460 230
-516 268
-536 282
-572 304
-544 294
-564 296
-544 294
-516 274
-508 260
-476 252
-528 284
-516 278
-528 272
-540 272
-524 274
-524 268
-516 252
-496 236
-480 196
-456 184
-444 188
-448 224
-436 222
-456 242
-396 182
-440 196
-484 222
-524 228
-512 236
-528 262
-532 276
-596 316
-512 286
-520 282
-492 286
-504 292
-568 308
-648 346
-584 312
-584 316
-572 322
-512 288
-552 304
-592 316
-640 344
-640 344
-592 308
-548 280
-580 292
-576 282
-528 266
-516 232
-448 194
-472 182
-460 196
-528 216
-492 222
-492 230
-444 182
-476 188
-468 192
-504 224
-528 266
-592 296
-592 306
-548 290
-584 294
-600 314
-576 300
-516 288
-580 310
-580 316
-540 310
-568 316
-544 296
-540 306
-572 304
-536 280
-572 310
-520 304
-560 320
-548 308
-540 300
-552 292
-544 306
-504 278
-512 262
-532 262
-484 236
-496 278
-476 264
-476 244
-448 228
-468 222
-460 224
-480 212
-472 192
-476 188
-480 176
-440 182
-448 146
-424 110
-408 72
-432 56
-428 114
-456 122
-464 104
-436 100
-408 126
-416 138
-484 156
-508 166
-516 144
-492 164
-460 162
-456 146
-488 126
-436 128
-472 158
-484 134
-480 180
-540 210
-516 220
-480 244
-548 260
-484 234
-456 202
-496 212
-448 178
-544 198
-524 210
-496 208
-528 210
-520 196
-504 158
-436 134
-468 146
-412 142
-472 154
-444 156
-504 162
-428 116
-452 130
-492 146
-476 158
-468 132
-440 138
-404 122
-372 122
-352 116
-396 130
-428 152
-456 170
-496 174
-468 182
-528 190
-532 202
-528 180
-540 164
-468 134
-484 88
-464 84
-508 74
-508 104
-500 132
-424 116
-424 116
-452 106
-448 82
-468 108
-424 106
-464 124
-528 132
-504 118
-496 98
-520 126
-520 150
-468 146
-456 160
-500 160
-524 178
-484 198
-488 192
-528 226
-540 240
-476 230
-532 248
-564 244
-576 270
-564 262
-548 262
-564 262
-584 264
-592 262
-500 246
-500 248
-496 264
-540 292
-576 306
-592 300
-572 294
-564 292
-580 302
-544 294
-540 310
-624 340
-568 286
-540 296
-584 324
-556 302
-620 324
-584 328
-584 328
-576 328
-592 334
-604 322
-512 292
-536 292
-504 270
-504 280
-472 236
-500 246
-444 226
-496 228
-520 262
-596 282
-564 282
-548 266
-564 280
-560 276
-568 276
-556 292
-580 288
-600 290
-588 280
-604 304
-600 310
-620 302
-580 300
-548 296
-564 290
-536 284
-576 300
-556 298
-596 294
-564 296
-588 312
-548 308
-508 278
-524 270
-508 256
-480 256
-472 246
-500 222
-520 262
-612 266
-576 252
-548 216
-568 236
-520 200
-556 196
-568 212
-596 190
-572 186
-524 178
-476 184
-464 168
-444 134
-456 136
-464 116
-424 90
-356 80
-376 64
-436 44
-440 70
-468 128
-468 136
-472 130
-416 118
-464 128
-460 144
-504 150
-528 190
-500 140
-436 148
-448 146
-468 172
-440 168
-420 104
-432 100
-432 90
-448 86
-468 98
-428 100
-436 70
-408 62
-412 34
-424 24
-428 20
-404 46
-384 60
-408 86
-460 98
-484 94
-432 64
-452 52
-420 42
-436 36
-436 12
-440 26
-444 78
-420 78
-444 68
-456 62
-428 88
-416 68
-456 52
-472 80
-444 100
-388 74
-360 92
-384 100
-396 126
-420 132
-416 154
-412 148
-476 148
-476 150
-468 166
-488 188
-468 194
-436 216
-508 242
-492 238
-532 244
-500 238
-476 236
-488 244
-536 260
-500 258
-492 208
-472 212
-480 230
-520 238
-504 222
-552 216
-540 190
-568 180
-588 182
-532 180
-536 186
-564 180
-568 172
-512 150
-520 154
-512 170
-520 176
-572 176
-504 138
-496 150
-432 118
-480 106
-440 120
-396 88
-372 98
-380 132
-412 172
-424 152
-420 142
-472 198
-480 224
-488 242
-496 250
-540 252
-540 240
-524 216
-532 210
-512 212
-488 206
-512 230
-536 228
-516 190
-532 168
-540 168
-508 222
-564 228
-536 224
-512 230
-496 240
-548 262
-576 240
-560 240
-496 210
-464 214
-564 252
-564 258
-592 276
-520 244
-592 254
-600 284
-612 294
-580 288
-564 290
-600 310
-596 298
-592 296
-564 288
-564 266
-544 248
-548 276
-484 260
-456 262
-544 284
-508 274
-568 298
-576 302
-596 288
-540 256
-556 258
-488 238
-512 248
-492 240
-552 258
-568 286
-592 308
-628 332
-620 310
-604 304
-584 306
-552 302
-564 294
-560 286
-524 242
-500 218
-504 226
-560 264
-572 268
-532 254
-520 240
-524 250
-524 250
-560 274
-576 264
-548 256
-536 236
-572 246
-544 240
-504 234
-464 222
-460 218
-472 224
-428 186
-488 166
-448 154
-476 166
-528 184
-504 176
-472 160
-428 146
-408 130
-456 146
-452 170
-460 148
-432 176
-436 190
-388 156
-380 142
-396 116
-412 132
-404 122
-412 132
-404 134
-368 144
-412 166
-440 152
-496 158
-424 146
-468 116
-396 78
-456 134
-452 128
-444 114
-460 106
-444 78
-432 112
-452 136
-492 134
-444 124
-508 126
-484 162
-448 148
-460 146
-456 142
-460 150
-384 132
-372 148
-360 170
-372 172
-392 176
-404 170
-444 212
-412 182
-420 182
-400 212
-428 222
-468 230
-476 196
-460 194
-432 160
-432 154
-468 156
-392 144
-436 156
-408 138
-416 108
-432 118
-468 152
-496 164
-480 194
-480 192
-500 210
-500 222
-492 216
-456 212
-452 200
-524 216
-480 196
-484 204
-464 180
-456 176
-424 218
-472 228
-520 256
-492 240
-444 234
-472 256
-448 232
-444 212
-512 232
-504 228
-456 212
-528 236
-492 222
-508 234
-452 228
-476 230
-484 234
-456 264
-448 252
-532 254
-552 274
-540 274
-512 246
-532 242
-524 230
-476 186
-528 182
-464 168
-484 204
-428 192
-464 172
-488 170
-492 194
-512 232
-536 240
-480 196
-460 162
-440 160
-436 190
-476 230
-476 214
-464 192
-436 206
-460 184
-456 196
-420 220
-496 246
-472 214
-476 206
-464 174
-452 144
-448 156
-460 166
-444 144
-444 148
-404 134
-464 128
-468 134
-476 90
-480 100
-508 128
-452 86
-440 60
-424 116
-476 152
-476 148
-504 174
-520 216
-548 218
-536 236
-532 250
-572 276
-536 258
-536 294
-560 280
-488 270
-556 296
-552 282
-496 264
-544 276
-608 296
-588 294
-540 282
-540 302
-584 324
-576 316
-576 330
-568 304
-584 326
-588 330
-556 308
-592 314
-624 334
-604 320
-556 296
-536 280
-524 254
-484 220
-416 208
-460 234
-516 264
-544 252
-512 254
-516 268
-464 230
-480 248
-452 240
-524 238
-496 216
-516 226
-532 236
-512 234
-504 210
-512 214
-548 236
-480 202
-440 176
-440 212
-488 218
-484 194
-496 196
-472 200
-480 196
-488 196
-508 216
-488 204
-504 202
-512 194
-488 200
-480 176
-504 190
-508 190
-524 186
-540 176
-544 154
-492 150
-504 162
-540 162
-544 176
-528 190
-472 176
-480 130
-472 152
-504 176
-520 170
-544 174
-484 170
-428 108
-548 150
-496 114
-536 130
-488 126
-480 120
-508 112
-480 108
-448 98
-464 94
-460 114
-456 120
-420 108
-420 134
-456 140
-428 106
-468 138
-460 130
-412 126
-428 126
-424 110
-432 86
-464 88
-448 82
-464 80
-472 56
-480 60
-476 46
-468 40
-464 48
-436 12
-460 -6
-464 -18
-436 -16
-460 -20
-492 -20
-444 -30
-480 -98
-452 -96
-488 -138
-504 -180
-548 -194
-576 -198
-596 -218
-536 -188
-456 -184
-476 -122
-480 -110
-440 -120
-436 -116
-436 -86
-476 -64
-480 -70
-476 -56
-480 -64
-484 -60
-456 -72
-432 -42
-484 -48
-528 -56
-524 -36
-504 -38
-488 -54
-472 -42
-476 -82
-456 -92
-452 -86
-480 -68
-500 -46
-452 -96
-452 -102
-476 -106
-420 -100
-412 -76
-380 -60
-368 -66
-448 -96
-488 -118
-476 -118
-472 -128
-460 -112
-500 -164
-460 -160
-460 -156
-476 -178
-456 -170
-432 -174
-500 -218
-520 -210
-500 -236
-476 -228
-412 -222
-512 -254
-592 -284
-568 -262
-544 -260
-576 -290
-576 -308
-580 -314
-576 -318
-556 -292
-508 -282
-476 -278
-480 -268
-544 -288
-512 -258
-552 -260
-604 -280
-552 -270
-512 -256
-568 -280
-572 -298
-588 -316
-604 -330
-528 -300
-536 -278
-488 -250
-416 -200
-452 -160
-452 -156
-468 -164
-436 -142
-432 -140
-460 -186
-452 -166
-440 -188
-436 -196
-448 -206
-472 -232
-460 -232
-452 -208
-484 -230
-492 -238
-532 -260
-532 -244
-496 -236
-472 -216
-488 -230
-524 -230
-528 -234
-532 -262
-512 -248
-552 -262
-584 -274
-576 -272
-556 -276
-560 -276
-520 -266
-504 -260
-500 -256
-520 -258
-568 -294
-568 -296
-580 -296
-540 -268
-516 -256
-500 -260
-508 -260
-492 -266
-484 -264
-544 -270
-468 -262
-512 -276
-580 -320
-560 -302
-580 -308
-556 -290
-516 -272
-540 -282
-508 -262
-480 -246
-500 -236
-496 -238
-444 -234
-400 -194
-432 -196
-436 -194
-464 -186
-436 -204
-440 -172
-424 -176
-480 -200
-444 -214
-424 -202
-432 -182
-408 -164
-352 -160
-472 -192
-456 -210
-436 -210
-456 -216
-504 -236
-528 -210
-512 -212
-480 -180
-504 -170
-504 -144
-516 -142
-512 -128
-504 -132
-460 -144
-456 -130
-492 -118
-456 -114
-456 -120
-432 -102
-444 -100
-468 -118
-444 -118
-456 -134
-476 -102
-472 -82
-472 -80
-448 -54
-452 -2
-440 14
-416 -6
-444 10
-460 -18
-480 -48
-488 -38
-440 -78
-444 -122
-464 -154
-460 -146
-464 -148
-448 -166
-496 -176
-492 -218
-492 -218
-468 -218
-504 -232
-560 -224
-524 -214
-500 -212
-504 -194
-544 -196
-512 -194
-520 -198
-496 -192
-452 -214
-452 -218
-444 -198
-492 -206
-484 -210
-520 -246
-500 -230
-544 -246
-544 -242
-556 -264
-532 -268
-492 -250
-520 -258
-536 -266
-512 -238
-560 -240
-556 -242
-512 -240
-432 -198
-468 -208
-468 -238
-528 -272
-532 -254
-500 -270
-568 -284
-564 -278
-588 -288
-584 -256
-520 -250
-508 -228
-508 -214
-512 -226
-504 -240
-520 -234
-536 -238
-516 -236
-504 -224
-472 -188
-476 -210
-492 -212
-456 -190
-460 -194
-484 -200
-484 -204
-512 -204
-460 -224
-436 -194
-440 -184
-416 -170
-404 -160
-372 -168
-424 -184
-436 -186
-384 -168
-448 -174
-432 -158
-412 -168
-500 -176
-480 -140
-500 -140
-496 -162
-488 -176
-504 -154
-456 -116
-480 -74
-488 -70
-484 -82
-472 -72
-500 -78
-500 -62
-424 -30
-444 -30
-408 -50
-452 -44
-484 -30
-532 6
-500 -14
-520 -2
-444 -4
-484 -28
-452 -18
-396 -40
-388 -56
-384 -46
-440 -86
-452 -74
-456 -82
-496 -76
-504 -106
-516 -108
-512 -132
-484 -104
-464 -56
-376 -60
-384 -86
-416 -56
-360 -82
-400 -70
-388 -36
-384 -24
-456 -38
-456 -20
-432 -58
-456 -32
-412 -28
-452 -8
-432 32
-468 18
-420 -4
-452 -16
-460 -22
-416 -16
-444 -10
-464 0
-464 -10
-432 -52
-420 -22
-464 -20
-440 -12
-448 -58
-428 -68
-472 -68
-480 -118
-452 -114
-384 -100
-412 -96
-488 -128
-484 -126
-492 -144
-496 -166
-524 -176
-508 -190
-480 -160
-456 -122
-444 -120
-452 -112
-444 -122
-480 -112
-528 -86
-512 -74
-496 -28
-464 8
-428 -6
-372 -4
-428 -10
-448 -24
-412 -46
-400 -66
-444 -112
-424 -106
-428 -64
-496 -86
-492 -46
-452 -28
-508 -58
-492 -60
-484 -22
-440 -54
-480 -74
-460 -56
-432 -72
-468 -66
-468 -58
-488 -88
-428 -58
-428 -66
-452 -50
-376 -42
-412 -52
-424 -82
-416 -92
-504 -138
-496 -130
-504 -130
-496 -124
-484 -142
-488 -132
-508 -146
-520 -140
-512 -156
-500 -146
-496 -162
-496 -150
-444 -98
-432 -78
-432 -110
-452 -100
-492 -132
-512 -110
-472 -108
-456 -136
-488 -140
-448 -134
-504 -172
-472 -182
-464 -162
-436 -154
-416 -114
-456 -114
-456 -116
-416 -140
-444 -152
-408 -178
-412 -134
-464 -156
-536 -154
-456 -154
-480 -158
-524 -176
-508 -156
-520 -138
-536 -132
-528 -126
-544 -128
-560 -148
-488 -106
-468 -122
-476 -120
-504 -98
-476 -138
-524 -164
-520 -170
-548 -182
-512 -198
-500 -198
-524 -198
-440 -192
-480 -180
-492 -162
-516 -188
-500 -178
-544 -196
-504 -190
-512 -228
-496 -220
-528 -250
-576 -272
-580 -278
-576 -274
-532 -266
-492 -238
-480 -248
-528 -266
-520 -240
-536 -270
-516 -274
-504 -266
-572 -298
-612 -332
-652 -350
-616 -336
-632 -338
-616 -330
-636 -350
-600 -332
-568 -316
-568 -312
-640 -350
-600 -334
-580 -326
-584 -326
-540 -316
-580 -334
-540 -308
-592 -318
-572 -312
-568 -306
-600 -320
-584 -322
-540 -312
-580 -320
-572 -308
-520 -288
-572 -310
-536 -292
-500 -288
-524 -274
-544 -288
-528 -280
-500 -272
-516 -280
-508 -268
-492 -256
-532 -270
-512 -276
-536 -264
-512 -252
-536 -246
-508 -208
-520 -206
-500 -214
-496 -222
-540 -248
-564 -258
-552 -258
-504 -254
-496 -228
-544 -220
-500 -214
-484 -208
-492 -240
-508 -218
-480 -242
-548 -238
-536 -238
-512 -234
-528 -212
-504 -226
-536 -238
-524 -226
-500 -220
-488 -222
-516 -224
-484 -214
-488 -204
-540 -230
-532 -238
-520 -246
-508 -214
-512 -210
-472 -196
-548 -246
-572 -248
-584 -260
-564 -260
-484 -248
-552 -262
-528 -274
-540 -268
-524 -286
-576 -300
-568 -290
-572 -302
-572 -302
-508 -276
-544 -282
-452 -224
-464 -246
-452 -238
-476 -236
-504 -242
-452 -220
-384 -190
-388 -194
-452 -212
-476 -240
-556 -284
-552 -292
-568 -308
-560 -310
-624 -346
-644 -352
-664 -358
-648 -348
-680 -350
-636 -346
-652 -344
-620 -340
-600 -340
-656 -350
-632 -344
-660 -358
-644 -352
-648 -358
-668 -352
-584 -320
-604 -320
-608 -330
-620 -338
-600 -322
-564 -304
-592 -330
-608 -328
-620 -330
-660 -342
-608 -334
-628 -346
-648 -346
-616 -336
-612 -334
-616 -346
-584 -324
-584 -326
-576 -314
-588 -310
-592 -334
-608 -342
-552 -316
-508 -274
-548 -306
-608 -300
-600 -280
-560 -290
-592 -274
-572 -278
-524 -254
-520 -254
-536 -262
-504 -248
-500 -268
-508 -250
-528 -264
-544 -274
-568 -274
-556 -244
-512 -232
-536 -262
-516 -246
-580 -280
-572 -280
-500 -270
-440 -220
-520 -242
-532 -250
-528 -254
-524 -262
-508 -240
-544 -270
-520 -270
-572 -266
-552 -268
-584 -290
-584 -310
-656 -348
-608 -342
-588 -326
-628 -338
-692 -362
-656 -356
-592 -336
-648 -354
-636 -354
-628 -344
-644 -348
-644 -350
-660 -354
-596 -328
-556 -310
-528 -296
-480 -260
-520 -282
-532 -290
-524 -276
-516 -254
-472 -238
-468 -232
-492 -250
-504 -238
-476 -260
-500 -262
-548 -292
-576 -312
-552 -314
-568 -322
-596 -324
-616 -326
-636 -346
-632 -338
-596 -328
-580 -308
-520 -290
-500 -278
-496 -264
-496 -268
-524 -272
-592 -310
-612 -320
-596 -312
-548 -300
-572 -306
-580 -320
-544 -286
-536 -292
-500 -266
-524 -274
-548 -288
-508 -270
-488 -240
-484 -262
-520 -292
-572 -302
-560 -314
-508 -266
-496 -276
-520 -284
-528 -298
-532 -294
-564 -286
-588 -292
-568 -280
-556 -262
-568 -240
-548 -244
-548 -272
-556 -278
-548 -288
-536 -246
-524 -226
-488 -228
-536 -258
-456 -210
-504 -208
-452 -198
-500 -200
-568 -226
-540 -202
-560 -230
-560 -270
-508 -244
-516 -230
-528 -234
-460 -194
-488 -204
-476 -220
-516 -220
-488 -226
-496 -194
-464 -176
-496 -204
-516 -208
-440 -196
-440 -154
-492 -156
-432 -148
-404 -156
-408 -182
-428 -164
-452 -192
-472 -188
-476 -194
-424 -182
-500 -208
-540 -232
-524 -222
-536 -220
-536 -240
-460 -206
-460 -200
-496 -210
-448 -210
-484 -194
-472 -194
-452 -188
-476 -176
-528 -204
-504 -168
-512 -190
-520 -158
-460 -130
-448 -120
-436 -106
-436 -94
-428 -84
-432 -110
-472 -132
-400 -90
-396 -82
-404 -70
-432 -88
-448 -76
-432 -82
-372 -54
-400 -50
-408 -108
-420 -108
-444 -96
-464 -100
-432 -112
-428 -112
-396 -104
-396 -78
-404 -70
-404 -94
-460 -82
-456 -82
-492 -98
-508 -60
-452 -34
-444 -20
-452 -2
-432 0
-468 12
-460 -8
-452 -18
-372 -8
-404 4
-408 -24
-340 -18
-392 -50
-416 -38
-460 -44
-436 -82
-416 -86
-412 -86
-416 -98
-416 -82
-424 -84
-432 -104
-440 -140
-392 -150
-420 -126
-424 -110
-400 -84
-400 -112
-408 -126
-444 -188
-464 -194
-400 -162
-364 -152
-432 -124
-428 -96
-424 -74
-404 -56
-412 -70
-376 -74
-424 -68
-428 -92
-452 -88
-400 -76
-396 -58
-408 -64
-436 -36
-456 -62
-440 -54
-476 -72
-452 -70
-460 -84
-488 -110
-456 -88
-500 -74
-488 -86
-464 -70
-500 -60
-496 -16
-484 -4
-460 -76
