14 11
-334 147
-342 149
-310 141
-290 135
-290 145
-338 147
-314 153
-330 161
-322 149
-306 147
-330 161
-302 135
-298 123
-298 121
-274 101
-294 107
-302 107
-270 85
-266 75
-262 83
-310 125
-286 127
-358 161
-342 171
-322 161
-314 141
-318 153
-286 137
-274 125
-294 141
-302 143
-274 119
-286 135
-326 143
-306 117
-270 111
-278 137
-270 143
-274 135
-274 145
-258 123
-262 135
-262 141
-286 157
-306 155
-290 143
-302 161
-302 163
-334 187
-330 173
-314 171
-310 173
-346 183
-338 181
-334 185
-358 191
-390 199
-346 189
-334 175
-334 175
-310 173
-342 179
-374 191
-362 195
-334 193
-350 193
-358 195
-326 177
-314 175
-314 169
-270 153
-294 165
-330 167
-350 167
-350 175
-366 191
-362 189
-314 171
-326 177
-354 193
-370 201
-346 189
-358 189
-366 193
-330 173
-302 163
-294 155
-318 165
-326 169
-350 179
-322 177
-358 193
-366 193
-306 173
-326 173
-338 183
-346 179
-322 169
-338 183
-382 199
-334 177
-370 189
-334 179
-362 197
-382 201
-358 191
-358 191
-370 191
-322 173
-354 179
-294 151
-286 147
-282 125
-270 155
-270 145
-266 131
-314 129
-278 133
-302 131
-326 137
-306 163
-350 177
-366 175
-318 157
-306 161
-326 175
-266 145
-318 167
-318 165
-346 185
-354 195
-354 197
-390 205
-386 205
-358 197
-378 205
-358 193
-378 203
-346 187
-306 171
-274 155
-282 163
-314 173
-318 171
-310 169
-334 183
-338 179
-358 197
-410 213
-418 217
-370 201
-338 185
-346 193
-374 201
-390 207
-402 211
-398 209
-394 209
-350 193
-390 201
-366 193
-342 181
-334 185
-318 177
-318 177
-346 189
-322 183
-350 187
-342 191
-334 189
-350 193
-350 185
-370 183
-346 175
-346 185
-362 193
-382 199
-378 205
-366 197
-358 191
-390 203
-390 209
-378 205
-342 189
-318 171
-322 177
-286 167
-282 149
-314 167
-250 117
-266 125
-286 141
-330 163
-342 175
-330 173
-334 185
-374 201
-362 187
-354 187
-334 177
-338 179
-330 189
-346 185
-366 189
-374 191
-334 181
-346 185
-342 187
-326 183
-274 157
-290 153
-302 165
-330 175
-310 171
-306 171
-354 189
-350 189
-390 205
-354 195
-366 195
-346 187
-322 181
-350 187
-362 199
-358 195
-390 209
-394 207
-386 205
-422 217
-350 193
-350 193
-362 189
-386 199
-354 193
-310 177
-334 183
-346 189
-342 191
-322 183
-346 185
-330 183
-374 197
-398 209
-394 203
-402 211
-390 205
-358 193
-366 201
-342 193
-386 207
-382 205
-390 205
-370 197
-374 199
-314 181
-286 169
-334 185
-346 189
-370 197
-370 197
-378 201
-382 205
-386 205
-398 211
-394 209
-382 205
-390 205
-366 201
-362 191
-366 201
-358 193
-346 191
-378 201
-374 201
-350 191
-314 177
-330 181
-382 193
-370 199
-374 205
-346 187
-366 201
-370 201
-338 191
-322 177
-314 171
-322 181
-334 189
-326 173
-322 173
-358 191
-370 203
-374 195
-378 205
-410 213
-410 213
-390 203
-374 201
-362 195
-326 185
-330 169
-366 187
-346 175
-346 167
-294 141
-290 151
-306 141
-314 131
-306 127
-330 155
-326 129
-326 121
-330 97
-306 121
-262 93
-282 109
-294 101
-238 93
-242 89
-278 117
-266 109
-270 109
-270 113
-294 115
-298 133
-282 135
-278 127
-270 111
-306 131
-318 143
-370 171
-370 193
-362 195
-374 197
-390 205
-386 207
-366 199
-386 203
-362 195
-366 197
-366 201
-342 187
-382 199
-350 189
-322 175
-330 189
-334 185
-342 175
-302 161
-346 171
-302 167
-342 177
-326 167
-314 173
-350 195
-350 189
-350 191
-338 187
-334 177
-362 193
-350 193
-310 175
-354 195
-314 179
-326 179
-306 179
-338 191
-330 187
-330 175
-354 187
-370 201
-350 187
-354 189
-354 181
-318 179
-306 171
-326 183
-362 195
-322 177
-274 155
-306 155
-270 141
-298 165
-314 165
-370 191
-338 169
-334 171
-338 187
-326 177
-346 185
-366 199
-314 177
-338 183
-390 209
-366 197
-366 195
-350 183
-358 179
-350 179
-346 183
-350 175
-310 155
-310 155
-330 177
-378 195
-382 197
-362 199
-394 207
-390 207
-418 217
-410 215
-410 213
-406 211
-390 207
-398 211
-394 211
-390 209
-362 201
-390 203
-378 205
-342 191
-390 207
-334 181
-322 179
-326 187
-346 187
-342 185
-362 189
-370 181
-346 183
-322 175
-346 181
-310 169
-326 177
-330 171
-302 181
-314 185
-350 197
-382 205
-382 205
-390 209
-374 205
-370 201
-366 201
-398 209
-386 205
-382 201
-378 201
-390 207
-362 197
-374 197
-366 191
-374 185
-386 187
-298 153
-314 155
-314 159
-334 165
-338 167
-354 177
-362 173
-330 165
-362 195
-382 205
-410 215
-378 203
-386 209
-374 203
-386 205
-394 209
-394 207
-354 191
-370 189
-358 179
-346 181
-350 175
-322 155
-314 169
-334 171
-326 159
-330 163
-294 149
-254 125
-234 125
-298 151
-302 147
-278 145
-290 153
-270 147
-302 149
-286 151
-330 163
-342 163
-330 165
-334 183
-342 183
-330 163
-322 159
-334 163
-346 167
-326 153
-322 153
-318 139
-330 139
-306 137
-310 137
-326 157
-326 175
-350 173
-302 153
-334 175
-318 169
-286 151
-282 131
-314 141
-350 143
-350 145
-334 145
-322 145
-338 155
-330 155
-322 139
-306 135
-290 125
-318 127
-310 125
-338 153
-346 149
-310 143
-306 147
-314 159
-338 165
-370 163
-378 185
-382 199
-310 171
-290 163
-298 161
-342 177
-346 179
-354 177
-354 173
-322 163
-326 159
-306 171
-330 171
-346 189
-358 195
-374 201
-422 217
-410 215
-398 207
-354 189
-390 201
-386 205
-374 201
-378 203
-374 205
-390 207
-386 207
-362 197
-374 197
-354 193
-298 157
-342 189
-290 163
-266 151
-270 131
-286 133
-274 141
-278 137
-262 141
-282 163
-274 141
-294 167
-282 155
-298 153
-290 151
-274 161
-338 179
-334 191
-366 199
-338 189
-318 177
-378 203
-342 183
-378 201
-378 205
-362 199
-386 201
-394 209
-374 199
-358 193
-346 187
-330 177
-318 175
-358 187
-350 187
-350 183
-338 189
-358 197
-378 203
-374 197
-354 179
-354 167
-354 167
-326 155
-322 137
-314 127
-306 147
-306 133
-326 133
-330 135
-322 129
-342 131
-334 125
-290 115
-314 123
-306 131
-318 133
-338 131
-290 121
-306 117
-294 109
-298 105
-258 99
-238 101
-226 123
-274 101
-270 107
-254 75
-278 61
-282 33
-242 41
-282 39
-282 49
-258 65
-262 61
-262 57
-250 57
-278 89
-278 83
-258 69
-254 89
-266 71
-294 69
-266 49
-262 71
-258 77
-278 73
-282 73
-298 85
-254 37
-262 27
-198 19
-190 1
-218 49
-234 61
-242 53
-246 11
-266 31
-282 13
-286 15
-270 15
-254 5
-282 43
-266 23
-294 17
-254 3
-266 5
-262 5
-266 3
-242 11
-258 3
-262 31
-270 53
-278 57
-298 77
-278 49
-306 55
-286 43
-314 59
-286 53
-278 51
-262 79
-282 75
-250 35
-266 51
-258 55
-282 81
-274 91
-254 77
-290 63
-294 81
-274 59
-274 51
-258 73
-214 51
-194 77
-234 77
-290 97
-238 81
-234 69
-234 75
-242 75
-266 41
-246 43
-246 53
-258 37
-262 47
-306 41
-314 53
-298 57
-318 35
-310 31
-282 27
-330 25
-310 37
-334 35
-278 41
-250 49
-278 51
-270 41
-274 33
-282 49
-294 43
-290 71
-274 51
-290 59
-302 57
-270 69
-266 85
-270 85
-306 113
-310 115
-326 123
-282 93
-266 93
-266 63
-282 41
-258 21
-286 33
-278 53
-258 73
-262 71
-250 49
-242 73
-270 93
-306 91
-298 107
-306 93
-346 87
-330 101
-326 101
-326 107
-290 81
-306 65
-290 51
-286 63
-258 43
-266 31
-270 33
-270 25
-278 31
-298 43
-286 45
-286 31
-278 1
-306 9
-286 13
-286 15
-302 9
-266 7
-266 21
-242 17
-238 5
-214 13
-214 53
-238 35
-222 31
-238 35
-214 17
-258 43
-218 27
-238 21
-222 59
-238 63
-266 53
-262 49
-286 67
-262 61
-282 41
-282 55
-266 31
-270 47
-286 73
-262 65
-262 91
-282 105
-310 99
-290 89
-310 89
-306 95
-306 85
-286 95
-270 87
-254 81
-258 69
-246 75
-270 71
-250 81
-250 75
-246 73
-290 77
-306 91
-318 109
-310 119
-286 117
-306 127
-350 147
-350 157
-358 171
-322 171
-346 179
-358 181
-330 177
-338 179
-330 173
-322 173
-314 177
-342 185
-274 157
-314 181
-338 179
-350 191
-374 201
-382 197
-362 197
-402 211
-406 213
-390 203
-382 195
-342 189
-354 191
-342 181
-362 189
-306 165
-338 167
-350 157
-342 179
-326 171
-322 169
-294 151
-294 137
-306 149
-262 131
-242 107
-246 97
-274 113
-290 111
-290 103
-278 85
-306 71
-326 73
-326 79
-286 57
-314 59
-330 61
-330 57
-326 61
-286 39
-278 41
-282 57
-278 39
-314 15
-294 19
-302 9
-318 19
-322 1
-298 15
-298 3
-282 13
-294 23
-274 13
-290 3
-234 7
-254 17
-242 31
-238 5
-242 5
-206 17
-242 9
-246 25
-242 29
-246 55
-262 51
-274 47
-246 45
-262 53
-270 79
-270 67
-254 51
-302 43
-298 53
-310 35
-286 35
-282 65
-266 73
-302 99
-330 111
-310 101
-278 99
-262 105
-290 109
-266 101
-270 101
-278 115
-286 135
-246 129
-290 133
-302 161
-322 167
-326 177
-354 191
-354 193
-374 195
-362 195
-410 211
-398 207
-378 203
-370 201
-386 203
-354 197
-394 197
-358 191
-374 199
-370 199
-366 187
-374 185
-370 193
-358 191
-346 189
-378 195
-346 191
-366 199
-314 181
-310 175
-322 177
-298 151
-326 161
-322 159
-322 159
-342 167
-334 161
-302 145
-298 121
-302 131
-282 109
-310 113
-286 99
-290 109
-334 129
-326 147
-314 147
-310 149
-294 153
-250 125
-266 119
-274 107
-282 129
-306 147
-330 175
-374 197
-362 191
-338 185
-362 189
-338 189
-338 183
-350 191
-326 179
-350 187
-362 195
-358 195
-338 183
-306 169
-290 169
-282 149
-330 163
-342 173
-370 195
-378 203
-386 203
-374 201
-350 193
-346 181
-358 189
-310 173
-314 179
-342 191
-326 173
-294 159
-274 139
-298 157
-282 157
-294 171
-358 189
-354 179
-370 181
-386 189
-338 183
-366 193
-326 175
-358 187
-414 211
-378 203
-350 193
-402 211
-350 191
-358 181
-354 183
-382 193
-362 195
-398 211
-382 205
-370 197
-322 189
-374 201
-386 205
-354 197
-366 195
-342 185
-326 169
-314 163
-318 163
-314 163
-290 157
-318 175
-346 179
-338 183
-302 163
-270 145
-274 145
-318 159
-306 153
-334 175
-314 173
-314 169
-290 161
-326 183
-354 189
-362 197
-378 203
-366 199
-330 181
-338 185
-322 169
-322 167
-302 155
-298 165
-318 167
-302 151
-358 189
-366 199
-342 193
-342 185
-394 209
-418 217
-434 221
-374 203
-354 191
-390 203
-358 195
-366 197
-378 205
-354 193
-350 193
-358 195
-306 175
-306 183
-326 187
-354 193
-354 191
-342 191
-382 199
-426 217
-382 203
-350 189
-370 199
-342 193
-350 195
-358 197
-350 189
-386 199
-382 199
-366 189
-346 183
-378 203
-390 209
-358 193
-362 195
-358 199
-370 191
-338 189
-366 201
-358 195
-398 209
-370 195
-338 183
-334 181
-366 193
-330 187
-366 201
-382 201
-394 207
-390 207
-402 211
-366 201
-326 179
-306 171
-318 165
-282 169
-326 185
-310 169
-358 189
-374 199
-418 217
-370 201
-386 201
-374 203
-386 201
-366 193
-374 199
-406 207
-374 201
-402 209
-354 189
-370 193
-330 191
-354 195
-314 179
-294 157
-286 155
-350 189
-346 193
-362 195
-406 213
-398 205
-350 195
-334 189
-366 197
-346 181
-322 171
-322 169
-358 193
-374 187
-378 201
-354 193
-306 165
-294 167
-298 169
-314 163
-342 185
-310 175
-358 183
-362 185
-358 189
-394 201
-338 177
-322 163
-306 161
-310 163
-282 153
-290 165
-306 165
-290 153
-330 161
-314 163
-330 173
-330 167
-338 159
-298 143
-294 159
-306 173
-346 179
-334 167
-314 167
-314 169
-342 183
-358 189
-350 183
-346 189
-366 195
-382 203
-358 195
-366 199
-346 195
-334 187
-338 191
-318 181
-282 159
-310 161
-318 169
-334 161
-314 159
-314 161
-346 171
-354 187
-378 195
-326 179
-318 175
-370 195
-358 189
-294 153
-314 173
-318 173
-322 171
-338 165
-358 185
-334 181
-342 181
-306 159
-322 159
-322 153
-302 141
-334 141
-342 129
-326 141
-302 131
-302 137
-330 143
-318 143
-302 135
-302 135
-286 123
-310 153
-310 157
-326 167
-342 177
-338 177
-350 195
-386 207
-402 211
-410 213
-386 207
-390 207
-390 209
-398 209
-390 209
-366 197
-390 205
-374 199
-362 195
-390 207
-370 203
-386 205
-398 211
-378 197
-366 197
-342 185
-362 193
-390 203
-366 185
-354 183
-374 189
-414 209
-402 211
-374 197
-382 207
-390 209
-406 211
-382 205
-382 197
-358 193
-334 187
-354 199
-362 197
-358 183
-342 187
-330 175
-350 185
-358 193
-358 191
-374 199
-370 193
-382 197
-338 175
-330 163
-314 143
-286 117
-302 131
-266 131
-298 133
-302 137
-282 125
-314 135
-306 145
-326 145
-350 159
-330 157
-314 151
-314 153
-278 145
-274 157
-310 163
-306 159
-310 171
-326 165
-298 151
-306 141
-282 137
-278 125
-298 125
-294 139
-290 161
-334 177
-298 165
-290 159
-330 175
-334 175
-294 149
-318 155
-314 157
-338 173
-302 161
-322 171
-310 157
-306 165
-358 191
-330 179
-350 187
-354 197
-338 187
-342 189
-358 197
-410 215
-418 217
-394 209
-394 209
-414 213
-402 211
-394 209
-362 201
-330 179
-346 195
-366 197
-382 203
-394 211
-390 205
-422 217
-422 217
-394 207
-390 209
-358 195
-354 193
-354 191
-350 195
-382 205
-326 179
-310 173
-346 185
-354 187
-362 193
-346 189
-362 191
-346 185
-358 197
-378 205
-398 207
-358 197
-318 185
-354 197
-326 183
-310 179
-346 189
-358 191
-354 191
-378 205
-382 203
-382 197
-358 195
-322 181
-350 197
-386 205
-378 205
-414 215
-382 201
-402 205
-358 189
-338 173
-354 181
-354 193
-298 149
-278 119
-262 111
-266 127
-274 117
-298 127
-310 141
-302 145
-278 131
-298 133
-298 129
-310 143
-278 137
-278 119
-290 137
-314 147
-298 143
-282 137
-338 163
-342 173
-358 185
-342 181
-326 171
-342 181
-358 181
-370 187
-378 193
-398 205
-390 205
-414 209
-406 211
-378 201
-386 207
-410 215
-410 215
-390 207
-386 207
-330 187
-294 171
-310 179
-326 173
-314 163
-334 189
-346 191
-362 199
-354 195
-338 177
-330 181
-346 193
-342 177
-330 183
-306 167
-350 189
-330 173
-326 177
-330 179
-318 167
-334 173
-302 167
-326 175
-350 185
-370 193
-354 189
-342 187
-330 191
-306 177
-298 171
-350 179
-370 181
-334 175
-342 171
-322 167
-338 159
-338 159
-326 151
-326 155
-334 151
-318 151
-310 161
-306 171
-290 151
-286 145
-262 145
-254 145
-242 141
-314 163
-338 167
-346 169
-370 177
-386 183
-346 177
-346 183
-346 191
-366 197
-350 191
-354 193
-358 197
-374 203
-354 191
-354 193
-370 203
-410 213
-414 213
-398 209
-382 203
-354 189
-322 177
-346 183
-306 161
-362 191
-366 197
-378 193
-366 191
-350 181
-338 169
-298 149
-286 135
-314 143
-314 163
-310 161
-286 157
-310 167
-306 171
-318 161
-286 157
-282 145
-310 135
-290 123
-306 125
-310 127
-302 113
-302 127
-322 131
-322 121
-322 97
-310 75
-286 97
-274 81
-282 93
-298 95
-286 129
-334 155
-298 139
-310 157
-322 155
-334 161
-314 163
-330 165
-310 165
-314 159
-334 179
-350 193
-366 197
-354 197
-346 193
-322 181
-346 193
-370 197
-354 197
-398 203
-374 197
-390 199
-358 187
-330 169
-350 181
-354 191
-362 193
-358 197
-334 187
-330 185
-346 187
-358 197
-326 177
-334 173
-306 163
-314 171
-366 197
-386 201
-406 211
-382 205
-374 203
-374 195
-386 201
-370 193
-370 191
-358 195
-366 195
-378 201
-370 201
-358 185
-378 195
-330 189
-386 209
-298 171
-306 169
-298 163
-342 173
-346 179
-382 203
-390 209
-382 207
-362 197
-334 191
-342 193
-326 189
-350 197
-394 209
-382 201
-370 189
-354 187
-362 199
-350 191
-374 205
-358 193
-338 183
-302 155
-314 151
-338 143
-318 151
-302 149
-302 137
-294 151
-294 159
-326 155
-294 155
-302 165
-314 173
-354 193
-358 191
-338 187
-318 181
-322 177
-350 193
-354 195
-338 183
-370 195
-386 207
-402 209
-410 213
-382 207
-346 197
-358 197
-358 195
-350 197
-386 205
-382 203
-402 213
-394 209
-394 207
-374 201
-426 219
-414 215
-406 211
-362 199
-374 199
-386 205
-358 191
-390 201
-374 201
-362 199
-406 211
-374 201
-346 195
-318 185
-326 185
-366 199
-366 199
-350 193
-358 191
-370 199
-362 193
-326 179
-334 175
-346 181
-366 183
-378 191
-374 191
-338 177
-330 173
-326 173
-342 173
-362 181
-326 177
-334 179
-338 181
-354 187
-358 193
-338 179
-338 183
-378 191
-406 197
-370 185
-326 161
-306 149
-330 161
-322 159
-326 173
-286 165
-278 141
-270 113
-286 113
-238 111
-298 145
-302 139
-278 131
-306 139
-302 141
-302 141
-330 155
-318 175
-314 175
-350 183
-354 187
-394 209
-370 199
-342 187
-366 203
-362 197
-362 197
-374 203
-378 199
-358 193
-354 195
-350 187
-382 197
-410 209
-422 217
-358 201
-402 211
-382 203
-330 179
-278 163
-286 161
-326 173
-346 177
-350 171
-346 151
-350 155
-326 151
-302 117
-294 103
-274 119
-278 125
-266 127
-274 127
-266 129
-302 149
-342 165
-290 147
-282 131
-286 145
-306 157
-318 163
-346 177
-322 169
-286 155
-290 147
-302 157
-330 163
-314 161
-294 159
-290 151
-330 179
-358 185
-326 179
-318 173
-306 153
-334 161
-342 167
-358 173
-326 161
-314 155
-330 155
-342 149
-338 171
-350 175
-358 187
-350 185
-334 177
-334 173
-326 177
-346 181
-318 175
-346 191
-386 205
-394 207
-406 213
-370 197
-354 193
-342 189
-334 183
-374 201
-342 183
-338 181
-322 173
-330 177
-326 171
-338 173
-350 183
-298 159
-334 177
-310 171
-310 173
-330 183
-314 179
-318 183
-346 181
-354 189
-370 197
-370 185
-342 185
-354 195
-350 195
-358 197
-322 177
-358 189
-334 173
-342 173
-330 177
-362 187
-350 191
-318 167
-322 169
-314 171
-330 187
-338 185
-346 183
-338 179
-318 177
-346 187
-382 195
-370 197
-386 205
-354 199
-338 189
-318 187
-354 189
-302 167
-290 159
-322 173
-306 173
-302 161
-338 187
-346 189
-366 197
-338 185
-386 205
-378 203
-358 197
-286 173
-322 187
-358 193
-362 195
-326 183
-338 189
-306 177
-310 145
-326 151
-330 157
-310 147
-318 159
-334 185
-350 187
-402 211
-406 211
-390 209
-390 205
-406 213
-410 211
-398 209
-406 213
-390 205
-378 203
-382 203
-354 197
-338 189
-374 201
-370 203
-394 209
-362 195
-358 197
-350 195
-366 199
-362 197
-378 201
-374 197
-362 195
-334 185
-326 175
-330 173
-334 175
-326 165
-330 167
-298 161
-290 165
-298 159
-314 163
-318 161
-294 157
-290 151
-298 135
-290 121
-302 135
-298 125
-298 117
-282 115
-314 123
-318 141
-326 167
-318 165
-314 167
-354 179
-350 185
-350 181
-362 183
-358 191
-322 181
-354 191
-346 185
-322 181
-326 185
-350 193
-386 207
-394 203
-362 187
-374 193
-386 197
-378 195
-366 197
-398 203
-350 187
-358 195
-354 193
-342 187
-326 181
-362 185
-354 191
-334 183
-302 169
-306 175
-330 177
-326 179
-342 181
-322 177
-354 191
-338 191
-358 201
-382 201
-366 191
-318 175
-326 177
-322 175
-358 189
-354 187
-346 189
-326 167
-334 175
-302 157
-338 185
-350 191
-330 181
-350 191
-362 197
-362 197
-366 195
-370 195
-378 195
-378 199
-326 185
-346 191
-362 201
-386 207
-358 193
-382 203
-350 191
-282 173
-314 167
-330 177
-346 167
-326 169
-354 195
-322 175
-294 163
-362 193
-342 185
-342 191
-342 191
-358 195
-386 205
-338 191
-354 197
-374 199
-374 195
-342 191
-350 189
-386 205
-394 209
-394 209
-398 211
-418 217
-402 213
-406 209
-390 207
-374 203
-402 211
-346 183
-354 181
-374 187
-358 185
-346 181
-306 163
-290 143
-290 147
-302 161
-330 167
-330 167
-286 165
-286 163
-310 173
-318 175
-330 175
-358 179
-282 159
-302 153
-334 163
-374 185
-394 205
-334 185
-322 181
-342 191
-362 195
-334 181
-354 191
-310 175
-318 183
-354 187
-350 193
-382 205
-366 193
-358 181
-350 183
-342 189
-346 185
-362 201
-326 169
-330 185
-286 161
-270 153
-274 135
-314 165
-274 129
-306 139
-294 137
-318 149
-266 133
-322 135
-314 139
-330 149
-326 137
-310 121
-310 129
-298 125
-302 119
-290 123
-270 111
-262 111
-254 121
-270 133
-250 125
-274 133
-282 153
-322 181
-338 179
-342 187
-326 181
-378 203
-390 205
-390 205
-402 209
-406 207
-366 201
-362 185
-362 193
-350 193
-358 189
-366 197
-362 193
-358 191
-362 195
-342 193
-382 205
-386 205
-354 195
-382 201
-342 183
-338 181
-302 159
-258 143
-274 149
-258 131
-286 141
-302 157
-318 167
-326 165
-338 165
-330 163
-334 175
-318 171
-314 155
-334 167
-346 173
-326 169
-278 149
-286 157
-322 177
-382 195
-382 197
-354 181
-334 171
-358 181
-386 191
-378 185
-390 201
-366 193
-346 179
-362 187
-330 175
-290 155
-346 159
-306 157
-318 159
-358 183
-362 187
-358 197
-330 187
-370 201
-370 197
-386 201
-414 213
-370 199
-370 205
-350 191
-386 205
-394 209
-382 203
-398 207
-378 203
-354 189
-346 187
-366 189
-322 181
-370 199
-398 209
-386 205
-374 203
-366 201
-350 187
-302 163
-342 175
-374 189
-326 185
-358 193
-362 197
-366 201
-318 179
-322 185
-342 183
-342 193
-386 207
-330 175
-290 143
-310 153
-266 129
-286 143
-310 141
-282 131
-266 121
-282 147
-246 139
-266 143
-282 155
-314 177
-338 189
-326 185
-346 187
-358 191
-378 189
-378 189
-370 187
-330 165
-354 175
-318 157
-330 139
-354 157
-334 155
-354 175
-354 185
-382 189
-314 165
-322 185
-346 193
-334 185
-366 199
-334 189
-366 193
-386 207
-390 209
-354 195
-318 183
-310 169
-330 173
-362 185
-362 193
-370 201
-346 191
-346 185
-366 191
-326 175
-290 163
-282 163
-282 155
-354 189
-350 187
-390 205
-350 183
-354 191
-338 183
-342 183
-366 191
-358 195
-334 181
-334 175
-322 173
-294 157
-310 181
-322 177
-346 183
-358 193
-382 203
-370 199
-366 197
-382 205
-342 191
-326 175
-310 167
-334 179
-334 175
-330 175
-330 171
-346 183
-362 189
-346 179
-378 199
-346 195
-346 189
-350 183
-382 189
-346 193
-362 197
-398 209
-382 203
-402 207
-370 201
-402 207
-370 201
-334 187
-334 187
-322 179
-346 179
-358 191
-326 175
-314 173
-358 197
-382 191
-350 191
-370 193
-366 193
-374 199
-398 209
-378 207
-402 213
-410 211
-398 211
-394 207
-370 201
-366 185
-358 181
-334 173
-294 159
-306 165
-334 185
-290 159
-294 163
-298 169
-282 161
-314 159
-314 173
-322 183
-338 187
-350 185
-326 185
-330 181
-326 173
-354 195
-358 193
-358 193
-334 185
-346 181
-342 183
-366 185
-382 205
-406 213
-398 211
-358 201
-378 207
-366 199
-382 203
-382 205
-402 209
-402 211
-410 213
-386 207
-410 215
-394 207
-378 201
-390 203
-334 165
-338 159
-338 147
-314 133
-318 165
-314 163
-326 169
-342 181
-346 173
-346 179
-354 185
-370 191
-306 175
-322 175
-334 185
-366 193
-386 199
-346 193
-362 197
-386 199
-398 209
-394 197
-346 195
-390 209
-374 199
-366 189
-366 193
-374 201
-314 179
-374 201
-394 203
-378 197
-418 207
-382 195
-342 181
-342 181
-346 187
-374 199
-406 207
-366 201
-322 173
-354 191
-350 191
-362 199
-374 199
-358 197
-362 199
-366 197
-354 199
-374 195
-326 181
-326 179
-298 149
-270 147
-286 163
-338 163
-342 159
-338 153
-314 149
-314 145
-310 133
-326 121
-302 121
-290 123
-278 139
-286 107
-306 127
-306 121
-290 115
-294 139
-322 155
-314 147
-342 161
-342 149
-346 147
-330 157
-286 131
-270 129
-262 129
-258 127
-290 139
-266 127
-326 151
-346 173
-290 159
-334 177
-342 183
-330 177
-310 167
-350 185
-294 175
-306 163
-314 157
-278 147
-318 163
-298 159
-310 159
-274 155
-262 139
-286 151
-298 147
-286 131
-314 131
-342 139
-310 137
-350 149
-314 157
-322 153
-302 149
-310 141
-314 137
-306 155
-294 165
-334 175
-350 193
-350 193
-358 195
-354 193
-350 191
-330 181
-318 177
-290 163
-310 157
-326 167
-338 171
-350 169
-390 201
-402 211
-374 201
-370 197
-306 183
-338 175
-366 185
-362 179
-330 175
-326 163
-310 165
-330 173
-362 189
-330 185
-318 179
-334 187
-370 203
-374 205
-382 203
-390 209
-378 205
-350 197
-346 189
-366 189
-330 157
-322 149
-294 147
-334 171
-334 177
-354 187
-346 193
-338 183
-338 179
-354 177
-366 185
-354 189
-362 195
-370 189
-334 173
-350 175
-350 177
-338 185
-318 173
-306 183
-294 157
-334 181
-342 169
-326 161
-298 157
-350 175
-350 183
-334 175
-370 191
-338 169
-366 175
-330 165
