10 35
-246 83
-218 69
-226 83
-282 103
-286 123
-302 135
-290 149
-270 149
-282 133
-270 135
-226 135
-254 137
-286 145
-262 141
-290 143
-294 147
-294 167
-306 173
-374 193
-366 197
-358 193
-322 187
-370 199
-330 179
-350 187
-342 183
-326 167
-338 181
-322 159
-346 161
-342 155
-326 133
-330 141
-294 113
-286 107
-238 89
-242 99
-254 109
-266 105
-242 125
-242 137
-270 139
-330 167
-338 167
-282 153
-282 137
-286 139
-294 147
-274 125
-298 121
-310 125
-318 121
-342 147
-354 155
-366 169
-346 165
-270 159
-294 161
-310 165
-306 167
-254 155
-322 163
-302 153
-294 147
-282 151
-298 149
-318 165
-354 181
-350 183
-310 177
-330 177
-298 169
-282 151
-282 157
-306 161
-274 155
-274 161
-298 165
-278 153
-286 159
-306 165
-270 147
-282 135
-290 151
-282 159
-350 181
-318 179
-350 191
-342 185
-378 201
-390 209
-402 207
-354 193
-326 181
-238 127
-246 111
-230 107
-250 125
-254 125
-246 121
-254 127
-242 93
-266 73
-254 65
-234 63
-226 61
-222 77
-242 69
-258 77
-250 73
-246 71
-234 55
-226 47
-226 49
-270 51
-242 57
-242 43
-230 65
-234 59
-218 33
-202 33
-222 45
-234 17
-222 3
-222 23
-222 35
-214 7
-190 3
-210 31
-174 29
-166 43
-174 45
-182 35
-186 13
-206 25
-214 17
-210 35
-230 57
-246 59
-274 65
-262 91
-246 103
-270 103
-254 109
-238 117
-294 133
-322 151
-306 149
-310 157
-302 179
-318 181
-334 179
-314 181
-330 187
-354 189
-306 173
-338 189
-302 181
-342 193
-354 193
-338 177
-310 157
-346 177
-306 157
-314 151
-230 129
-194 103
-226 107
-226 91
-226 81
-242 107
-246 127
-258 105
-274 113
-266 135
-266 121
-242 107
-242 101
-266 129
-290 153
-318 141
-318 147
-290 141
-282 127
-302 137
-306 139
-298 125
-330 149
-314 147
-310 133
-326 133
-294 125
-270 121
-266 115
-262 115
-262 131
-262 139
-282 149
-274 153
-294 163
-274 153
-334 163
-338 165
-334 159
-318 143
-258 117
-274 113
-270 115
-266 111
-270 105
-250 97
-262 83
-234 31
-194 43
-202 47
-218 39
-210 47
-218 71
-238 93
-266 105
-310 103
-290 95
-270 95
-274 81
-274 75
-282 83
-250 49
-286 39
-306 47
-246 37
-254 53
-258 49
-246 21
-258 1
-278 25
-270 35
-266 25
-258 3
-242 37
-270 41
-242 43
-230 33
-218 17
-210 3
-254 27
-258 13
-250 9
-314 29
-294 3
-306 7
-290 11
-290 27
-282 43
-282 51
-294 33
-282 51
-282 37
-234 33
-234 45
-234 55
-266 33
-246 47
-246 33
-242 69
-286 109
-266 121
-302 113
-282 103
-242 99
-246 83
-210 63
-226 69
-254 95
-242 83
-266 73
-262 55
-262 83
-290 97
-286 97
-302 105
-262 93
-250 105
-278 97
-306 111
-306 127
-278 145
-322 167
-322 175
-362 197
-370 199
-374 199
-366 187
-358 185
-358 187
-346 173
-362 183
-358 175
-294 153
-302 165
-322 157
-346 171
-310 147
-294 129
-290 135
-274 141
-318 163
-334 157
-274 139
-282 129
-258 129
-278 153
-294 163
-322 171
-322 169
-302 151
-266 151
-298 147
-322 165
-310 151
-278 143
-278 137
-298 143
-294 137
-294 141
-246 117
-282 117
-318 115
-298 107
-298 93
-298 83
-274 77
-254 75
-270 103
-302 79
-286 47
-242 51
-270 65
-290 51
-282 39
-250 41
-258 81
-234 79
-282 85
-282 101
-302 109
-274 95
-310 105
-310 109
-282 109
-246 89
-250 89
-254 69
-206 65
-238 57
-238 73
-242 59
-258 79
-250 89
-226 75
-218 77
-222 59
-234 57
-202 37
-226 27
-218 51
-226 63
-222 53
-194 45
-234 91
-218 113
-234 109
-226 93
-230 113
-270 125
-282 97
-262 101
-266 91
-266 87
-270 81
-250 91
-250 89
-254 91
-258 107
-254 101
-234 77
-246 83
-230 97
-234 111
-274 143
-274 133
-294 147
-254 129
-262 119
-282 121
-282 117
-278 123
-286 129
-314 145
-294 159
-294 153
-342 169
-338 175
-314 161
-342 173
-298 173
-306 181
-282 155
-290 169
-298 155
-346 175
-334 175
-338 167
-374 175
-310 161
-330 171
-350 185
-346 177
-306 165
-282 153
-306 153
-302 153
-262 147
-278 137
-342 175
-338 175
-310 157
-318 161
-346 183
-330 181
-366 185
-370 199
-314 169
-374 195
-370 195
-362 199
-342 193
-322 175
-350 195
-374 205
-366 199
-338 189
-370 197
-358 195
-378 205
-366 189
-346 195
-390 209
-338 187
-326 167
-354 195
-354 189
-318 167
-306 159
-286 145
-298 139
-314 159
-342 163
-350 179
-354 183
-338 187
-330 185
-374 199
-350 189
-270 159
-310 169
-334 177
-298 151
-342 163
-326 151
-330 169
-330 163
-298 155
-306 163
-310 165
-306 165
-318 171
-346 181
-334 173
-326 177
-314 167
-354 193
-362 197
-322 171
-306 167
-306 173
-310 165
-318 181
-330 191
-322 183
-294 159
-258 115
-214 83
-198 79
-270 119
-258 117
-226 101
-230 103
-278 127
-302 159
-282 153
-282 153
-294 153
-258 145
-262 133
-274 139
-298 153
-290 147
-322 155
-354 151
-294 139
-366 163
-374 157
-318 147
-258 133
-234 127
-262 121
-286 97
-266 77
-254 79
-206 83
-234 73
-282 111
-254 123
-270 121
-278 117
-278 119
-322 143
-306 129
-278 123
-258 115
-278 131
-286 147
-270 139
-274 149
-242 129
-262 145
-270 137
-258 125
-282 147
-286 159
-314 165
-330 185
-342 185
-330 185
-342 173
-354 177
-298 155
-326 171
-346 175
-330 187
-390 209
-378 205
-374 199
-318 175
-334 179
-338 189
-318 181
-282 149
-278 151
-318 159
-262 115
-274 127
-314 139
-318 141
-322 149
-282 165
-310 177
-330 177
-338 171
-302 153
-282 153
-282 141
-274 161
-246 153
-334 185
-330 181
-346 191
-322 177
-302 175
-322 177
-338 183
-334 185
-330 185
-350 193
-354 195
-306 179
-318 185
-358 195
-362 201
-334 193
-362 187
-350 191
-358 199
-382 207
-370 199
-354 193
-326 183
-394 207
-370 201
-358 193
-386 207
-410 213
-374 203
-370 199
-358 199
-378 201
-374 203
-370 201
-326 173
-354 193
-366 199
-398 205
-378 203
-350 195
-386 205
-382 207
-402 211
-362 199
-386 203
-358 197
-366 201
-386 207
-370 201
-318 185
-298 177
-306 167
-306 169
-282 147
-286 137
-226 95
-210 83
-214 77
-182 81
-234 111
-270 123
-230 103
-258 113
-210 81
-242 97
-282 115
-318 147
-290 129
-246 113
-234 113
-238 117
-274 131
-258 137
-294 155
-298 145
-294 149
-298 151
-302 151
-286 147
-258 129
-270 137
-326 149
-318 147
-334 165
-322 163
-318 145
-318 137
-302 115
-330 127
-286 111
-294 83
-286 97
-290 103
-234 101
-234 97
-262 93
-278 79
-262 99
-282 109
-270 95
-242 77
-242 71
-246 25
-210 11
-230 29
-250 33
-254 43
-198 27
-242 27
-214 37
-202 35
-210 27
-230 41
-226 63
-226 41
-226 71
-238 57
-238 67
-242 59
-254 81
-294 95
-286 71
-226 65
-270 83
-266 77
-278 75
-294 71
-286 73
-250 75
-246 53
-262 61
-258 77
-254 89
-266 85
-274 67
-254 81
-258 85
-270 93
-238 75
-242 95
-242 107
-222 101
-222 81
-210 69
-190 63
-246 89
-266 99
-274 111
-286 103
-294 103
-250 99
-254 89
-298 97
-274 103
-278 101
-286 123
-294 91
-250 95
-274 105
-282 121
-286 141
-270 143
-286 153
-266 149
-238 109
-242 83
-246 97
-246 113
-238 117
-238 115
-238 123
-214 137
-310 133
-278 149
-286 157
-286 145
-298 145
-298 139
-346 171
-342 179
-350 189
-338 185
-326 173
-314 169
-346 197
-374 201
-362 193
-354 197
-366 193
-346 189
-334 177
-310 175
-318 181
-326 175
-262 143
-278 137
-238 111
-266 121
-230 135
-286 153
-302 165
-322 175
-322 165
-306 171
-338 185
-322 175
-318 171
-314 165
-330 173
-342 187
-358 193
-366 195
-366 199
-322 173
-350 189
-358 191
-354 195
-346 195
-330 187
-326 181
-342 183
-346 187
-338 191
-350 195
-338 187
-354 193
-334 179
-346 191
-382 201
-346 187
-366 197
-354 189
-362 201
-322 181
-342 179
-346 193
-358 189
-354 185
-350 189
-338 187
-314 167
-322 177
-286 163
-326 177
-294 163
-330 163
-274 153
-310 169
-338 179
-342 181
-314 181
-342 181
-334 175
-350 195
-342 195
-370 199
-326 183
-346 195
-358 197
-350 193
-342 187
-346 189
-338 189
-326 177
-358 191
-394 197
-402 205
-382 193
-370 197
-346 189
-342 185
-350 189
-346 193
-338 191
-346 185
-342 177
-318 173
-310 173
-286 161
-294 171
-306 163
-290 159
-294 137
-274 105
-290 119
-282 107
-302 111
-286 91
-250 89
-270 109
-290 127
-302 129
-306 145
-306 133
-322 161
-326 171
-306 163
-370 197
-366 199
-374 203
-342 183
-362 191
-374 201
-330 179
-310 165
-302 169
-314 179
-278 147
-242 129
-246 105
-254 125
-258 111
-306 125
-326 137
-286 123
-286 135
-286 141
-282 137
-278 129
-286 105
-274 105
-274 115
-282 117
-278 125
-298 137
-342 151
-326 155
-306 155
-318 167
-326 169
-302 171
-314 167
-298 167
-278 155
-262 145
-254 143
-270 131
-286 141
-286 143
-294 157
-274 153
-322 179
-330 177
-318 183
-350 193
-318 171
-294 143
-306 167
-342 181
-310 149
-326 149
-318 149
-334 157
-318 151
-338 157
-338 169
-334 163
-322 149
-318 157
-334 177
-306 157
-322 171
-314 163
-342 185
-342 181
-322 181
-318 181
-298 173
-274 149
-266 143
-278 159
-346 185
-314 167
-266 153
-334 181
-330 181
-306 171
-310 165
-278 137
-258 129
-258 119
-262 109
-254 113
-258 129
-282 137
-298 139
-314 135
-290 149
-290 139
-286 129
-306 155
-270 133
-318 155
-290 143
-322 169
-346 173
-318 177
-330 183
-346 191
-346 189
-326 185
-334 185
-358 191
-346 191
-374 185
-322 179
-326 183
-302 169
-346 189
-294 165
-306 169
-326 175
-358 191
-314 179
-294 175
-294 167
-262 153
-274 155
-306 169
-298 173
-262 149
-274 147
-294 137
-318 153
-278 135
-274 125
-286 147
-322 163
-342 169
-346 169
-338 177
-362 173
-334 171
-342 183
-326 179
-278 157
-326 181
-366 195
-338 189
-314 179
-342 169
-334 171
-354 179
-326 175
-298 159
-334 169
-294 155
-278 149
-330 159
-342 169
-318 157
-334 155
-270 131
-294 133
-290 151
-274 141
-266 135
-294 151
-310 153
-322 141
-318 125
-294 115
-322 137
-294 135
-286 123
-282 113
-274 113
-290 121
-254 99
-266 65
-282 45
-254 39
-262 25
-246 33
-226 35
-262 7
-286 29
-294 19
-294 7
-270 11
-262 13
-242 41
-278 31
-242 29
-250 9
-222 9
-234 5
-210 19
-214 37
-234 33
-218 9
-238 9
-206 5
-262 23
-266 13
-266 5
-250 3
-286 15
-282 1
-306 5
-298 5
-270 15
-238 9
-242 21
-258 41
-250 25
-254 47
-290 45
-254 35
-242 29
-222 41
-242 55
-234 61
-282 85
-270 57
-262 41
-278 37
-274 27
-294 31
-290 45
-230 11
-246 7
-218 19
-230 45
-274 37
-254 45
-302 49
-290 65
-254 39
-242 59
-258 83
-286 61
-266 83
-222 67
-230 55
-234 45
-242 45
-230 85
-270 105
-250 89
-254 87
-218 65
-230 57
-250 47
-270 59
-262 73
-270 59
-274 65
-266 53
-218 37
-234 35
-238 37
-230 73
-242 71
-258 69
-270 71
-278 69
-266 77
-270 73
-282 75
-294 59
-274 29
-286 21
-290 39
-306 51
-290 53
-250 55
-278 59
-282 75
-286 51
-234 69
-254 71
-230 71
-274 85
-286 101
-266 83
-262 83
-254 81
-294 87
-310 69
-274 73
-270 69
-250 89
-270 93
-266 71
-274 81
-266 73
-270 79
-282 81
-306 91
-310 99
-330 89
-306 91
-294 97
-266 75
-242 85
-246 93
-238 53
-234 65
-230 43
-230 55
-218 37
-222 29
-226 29
-238 53
-266 61
-246 41
-262 43
-230 55
-246 73
-286 79
-282 83
-278 95
-262 73
-254 85
-242 77
-266 67
-258 53
-262 29
-274 19
-306 45
-266 29
-266 27
-258 3
-230 27
-290 31
-250 11
-274 37
-258 15
-254 15
-222 15
-254 27
-234 33
-226 31
-206 33
-218 61
-242 59
-230 75
-218 93
-242 61
-238 67
-242 65
-210 55
-226 31
-202 25
-218 19
-210 27
-218 29
-238 37
-234 53
-258 61
-254 57
-262 57
-266 79
-242 69
-238 43
-226 41
-214 53
-250 61
-254 61
-222 79
-250 81
-290 97
-278 87
-238 59
-182 45
-214 49
-230 35
-246 17
-206 11
-202 17
-226 11
-254 11
-246 5
-226 3
