-12 6
-672 358
-680 364
-652 358
-660 348
-648 350
-592 324
-588 336
-596 332
-616 336
-600 324
-604 330
-620 328
-624 326
-648 324
-660 354
-576 326
-580 310
-644 330
-632 326
-604 324
-656 352
-640 352
-636 352
-644 352
-568 330
-532 314
-584 330
-580 328
-604 326
-584 322
-592 324
-560 306
-604 316
-572 306
-552 286
-552 294
-572 298
-480 250
-468 234
-496 246
-536 260
-576 302
-652 332
-608 326
-560 312
-588 318
-600 326
-620 342
-656 336
-632 340
-644 336
-636 346
-644 340
-608 332
-644 342
-620 326
-656 330
-596 314
-604 314
-576 288
-568 276
-572 272
-568 266
-524 262
-528 268
-548 272
-496 268
-568 290
-556 288
-568 302
-584 308
-592 316
-560 318
-560 318
-600 312
-580 280
-564 270
-604 276
-612 276
-596 298
-592 274
-616 304
-592 274
-548 266
-548 254
-544 256
-520 254
-516 270
-548 260
-484 224
-496 240
-440 218
-460 182
-424 198
-476 190
-508 212
-504 226
-468 200
-536 240
-520 212
-520 206
-536 210
-572 214
-532 210
-544 248
-504 242
-532 250
-544 254
-584 256
-584 264
-576 276
-584 270
-568 270
-532 278
-528 228
-580 266
-600 274
-616 286
-548 270
-572 288
-612 314
-600 300
-584 312
-560 276
-588 292
-588 268
-580 296
-616 320
-568 306
-588 334
-660 360
-704 370
-676 360
-668 354
-640 350
-648 350
-680 364
-660 356
-604 328
-592 312
-576 308
-600 318
-608 328
-540 314
-624 330
-600 318
-604 320
-632 336
-620 330
-632 338
-600 316
-616 332
-624 338
-596 330
-592 318
-572 316
-552 302
-552 288
-564 276
-544 258
-548 242
-540 248
-512 242
-516 246
-548 264
-568 266
-564 266
-492 226
-500 222
-532 204
-568 224
-556 198
-568 220
-552 240
-560 248
-548 242
-560 230
-580 212
-532 200
-508 220
-516 212
-564 252
-576 260
-552 258
-564 248
-576 250
-552 252
-528 264
-568 276
-576 310
-584 318
-628 326
-664 342
-672 344
-640 338
-648 348
-592 324
-588 328
-596 328
-608 336
-604 330
-628 344
-624 344
-636 330
-640 326
-620 320
-572 302
-560 308
-632 336
-664 346
-632 330
-624 326
-628 320
-584 314
-556 312
-540 288
-612 326
-572 320
-612 330
-596 310
-576 316
-600 314
-604 312
-520 296
-556 312
-620 342
-612 324
-644 338
-612 304
-616 314
-576 300
-512 284
-492 268
-540 266
-536 292
-620 328
-664 348
-632 340
-564 298
-560 288
-540 300
-580 316
-604 318
-600 312
-612 310
-584 310
-548 286
-544 296
-556 294
-596 304
-588 314
-556 310
-516 276
-540 294
-556 292
-560 308
-612 318
-620 324
-560 314
-592 312
-620 334
-596 312
-588 298
-588 308
-640 328
-632 334
-648 350
-672 346
-660 348
-648 346
-668 352
-628 338
-600 308
-580 288
-548 308
-588 324
-616 342
-576 318
-564 306
-568 318
-588 326
-668 354
-668 354
-668 360
-616 338
-668 352
-636 338
-664 356
-620 344
-612 318
-588 314
-612 318
-636 332
-628 338
-616 328
-556 304
-544 280
-560 252
-508 270
-532 294
-572 316
-584 310
-572 312
-628 348
-648 350
-664 356
-664 352
-628 344
-660 352
-624 336
-604 322
-664 346
-632 334
-608 332
-604 318
-604 322
-632 344
-668 356
-636 342
-676 348
-656 342
-640 346
-588 334
-600 336
-636 342
-680 352
-652 348
-628 342
-604 334
-612 330
-588 314
-564 316
-620 332
-660 358
-624 336
-608 328
-656 338
-576 316
-644 340
-640 324
-616 322
-560 312
-596 316
-608 322
-620 336
-632 344
-620 336
-612 346
-580 324
-648 350
-656 346
-664 354
-656 358
-696 368
-700 368
-624 328
-584 316
-572 304
-556 300
-616 316
-604 328
-552 320
-588 328
-588 330
-632 344
-596 326
-644 350
-604 330
-628 322
-592 310
-620 310
-632 336
-636 330
-588 324
-604 332
-608 320
-620 332
-616 330
-596 330
-628 334
-660 346
-672 346
-644 342
-660 352
-652 350
-612 344
-572 322
-612 338
-632 344
-704 372
-716 376
-656 358
-656 358
-692 368
-696 366
-696 360
-668 360
-652 348
-636 336
-664 326
-612 314
-632 326
-672 346
-636 348
-672 364
-652 352
-688 368
-664 358
-588 320
-632 332
-572 314
-564 304
-580 308
-540 288
-536 268
-564 264
-532 262
-512 258
-524 264
-596 280
-560 278
-520 278
-560 308
-616 328
-636 338
-604 320
-580 310
-568 296
-572 276
-536 262
-540 304
-564 286
-572 304
-548 306
-604 322
-592 302
-616 328
-572 316
-580 326
-556 308
-564 310
-608 322
-568 314
-568 298
-596 292
-632 314
-652 306
-600 294
-652 320
-536 294
-576 294
-592 294
-560 286
-564 292
-572 306
-600 330
-608 336
-600 330
-652 344
-664 358
-640 350
-580 330
-612 334
-576 312
-584 312
-604 322
-600 320
-568 318
-560 314
-540 306
-572 318
-572 320
-552 322
-596 328
-580 318
-560 308
-576 312
-624 330
-624 332
-628 322
-636 342
-580 310
-644 346
-660 348
-640 338
-624 330
-620 328
-616 336
-612 328
-624 326
-576 314
-596 312
-612 316
-568 314
-564 306
-636 348
-636 324
-612 322
-608 320
-640 346
-632 344
-668 354
-676 358
-668 344
-672 358
-596 340
-608 336
-660 358
-628 348
-652 350
-604 328
-568 324
-628 348
-620 348
-632 344
-640 348
-660 334
-644 334
-640 320
-660 328
-612 318
-624 324
-608 326
-600 320
-620 328
-612 334
-656 342
-652 352
-672 360
-620 342
-632 342
-664 350
-632 336
-652 344
-644 348
-608 340
-616 334
-624 342
-660 346
-644 346
-660 348
-628 334
-612 326
-624 334
-640 336
-608 322
-648 340
-592 316
-572 316
-548 300
-528 290
-596 306
-620 326
-604 328
-656 350
-644 346
-644 354
-700 368
-684 358
-668 342
-680 346
-660 338
-668 344
-644 344
-628 334
-624 332
-648 332
-668 342
-636 320
-580 308
-600 314
-568 314
-576 300
-596 312
-588 304
-660 342
-668 340
-624 332
-612 312
-604 324
-560 308
-612 302
-608 318
-608 322
-644 340
-624 338
-552 296
-568 298
-612 330
-644 338
-648 328
-652 332
-632 326
-616 298
-616 288
-612 282
-584 276
-588 272
-548 248
-528 248
-560 240
-540 224
-560 250
-520 242
-564 284
-604 276
-652 276
-604 248
-588 244
-572 240
-580 230
-540 218
-500 200
-516 184
-508 170
-536 158
-548 148
-536 154
-504 162
-500 154
-456 118
-500 110
-480 118
-496 140
-508 126
-516 150
-504 154
-488 130
-500 122
-444 126
-476 134
-472 150
-436 142
-456 144
-476 148
-420 142
-468 130
-512 100
-512 86
-488 70
-508 66
-512 84
-540 108
-560 78
-528 124
-548 114
-560 134
-524 112
-520 96
-524 80
-520 108
-532 62
-524 76
-488 80
-512 98
-520 72
-516 100
-568 138
-468 130
-472 104
-448 98
-520 98
-488 88
-480 72
-464 80
-464 50
-476 44
-512 24
-504 28
-528 14
-536 10
-516 26
-508 86
-524 90
-512 106
-536 114
-532 128
-480 132
-444 132
-484 146
-524 152
-472 186
-496 206
-544 206
-564 208
-540 232
-564 232
-484 208
-520 222
-564 206
-532 206
-588 230
-568 226
-576 246
-556 242
-532 256
-520 256
-512 222
-516 192
-488 182
-516 208
-532 188
-536 194
-568 194
-580 210
-532 210
-508 218
-492 200
-492 204
-520 232
-528 246
-528 248
-536 254
-584 278
-608 284
-544 244
-540 264
-576 296
-604 292
-612 292
-540 264
-552 292
-552 286
-504 252
-516 254
-512 268
-564 288
-540 292
-592 312
-620 318
-604 318
-608 308
-596 308
-572 296
-608 322
-592 314
-616 326
-604 306
-620 302
-556 278
-556 272
-568 292
-548 304
-636 308
-592 302
-632 314
-600 310
-604 320
-600 300
-596 312
-584 304
-584 292
-548 288
-548 276
-548 286
-576 312
-644 338
-616 330
-600 318
-568 300
-592 308
-544 296
-580 318
-512 290
-544 288
-576 288
-584 292
-580 296
-636 320
-616 326
-644 340
-612 330
-596 318
-604 336
-624 336
-640 344
-628 340
-620 334
-624 332
-620 324
-628 320
-652 340
-640 340
-652 330
-616 322
-584 304
-568 282
-600 270
-588 266
-560 278
-568 286
-556 288
-604 306
-564 294
-652 344
-628 344
-652 348
-624 336
-604 332
-612 338
-628 340
-644 356
-628 346
-652 340
-640 342
-644 350
-656 350
-636 344
-644 342
-612 340
-624 336
-620 338
-668 358
-648 356
-648 358
-672 362
-656 354
-628 348
-684 366
-660 354
-612 332
-600 326
-616 326
-612 348
-580 322
-664 350
-664 354
-684 366
-672 362
-676 356
-664 350
-660 350
-656 340
-652 346
-640 338
-656 360
-596 332
-652 342
-628 334
-624 330
-576 328
-576 328
-584 330
-620 334
-640 346
-656 354
-592 334
-600 332
-596 322
-556 292
-564 288
-572 290
-612 282
-616 294
-568 278
-532 244
-580 270
-612 280
-584 278
-584 290
-552 290
-568 306
-624 316
-612 306
-592 304
-604 296
-596 310
-592 310
-576 298
-604 312
-588 308
-592 316
-596 318
-636 318
-580 302
-580 298
-612 310
-604 304
-628 326
-596 318
-528 252
-540 260
-500 228
-540 242
-552 262
-600 256
-616 270
-588 266
-580 260
-572 248
-520 224
-532 214
-532 242
-500 248
-540 254
-544 252
-540 264
-532 270
-548 268
-560 272
-548 252
-560 276
-596 290
-644 314
-656 310
-656 324
-588 308
-624 308
-568 286
-552 288
-520 246
-516 270
-548 274
-532 276
-564 302
-592 308
-584 302
-536 306
-564 326
-612 332
-620 346
-640 348
-664 356
-668 362
-636 354
-624 340
-596 318
-592 314
-544 310
-536 298
-540 320
-556 322
-612 336
-580 320
-608 326
-560 306
-624 338
-624 340
-608 332
-660 352
-636 340
-640 348
-656 356
-696 368
-676 362
-636 346
-616 330
-612 322
-644 340
-688 354
-648 344
-648 352
-608 330
-624 340
-596 320
-620 312
-600 298
-596 288
-548 242
-536 244
-528 238
-500 216
-516 210
-572 230
-520 204
-528 176
-564 200
-540 186
-540 174
-500 162
-552 182
-544 196
-568 224
-548 226
-592 252
-592 258
-608 268
-588 268
-568 262
-600 264
-612 278
-584 256
-580 248
-636 280
-640 264
-600 242
-568 236
-540 238
-524 246
-588 278
-488 226
-552 246
-600 248
-580 264
-548 264
-532 250
-532 258
-544 250
-532 236
