0 22
-304 2
-436 6
-532 2
-564 6
-596 14
-608 16
-616 28
-616 2
-636 38
-632 42
-636 44
-652 40
-656 56
-656 56
-652 54
-664 40
-684 48
-684 32
-688 60
-688 60
-688 78
-696 64
-696 78
-696 76
-696 74
-696 72
-696 78
-696 98
-708 92
-700 88
-708 88
-700 90
-704 90
-704 100
-700 100
-704 102
-712 90
-708 102
-704 116
-700 114
-704 116
-704 104
-704 114
-696 108
-700 104
-696 96
-700 106
-704 114
-700 94
-692 94
-696 88
-700 92
-708 86
-704 92
-700 84
-708 84
-708 86
-700 84
-692 76
-700 84
-688 86
-696 78
-700 74
-704 82
-704 96
-700 96
-692 98
-688 108
-692 114
-684 124
-684 132
-688 146
-692 130
-700 138
-696 154
-692 154
-692 148
-692 154
-692 160
-692 180
-696 184
-692 188
-696 208
-700 216
-692 234
-700 240
-696 230
-696 212
-700 210
-704 214
-704 210
-696 200
-700 196
-700 196
-700 188
-700 200
-704 194
-700 202
-700 206
-704 204
-704 216
-704 230
-704 226
-704 230
-700 232
-700 246
-696 242
-700 242
-712 258
-716 266
-716 270
-724 276
-720 294
-724 306
-728 318
-732 322
-740 330
-736 328
-744 328
-748 330
-752 340
-760 356
-756 356
-760 360
-760 364
-764 366
-768 376
-764 374
-768 382
-776 386
-776 390
-788 396
-784 396
-784 396
-800 400
-800 400
-800 400
-800 400
-800 400
-800 400
-792 398
-792 398
-792 398
-800 400
-800 400
-800 400
-800 400
-800 400
-800 400
-800 400
-800 400
-800 400
-800 400
-800 400
-800 400
-800 400
-792 398
-792 398
-792 398
-800 400
-800 400
-800 400
-800 400
-800 400
-800 400
-792 398
-792 398
-792 398
-792 398
-792 398
-792 398
-800 400
-800 400
-800 400
-800 400
-792 398
-800 400
-800 400
-800 400
-800 400
-800 400
-800 400
-800 400
-800 400
-800 400
-800 400
-800 400
-800 400
-800 400
-800 400
-800 400
-792 398
-800 400
-800 400
-800 400
-800 400
-800 400
-800 400
-800 400
-800 400
-792 398
-800 400
-800 400
-800 400
-800 400
-800 400
-800 400
-800 400
-800 400
-800 400
-800 400
-800 400
-792 398
-792 398
-800 400
-800 400
-800 400
-800 400
-800 400
-800 400
-800 400
-800 400
-800 400
-800 400
-800 400
-800 400
-800 400
-800 400
-800 400
-800 400
-800 400
-800 400
-800 400
-800 400
-800 400
-800 400
-792 398
-800 400
-800 400
-792 398
-788 396
-792 398
-792 398
-792 398
-792 398
-800 400
-800 400
-800 400
-800 400
-800 400
-800 400
-792 398
-800 400
-800 400
-800 400
-800 400
-800 400
-800 400
-800 400
-792 398
-800 400
-800 400
-800 400
-800 400
-800 400
-800 400
-800 400
-800 400
-800 400
-800 400
-800 400
-800 400
-800 400
-800 400
-800 400
-800 400
-800 400
-800 400
-800 400
-800 400
-792 398
-800 400
-800 400
-800 400
-800 400
-800 400
-800 400
-800 400
-800 400
-800 400
-800 400
-800 400
-800 400
-800 400
-800 400
-800 400
-800 400
-800 400
-800 400
-800 400
-800 400
-792 398
-792 398
-800 400
-800 400
-800 400
-800 400
-800 400
-800 400
-800 400
-792 398
-800 400
-792 398
-784 396
-784 396
-800 400
-800 400
-800 400
-800 400
-800 400
-800 400
-800 400
-800 400
-800 400
-792 398
-800 400
-800 400
-800 400
-800 400
-800 400
-800 400
-800 400
-800 400
-800 400
-800 400
-800 400
-800 400
-800 400
-800 400
-800 400
-800 400
-800 400
-800 400
-800 400
-800 400
-800 400
-800 400
-800 400
-792 398
-792 398
-792 398
-800 400
-800 400
-800 400
-800 400
-800 400
-792 398
-800 400
-800 400
-800 400
-800 400
-800 400
-800 400
-792 398
-800 400
-800 400
-792 398
-792 398
-800 400
-800 400
-800 400
-800 400
-800 400
-800 400
-800 400
-800 400
-800 400
-800 400
-800 400
-792 398
-800 400
-792 398
-792 398
-800 400
-800 400
-800 400
-800 400
-800 400
-800 400
-792 398
-792 398
-792 398
-792 398
-792 398
-792 398
-800 400
-800 400
-800 400
-800 400
-800 400
-800 400
-800 400
-800 400
-800 400
-800 400
-800 400
-800 400
-800 400
-800 400
-800 400
-800 400
-800 400
-800 400
-800 400
-800 400
-800 400
-792 398
-800 400
-800 400
-800 400
-800 400
-800 400
-800 400
-800 400
-800 400
-800 400
-800 400
-800 400
-800 400
-800 400
-800 400
-800 400
-800 400
-800 400
-800 400
-800 400
-800 400
-800 400
-800 400
-800 400
-800 400
-800 400
-800 400
-800 400
-800 400
-800 400
-800 400
-800 400
-800 400
-800 400
-800 400
-800 400
-800 400
-800 400
-800 400
-800 400
-800 400
-792 398
-800 400
-800 400
-800 400
-792 398
-800 400
-800 400
-800 400
-800 400
-800 400
-800 400
-800 400
-800 400
-800 400
-800 400
-800 400
-800 400
-800 400
-800 400
-792 398
-800 400
-800 400
-800 400
-792 398
-792 398
-792 398
-800 400
-800 400
-800 400
-800 400
-800 400
-800 400
-792 398
-792 398
-792 398
-792 398
-792 398
-800 400
-800 400
-800 400
-800 400
-800 400
-800 400
-800 400
-800 400
-800 400
-800 400
-800 400
-792 398
-800 400
-800 400
-800 400
-800 400
-792 398
-792 398
-800 400
-800 400
-800 400
-792 398
-800 400
-800 400
-800 400
-800 400
-800 400
-800 400
-800 400
-800 400
-800 400
-800 400
-800 400
-792 398
-800 400
-800 400
-800 400
-800 400
-800 400
-800 400
-800 400
-800 400
-800 400
-800 400
-800 400
-800 400
-800 400
-800 400
-800 400
-800 400
-800 400
-800 400
-800 400
-800 400
-800 400
-800 400
-800 400
-800 400
-800 400
-792 398
-792 398
-800 400
-800 400
-800 400
-800 400
-800 400
-800 400
-800 400
-792 398
-800 400
-800 400
-800 400
-800 400
-792 398
-788 396
-792 398
-792 398
-800 400
-800 400
-800 400
-800 400
-800 400
-800 400
-800 400
-800 400
-800 400
-800 400
-792 398
-800 400
-800 400
-800 400
-800 400
-800 400
-800 400
-800 400
-800 400
-800 400
-800 400
-800 400
-800 400
-800 400
-800 400
-800 400
-800 400
-792 398
-792 398
-800 400
-800 400
-800 400
-800 400
-800 400
-792 398
-792 398
-792 398
-800 400
-784 396
-800 400
-800 400
-792 398
-792 398
-800 400
-800 400
-800 400
-800 400
-800 400
-800 400
-792 398
-800 400
-792 398
-792 398
