-12 6
-584 310
-556 304
-572 314
-580 318
-532 286
-536 274
-512 232
-552 276
-540 268
-536 250
-488 234
-532 240
-576 248
-588 270
-552 272
-556 248
-552 234
-520 204
-520 202
-492 218
-484 190
-520 208
-512 172
-528 182
-544 182
-540 166
-520 156
-512 200
-504 200
-476 176
-492 166
-472 134
-444 138
-444 166
-484 154
-468 142
-420 118
-444 122
-480 160
-512 170
-544 172
-464 176
-480 160
-472 174
-448 176
-476 204
-504 246
-468 250
-464 226
-504 250
-548 260
-516 236
-568 274
-564 286
-516 272
-584 304
-580 302
-588 308
-540 294
-560 298
-552 300
-556 296
-540 288
-592 322
-564 302
-540 274
-496 278
-504 276
-540 288
-536 304
-532 292
-592 310
-576 320
-540 306
-596 316
-564 296
-596 306
-608 294
-548 278
-588 322
-612 334
-628 350
-624 342
-600 332
-636 348
-664 348
-652 354
-616 346
-692 364
-640 346
-684 358
-648 344
-608 326
-548 314
-540 310
-608 326
-572 312
-592 314
-596 318
-604 316
-596 316
-556 294
-540 300
-560 298
-576 320
-572 292
-628 330
-612 306
-592 298
-584 296
-584 298
-560 292
-540 268
-572 272
-588 292
-564 286
-560 294
-500 238
-492 256
-536 266
-492 220
-524 216
-548 246
-560 248
-576 266
-552 270
-548 258
-524 266
-552 236
-560 266
-572 276
-612 270
-548 254
-536 254
-560 254
-500 250
-480 246
-564 300
-584 294
-524 272
-536 254
-520 270
-528 260
-480 244
-544 256
-536 248
-504 256
-568 286
-604 316
-580 296
-532 288
-552 290
-512 262
-528 306
-532 296
-540 306
-496 278
-484 280
-452 250
-508 262
-516 248
-528 254
-592 272
-528 248
-516 212
-504 222
-488 216
-496 192
-480 222
-516 238
-500 236
-540 232
-532 252
-540 270
-504 256
-532 242
-548 260
-520 234
-516 236
-524 242
-540 242
-516 236
-524 226
-492 238
-492 228
-528 258
-536 260
-632 272
-560 266
-520 244
-496 224
-472 218
-484 228
-500 248
-504 212
-508 194
-500 198
-464 160
-504 184
-540 200
-568 200
-572 210
-576 192
-572 206
-552 196
-548 194
-552 212
-464 192
-500 236
-516 222
-524 234
-516 230
-560 250
-560 254
-500 206
-476 210
-520 204
-512 206
-556 204
-560 160
-568 190
-544 174
-556 158
-564 182
-600 194
-604 212
-548 178
-592 212
-552 212
-580 258
-588 278
-580 284
-568 294
-568 298
-544 300
-564 306
-596 320
-640 342
-604 326
-628 340
-592 330
-632 324
-620 324
-620 320
-620 312
-592 284
-592 284
-568 284
-552 278
-572 306
-644 338
-720 368
-680 358
-712 374
-688 370
-680 366
-704 368
-712 362
-676 358
-648 350
-660 352
-660 352
-668 356
-596 324
-624 326
-592 316
-596 310
-624 334
-556 314
-576 304
-572 306
-608 326
-596 328
-584 326
-596 332
-616 342
-568 310
-560 308
-568 310
-548 308
-608 320
-572 310
-624 328
-636 310
-584 288
-556 284
-572 288
-564 290
-596 288
-544 280
-568 284
-540 284
-524 250
-488 242
-528 260
-524 252
-576 260
-576 262
-560 248
-540 242
-540 258
-528 264
-476 236
-432 200
-464 178
-476 210
-516 252
-524 282
-544 296
-556 284
-556 302
-596 296
-580 298
-572 272
-532 280
-564 276
-560 290
-512 244
-544 256
-528 258
-540 270
-592 276
-568 270
-520 248
-536 270
-548 244
-540 268
-564 270
-536 268
-508 214
-492 206
-488 200
-536 198
-516 240
-464 250
-476 232
-504 222
-516 226
-456 222
-488 216
-512 250
-580 262
-548 252
-492 240
-528 254
-444 202
-492 216
-520 228
-532 222
-516 216
-524 210
-532 238
-524 230
-524 218
-540 190
-504 180
-508 180
-516 168
-536 172
-552 188
-568 200
-544 198
-576 198
-564 190
-592 214
-516 176
-520 156
-536 128
-468 118
-468 110
-460 116
-460 122
-436 134
-444 106
-460 120
-464 70
-432 66
-452 68
-452 14
-448 42
-412 18
-384 34
-372 8
-408 22
-412 26
-388 16
-424 6
-424 32
-468 68
-520 72
-488 86
-552 110
-536 114
-488 84
-516 66
-512 50
-500 36
-488 38
-512 2
-516 10
-424 54
-480 66
-464 36
-504 46
-504 52
-524 78
-528 74
-496 78
-448 110
-440 114
-432 80
-484 82
-444 82
-464 76
-420 92
-344 68
-388 88
-424 62
-468 90
-460 106
-476 146
-552 156
-524 140
-528 164
-524 174
-540 170
-520 178
-532 172
-496 182
-524 170
-512 132
-504 102
-516 66
-496 82
-492 94
-460 64
-508 82
-468 44
-456 64
-488 80
-524 96
-484 104
-464 74
-444 70
-464 94
-476 124
-400 120
-404 128
-432 114
-444 114
-452 130
-412 120
-456 184
-464 158
-428 140
-464 148
-460 136
-460 96
-396 86
-416 106
-440 140
-468 152
-472 146
-444 130
-432 128
-440 118
-472 152
-484 176
-464 200
-492 210
-528 234
-528 230
-556 206
-508 178
-516 186
-488 180
-472 208
-492 220
-480 230
-504 240
-584 262
-560 238
-552 236
-616 244
-552 214
-528 214
-556 230
-540 234
-540 256
-532 262
-548 294
-592 308
-564 294
-560 290
-564 312
-564 316
-516 296
-508 284
-496 278
-524 282
-552 272
-528 266
-508 244
-556 258
-536 236
-492 212
-552 254
-508 256
-544 248
-556 256
-544 262
-524 270
-556 270
-552 298
-516 284
-512 282
-544 294
-596 298
-604 314
-568 262
-548 282
-508 246
-508 264
-512 256
-484 256
-544 286
-532 274
-512 270
-556 252
-560 258
-556 298
-552 304
-536 282
-552 264
-540 276
-552 288
-536 280
-544 288
-540 286
-516 268
-484 242
-504 260
-516 232
-508 214
-556 238
-512 222
-544 234
-528 194
-480 172
-508 208
-508 220
-480 210
-508 222
-516 244
-520 254
-536 268
-588 270
-592 292
-592 294
-600 302
-608 302
-580 290
-552 284
-564 290
-488 256
-532 284
-524 272
-536 286
-540 278
-540 266
-552 278
-500 266
-592 298
-544 286
-556 304
-512 280
-532 296
-540 304
-612 334
-560 296
-564 300
-564 300
-560 282
-560 268
-488 238
-460 226
-448 228
-472 228
-492 240
-492 238
-484 226
-484 226
-468 202
-516 216
-488 192
-480 172
-488 176
-500 194
-512 220
-544 228
-532 212
-476 204
-492 214
-532 220
-532 200
-484 190
-488 198
-464 180
-508 182
-524 200
-552 222
-556 230
-552 234
-568 248
-584 264
-592 280
-556 286
-576 306
-564 304
-620 316
-568 290
-504 278
-556 304
-556 302
-552 306
-572 296
-596 292
-608 298
-596 316
-592 330
-592 328
-592 324
-592 326
-628 346
-652 346
-608 330
-576 314
-644 348
-608 328
-608 326
-604 318
-600 328
-628 334
-600 334
-608 328
-616 330
-624 334
-636 342
-608 316
-628 328
-608 308
-596 310
-624 328
-644 344
-648 346
-600 332
-628 342
-624 332
-640 332
-612 320
-584 328
-592 330
-668 358
-656 354
-636 334
-584 318
-596 324
-612 330
-636 340
-664 356
-676 364
-624 344
-624 344
-648 354
-684 346
-648 328
-624 320
-632 318
-584 304
-620 296
-532 266
-536 264
-568 260
-560 272
-540 222
-572 236
-612 242
-592 240
-568 214
-556 222
-588 212
-548 186
-484 190
-480 188
-516 188
-548 218
-472 186
-464 178
-452 170
-500 154
-444 148
-452 180
-428 200
-456 194
-492 204
-516 234
-520 216
-488 212
-524 228
-536 254
-484 204
-540 224
-552 248
-544 252
-528 236
-504 254
-532 246
-560 262
-524 248
-536 254
-500 246
-548 282
-516 260
-564 306
-580 310
-616 324
-588 322
-608 308
-600 320
-624 338
-604 320
-588 320
-536 300
-536 282
-536 296
-552 272
-556 284
-580 310
-568 296
-600 296
-520 278
-520 266
-504 256
-512 280
-552 282
-620 322
-624 306
-620 314
-640 324
-680 332
-592 288
-584 294
-568 272
-604 244
-540 224
-576 232
-572 252
-560 274
-508 268
-460 226
-540 236
-528 262
-528 268
-564 290
-568 290
-564 300
-556 300
-556 302
-496 282
-544 294
-552 304
-564 316
-624 326
-588 322
-640 336
-604 328
-616 340
-604 330
-592 324
-540 294
-556 286
-588 300
-572 300
-556 282
-544 286
-556 294
-528 294
-552 314
-556 308
-592 318
-616 310
-604 314
-628 324
-624 344
-608 334
-616 332
-600 332
-664 352
-608 338
-612 330
-632 336
-564 312
-600 316
-604 314
-612 316
-620 308
-616 318
-628 330
-596 314
-592 312
-572 314
-600 330
-644 354
-600 332
-640 350
-612 326
-608 330
-620 338
-644 354
-628 344
-584 324
-592 322
-596 302
-604 332
-616 330
-556 306
-600 326
-596 330
-564 318
-596 326
-548 308
-548 306
-580 320
-608 338
-624 340
-680 362
-644 348
-660 354
-604 340
-592 334
-624 338
-616 330
-632 344
-644 348
-576 314
-584 322
-640 350
-576 322
-656 344
-648 346
-636 348
-624 342
-636 348
-576 330
-560 300
-540 310
-628 338
-628 330
-644 342
-624 326
-592 330
-600 322
-652 342
-632 340
-580 302
-568 296
-584 290
-588 314
-564 308
-512 294
-536 298
-572 280
-580 302
-512 288
-472 256
-548 278
-516 284
-512 278
-508 282
-532 264
-524 268
-548 284
-504 254
-520 246
-520 216
-460 208
-548 212
-564 226
-540 222
-496 216
-456 202
-528 260
-556 274
-556 262
-564 268
-520 252
-516 250
-564 272
-532 252
-512 254
-604 300
-568 300
-596 318
-644 334
-628 322
-536 290
-544 296
-604 314
-568 302
-576 292
-520 292
-564 312
-564 306
-572 312
-544 316
-588 316
-584 326
-528 308
-648 344
-620 336
-636 346
-596 326
-612 330
-628 342
-580 326
-612 344
-580 318
-568 320
-620 328
-628 332
-616 324
-612 316
-616 316
-508 262
-508 270
-544 286
-480 296
-556 308
-628 328
-620 338
-632 344
-608 328
-600 328
-584 320
-568 310
-512 288
-584 306
-564 302
-560 306
-576 322
-572 306
-580 308
-596 330
-612 324
-588 294
-604 306
-552 304
-592 328
-604 334
-572 296
-588 324
-584 310
-540 306
-572 310
-592 320
-628 340
-624 340
-632 328
-600 316
-620 320
-608 326
-600 330
-568 306
-596 304
-544 274
-560 282
-632 304
-620 306
-620 302
-564 286
-572 298
-552 282
-592 302
-568 266
-580 276
-584 298
-612 282
-604 276
-592 274
-580 284
-592 274
-544 256
-524 258
-584 286
-580 278
-512 242
-420 188
-504 200
-500 208
