-28 10
-292 8
-380 8
-472 18
-532 48
-544 38
-576 10
-588 38
-596 38
-604 36
-620 26
-636 38
-636 28
-636 28
-632 26
-636 38
-648 38
-656 36
-656 26
-644 14
-648 4
-660 6
-672 10
-672 8
-660 26
-648 24
-660 26
-672 36
-676 50
-672 54
-676 56
-672 30
-680 36
-688 26
-684 20
-688 20
-688 8
-688 8
-676 14
-680 0
-692 6
-692 14
-696 18
-700 4
-700 6
-700 22
-704 20
-696 20
-696 38
-688 54
-688 54
-688 42
-680 54
-692 74
-692 78
-692 74
-696 74
-688 80
-704 94
-704 96
-708 94
-696 98
-700 94
-696 94
-688 78
-696 78
-704 82
-700 94
-700 98
-704 96
-696 82
-708 86
-704 86
-708 90
-704 94
-704 98
-708 120
-716 112
-712 110
-712 96
-712 90
-708 102
-708 94
-708 104
-708 102
-708 106
-700 122
-696 130
-708 134
-700 120
-716 126
-708 128
-712 130
-716 128
-716 132
-700 116
-696 128
-700 138
-704 138
-704 132
-700 138
-696 154
-692 154
-704 156
-708 150
-704 154
-704 166
-704 160
-704 172
-684 172
-692 180
-700 174
-696 168
-700 174
-688 180
-692 182
-696 178
-692 164
-696 170
-696 160
-696 152
-708 148
-708 136
-700 126
-692 130
-696 132
-704 124
-704 132
-712 138
-708 140
-704 134
-704 128
-704 126
-700 134
-696 122
-708 126
-704 132
-704 140
-704 140
-700 126
-688 134
-696 142
-696 148
-700 154
-696 150
-696 150
-700 138
-700 134
-704 126
-704 120
-696 106
-696 102
-696 90
-696 78
-692 80
-696 76
-688 78
-692 68
-700 56
-712 52
-712 50
-712 50
-708 52
-708 60
-708 52
-708 52
-704 60
-704 62
-700 74
-700 70
-700 74
-708 86
-708 92
-704 82
-708 80
-704 80
-700 88
-700 92
-704 86
-704 88
-704 82
-692 82
-692 100
-696 92
-696 90
-696 104
-700 96
-700 98
-704 92
-708 88
-708 104
-708 110
-704 122
-708 126
-712 128
-704 116
-704 116
-704 122
-712 124
-712 132
-708 144
-704 142
-696 144
-700 128
-696 124
-704 126
-700 132
-704 134
-704 130
-704 138
-696 146
-700 138
-700 142
-700 144
-700 148
-704 142
-700 154
-704 156
-700 160
-696 144
-700 130
-700 138
-688 138
-696 136
-688 140
-692 168
-696 164
-692 166
-692 174
-688 170
-688 160
-696 162
-696 174
-700 174
-692 184
-676 176
-676 168
-692 178
-700 166
-692 172
-692 182
-696 176
-696 180
-696 174
-704 180
-708 184
-708 186
-708 180
-700 180
-704 178
-704 166
-700 172
-708 166
-704 160
-704 152
-700 148
-700 170
-696 174
-700 174
-704 172
-708 168
-692 166
-692 158
-704 158
-708 152
-708 146
-704 146
-704 146
-708 154
-708 146
-708 158
-708 154
-700 152
-692 136
-700 122
-692 142
-700 148
-700 152
-692 172
-692 178
-696 180
-692 180
-696 190
-696 190
-696 170
-696 158
-700 158
-696 152
-704 146
-704 166
-704 172
-712 188
-716 194
-712 196
-716 192
-712 194
-712 192
-708 172
-708 180
-700 176
-688 176
-704 172
-692 170
-704 174
-704 176
-704 180
-704 176
-696 188
-688 190
-696 170
-700 176
-700 172
-692 172
-700 164
-704 150
-704 156
-696 162
-708 172
-708 162
-704 162
-704 156
-708 158
-708 174
-704 174
-700 172
-700 178
-700 184
-696 182
-700 186
-692 184
-700 188
-700 186
-704 192
-700 206
-692 204
-688 202
-688 208
-696 212
-692 204
-704 208
-692 186
-684 190
-688 198
-708 194
-700 184
-704 178
-708 192
-700 190
-700 172
-708 176
-708 178
-684 176
-700 176
-708 166
-708 168
-712 164
-708 158
-704 162
-704 164
-708 172
-708 176
-704 174
-704 168
-704 156
-712 170
-712 168
-704 166
-700 172
-704 184
-700 186
-704 190
-704 186
-704 194
-704 202
-708 208
-708 198
-704 194
-704 192
-704 202
-700 182
-704 182
-704 180
-712 178
-704 172
-708 178
-704 188
-700 184
-696 188
-704 186
-708 180
-708 188
-696 182
-704 192
-696 188
-700 182
-696 176
-692 176
-688 182
-692 178
-696 186
-696 206
-696 206
-696 204
-704 204
-708 212
-708 198
-704 206
-700 208
-700 208
-696 202
-704 204
-700 204
-696 202
-708 214
-704 210
-700 216
-688 210
-704 206
-712 198
-708 180
-712 186
-708 174
-712 170
-708 166
-712 168
-700 178
-692 194
-692 192
-696 198
-700 202
-696 202
-708 208
-708 208
-704 196
-700 188
-708 196
-708 194
-696 200
-700 192
-700 196
-704 212
-704 212
-704 202
-708 210
-708 204
-704 194
-704 190
-700 194
-704 194
-708 196
-704 188
-700 188
-700 186
-704 190
-700 182
-704 200
-704 202
-696 212
-704 208
-704 212
-708 208
-700 204
-704 212
-704 216
-700 210
-704 208
-700 218
-708 210
-704 224
-708 220
-708 216
-704 218
-704 220
-700 228
-696 216
-696 226
-700 224
-704 228
-704 226
-704 236
-704 242
-700 242
-696 238
-704 240
-704 244
-700 242
-704 244
-704 236
-708 236
-716 228
-712 232
-704 224
-704 232
-700 236
-700 232
-704 240
-700 246
-696 248
-704 246
-704 244
-712 236
-712 244
-704 250
-704 254
-708 248
-704 244
-704 238
-704 236
-704 232
-700 240
-692 242
-704 230
-708 234
-700 220
-696 230
-700 238
-700 246
-692 240
-704 240
-704 234
-712 238
-712 232
-712 232
-704 234
-708 240
-700 242
-700 264
-708 264
-708 270
-696 268
-708 282
-704 278
-700 284
-704 288
-700 282
-704 296
-712 302
-716 306
-720 318
-712 318
-708 324
-728 328
-736 338
-740 344
-732 350
-744 362
-748 364
-760 370
-764 380
-768 386
-776 390
-788 396
-792 398
-800 400
-800 400
-800 400
-800 400
-800 400
-800 400
-800 400
-800 400
-800 400
-800 400
-800 400
-800 400
-800 400
-800 400
-800 400
-800 400
-800 400
-800 400
-800 400
-800 400
-800 400
-800 400
-800 400
-800 400
-800 400
-800 400
-800 400
-800 400
-800 400
-800 400
-800 400
-800 400
-800 400
-800 400
-800 400
-800 400
-800 400
-800 400
-800 400
-800 400
-800 400
-800 400
-800 400
-800 400
-800 400
-800 400
-800 400
-800 400
-800 400
-800 400
-792 398
-800 400
-800 400
-800 400
-800 400
-800 400
-800 400
-800 400
-800 400
-800 400
-792 398
-800 400
-800 400
-792 398
-792 398
-792 398
-800 400
-800 400
-800 400
-800 400
-800 400
-800 400
-800 400
-800 400
-800 400
-800 400
-800 400
-800 400
-792 398
-800 400
-800 400
-800 400
-792 398
-792 398
-800 400
-800 400
-800 400
-800 400
-800 400
-800 400
-800 400
-800 400
-800 400
-800 400
-800 400
-800 400
-800 400
-800 400
-800 400
-800 400
-800 400
-800 400
-800 400
-800 400
-792 398
-800 400
-800 400
-800 400
-800 400
-792 398
-792 398
-792 398
-800 400
-800 400
-800 400
-800 400
-800 400
-800 400
-800 400
-800 400
-792 398
-800 400
-800 400
-800 400
-800 400
-800 400
-792 398
-800 400
-800 400
-792 398
-800 400
-800 400
-800 400
-800 400
-800 400
-800 400
-800 400
-800 400
-800 400
-800 400
-800 400
-800 400
-800 400
-800 400
-800 400
-800 400
-800 400
-800 400
-800 400
-800 400
-800 400
-800 400
-800 400
-800 400
-800 400
-800 400
-800 400
-800 400
-800 400
-800 400
-800 400
-800 400
-800 400
-800 400
-800 400
-800 400
-800 400
-800 400
-800 400
-800 400
-800 400
-800 400
-800 400
-800 400
-800 400
-800 400
-800 400
-800 400
-800 400
-800 400
-800 400
-800 400
-800 400
-792 398
-800 400
-800 400
-800 400
-800 400
-800 400
-800 400
-800 400
-800 400
-800 400
-800 400
-800 400
-800 400
-800 400
-800 400
-800 400
-800 400
-800 400
-800 400
-800 400
-800 400
-800 400
-800 400
-800 400
-800 400
-800 400
-800 400
-800 400
-800 400
-800 400
-800 400
-800 400
-800 400
-800 400
-800 400
-792 398
-800 400
-800 400
-792 398
-792 398
-792 398
-800 400
-800 400
-792 398
-792 398
-792 398
-792 398
-800 400
-800 400
-800 400
-800 400
-800 400
-800 400
-792 398
-800 400
-800 400
-800 400
-800 400
-800 400
-800 400
-800 400
-800 400
-800 400
-792 398
-800 400
-800 400
-800 400
-800 400
-800 400
-800 400
-800 400
-800 400
-800 400
-800 400
-800 400
-800 400
