14 11
-362 197
-386 205
-374 203
-390 207
-362 199
-370 201
-362 195
-354 193
-374 199
-318 177
-306 181
-370 197
-346 187
-330 179
-326 171
-318 161
-318 161
-326 171
-314 177
-338 185
-330 173
-314 171
-310 171
-302 171
-354 191
-326 183
-326 185
-314 185
-334 183
-342 193
-378 205
-378 201
-390 207
-402 205
-418 217
-398 211
-378 203
-374 203
-358 199
-354 193
-350 187
-338 187
-350 187
-378 201
-418 215
-366 197
-370 191
-358 185
-374 181
-378 193
-374 197
-350 181
-350 181
-350 173
-326 175
-322 165
-322 169
-366 181
-350 169
-334 171
-306 155
-322 151
-330 161
-330 149
-314 149
-326 167
-358 181
-346 169
-310 161
-322 171
-302 177
-350 185
-342 185
-326 187
-302 175
-326 173
-350 189
-346 193
-374 203
-398 205
-398 209
-378 203
-362 197
-370 201
-342 191
-354 193
-358 187
-346 179
-342 171
-326 173
-362 189
-326 165
-310 159
-322 167
-358 187
-322 159
-338 173
-358 167
-374 179
-386 181
-362 177
-386 191
-382 187
-386 199
-378 191
-346 169
-358 179
-370 199
-358 195
-430 219
-414 215
-382 197
-358 197
-346 195
-370 205
-378 205
-378 201
-378 205
-378 203
-374 195
-370 197
-374 199
-390 207
-386 207
-390 207
-358 191
-306 169
-286 159
-254 137
-262 127
-238 133
-294 151
-326 165
-298 161
-310 155
-338 155
-350 157
-338 159
-334 157
-330 151
-322 157
-342 157
-330 157
-318 165
-326 183
-358 189
-334 191
-382 203
-382 205
-354 195
-374 197
-334 189
-382 199
-366 193
-366 197
-374 201
-374 201
-370 195
-374 201
-358 195
-358 201
-354 197
-386 201
-378 203
-362 195
-378 195
-362 189
-386 201
-370 197
-354 193
-350 191
-366 197
-370 201
-358 199
-402 207
-366 193
-346 189
-342 189
-370 193
-354 179
-354 179
-342 187
-354 191
-394 209
-394 207
-410 215
-390 209
-394 211
-390 207
-418 217
-398 209
-386 205
-410 213
-418 211
-378 203
-402 213
-406 211
-402 213
-382 205
-374 203
-382 199
-318 181
-346 185
-350 187
-346 187
-398 211
-390 209
-378 199
-374 195
-362 195
-334 191
-358 193
-354 195
-314 183
-290 159
-318 173
-302 151
-314 161
-314 155
-314 161
-322 163
-310 163
-314 175
-334 187
-330 173
-302 167
-306 171
-354 193
-338 191
-398 207
-378 193
-350 191
-330 187
-390 207
-390 205
-358 201
-370 195
-354 191
-330 189
-342 189
-370 199
-342 189
-346 183
-358 189
-354 175
-334 151
-314 163
-282 163
-294 157
-314 167
-330 175
-306 173
-322 181
-386 201
-358 187
-318 177
-330 179
-330 183
-310 171
-362 179
-350 165
-314 155
-298 155
-310 155
-278 149
-306 151
-302 141
-318 157
-314 137
-346 163
-346 171
-366 181
-382 197
-402 209
-402 211
-390 207
-362 197
-354 195
-330 187
-350 193
-358 191
-374 199
-374 203
-334 187
-334 179
-350 189
-310 179
-342 189
-334 187
-306 175
-302 173
-318 181
-354 195
-362 195
-334 189
-358 195
-378 203
-398 211
-354 197
-358 195
-390 207
-382 201
-354 191
-370 203
-350 191
-358 189
-338 173
-354 179
-358 195
-390 207
-362 197
-338 169
-358 169
-318 163
-350 179
-362 183
-354 191
-334 177
-330 179
-326 173
-314 167
-346 171
-318 161
-318 161
-330 161
-346 163
-318 153
-338 143
-366 167
-354 167
-334 175
-374 191
-354 185
-346 183
-334 185
-354 193
-378 205
-382 205
-390 203
-386 203
-334 181
-382 201
-382 205
-410 213
-386 205
-378 189
-354 181
-370 199
-338 183
-362 187
-342 189
-350 177
-374 183
-366 165
-350 151
-366 155
-338 155
-318 143
-318 127
-338 127
-346 115
-334 93
-314 91
-326 91
-318 93
-314 87
-290 81
-286 109
-254 93
-282 97
-266 103
-278 109
-306 115
-282 113
-306 95
-318 99
-270 87
-246 61
-266 57
-250 59
-238 75
-238 69
-274 97
-294 101
-270 63
-254 73
-238 59
-214 75
-282 85
-278 89
-242 61
-222 71
-286 81
-270 81
-286 77
-286 103
-274 113
-302 109
-298 141
-290 129
-294 155
-326 159
-334 185
-342 179
-330 165
-330 169
-302 161
-266 155
-246 139
-290 153
-310 171
-326 175
-334 177
-354 185
-362 191
-374 193
-298 167
-310 167
-294 165
-330 185
-338 177
-346 175
-330 165
-326 167
-314 163
-338 175
-334 169
-378 193
-338 189
-350 193
-378 205
-394 209
-398 207
-406 213
-402 211
-374 201
-354 191
-334 179
-342 183
-354 191
-322 179
-326 169
-338 191
-350 193
-350 193
-366 199
-366 199
-326 179
-358 183
-350 187
-346 181
-334 183
-306 171
-310 161
-326 177
-322 179
-318 175
-362 193
-382 203
-350 193
-358 187
-334 183
-334 181
-314 171
-322 177
-342 187
-378 197
-386 203
-374 199
-374 199
-342 191
-382 203
-374 201
-358 197
-362 199
-390 209
-386 207
-406 213
-386 205
-366 199
-334 187
-310 177
-334 167
-346 185
-338 185
-318 175
-302 171
-338 187
-318 175
-330 185
-362 191
-362 191
-378 201
-390 207
-394 207
-338 185
-370 197
-366 199
-378 205
-374 203
-394 209
-358 195
-374 201
-398 207
-370 199
-370 201
-390 207
-382 207
-394 209
-402 211
-394 207
-362 197
-338 183
-322 173
-286 165
-270 155
-302 165
-318 175
-278 155
-294 161
-326 179
-366 193
-334 185
-366 199
-362 199
-354 183
-354 193
-350 191
-330 183
-342 187
-358 189
-358 189
-362 197
-358 197
-362 197
-378 201
-342 189
-366 199
-386 207
-358 193
-338 177
-342 169
-306 165
-310 151
-318 157
-326 179
-382 201
-382 205
-398 209
-382 203
-406 209
-406 207
-378 201
-342 187
-362 185
-358 187
-342 183
-330 179
-334 187
-322 173
-358 179
-362 173
-346 169
-326 157
-338 167
-338 161
-314 175
-330 165
-334 155
-338 171
-334 161
-346 173
-338 171
-326 173
-366 167
-346 159
-302 157
-338 159
-342 161
-306 161
-334 175
-362 183
-390 197
-358 193
-342 195
-366 195
-386 203
-362 197
-374 197
-362 189
-362 193
-406 213
-386 209
-398 211
-370 203
-382 203
-374 203
-374 205
-402 211
-370 199
-418 215
-426 219
-386 207
-390 207
-390 205
-406 211
-374 199
-334 189
-342 185
-350 187
-334 173
-334 171
-314 171
-334 177
-326 179
-334 173
-306 167
-302 165
-314 179
-314 171
-330 171
-334 163
-310 167
-334 171
-334 143
-358 165
-338 167
-334 151
-342 161
-318 159
-354 169
-334 163
-338 163
-334 163
-306 155
-318 171
-326 179
-322 181
-286 165
-310 171
-362 185
-346 175
-306 161
-310 161
-330 151
-326 149
-306 133
-302 143
-326 151
-314 147
-302 147
-290 143
-318 159
-322 165
-330 177
-342 179
-334 187
-354 191
-330 175
-338 179
-358 183
-370 201
-394 209
-374 201
-342 195
-342 187
-386 203
-350 189
-374 195
-362 183
-346 193
-382 205
-398 207
-386 201
-374 199
-350 193
-354 185
-378 195
-346 183
-354 189
-394 209
-378 203
-354 193
-350 195
-390 209
-374 201
-378 203
-374 201
-366 193
-378 193
-366 193
-342 177
-314 169
-322 177
-322 165
-302 169
-326 169
-350 181
-326 179
-310 161
-322 163
-346 179
-322 159
-346 177
-326 159
-318 159
-302 171
-298 141
-286 123
-318 143
-334 145
-338 147
-330 149
-338 145
-326 141
-358 159
-334 167
-318 169
-342 169
-366 181
-330 169
-350 167
-350 171
-326 161
-322 153
-346 155
-342 151
-322 161
-342 163
-346 165
-350 165
-362 163
-314 165
-298 157
-290 169
-294 147
-354 191
-330 185
-350 189
-326 187
-318 185
-338 185
-354 189
-358 189
-318 167
-310 171
-342 185
-338 189
-330 187
-370 201
-374 199
-358 197
-350 195
-334 185
-346 189
-318 177
-346 181
-382 191
-382 191
-402 205
-342 189
-330 187
-342 191
-390 203
-378 203
-330 183
-330 175
-350 181
-334 159
-338 163
-334 141
-318 147
-302 155
-314 151
-350 165
-382 193
-322 179
-302 163
-314 161
-338 185
-318 181
-302 177
-322 177
-330 173
-298 163
-326 165
-362 177
-362 175
-338 161
-330 163
-294 157
-298 159
-314 161
-306 163
-314 175
-342 175
-366 179
-366 185
-370 191
-322 175
-338 163
-346 171
-318 155
-334 157
-334 177
-370 189
-354 191
-350 197
-326 185
-326 185
-370 203
-382 205
-390 203
-346 187
-358 197
-378 201
-390 209
-386 209
-394 211
-390 209
-426 217
-386 207
-418 217
-394 209
-346 187
-358 181
-382 197
-378 197
-382 193
-374 193
-358 177
-346 159
-334 157
-286 155
-338 179
-334 167
-358 185
-362 189
-386 205
-382 205
-366 195
-346 197
-354 197
-354 197
-402 213
-382 205
-390 201
-366 187
-366 195
-366 199
-382 207
-386 205
-374 199
-362 197
-346 197
-326 181
-330 169
-306 167
-322 177
-322 179
-318 177
-294 161
-266 155
-294 149
-294 145
-302 143
-302 161
-338 177
-306 161
-306 169
-294 151
-358 173
-306 153
-354 189
-354 173
-338 171
-318 157
-334 163
-294 163
-318 171
-314 173
-314 179
-338 181
-346 191
-362 197
-402 213
-374 201
-342 193
-322 187
-302 165
-238 133
-258 143
-318 157
-298 145
-302 151
-302 149
-350 171
-362 189
-386 201
-382 197
-366 197
-374 197
-346 191
-334 183
-318 179
-338 187
-338 173
-318 179
-318 181
-338 171
-306 153
-298 137
-270 113
-230 93
-246 101
-294 91
-262 107
-310 97
-270 95
-286 107
-314 119
-314 135
-326 141
-322 143
-314 147
-342 173
-338 165
-326 161
-326 163
-350 165
-330 177
-334 187
-362 189
-374 199
-386 207
-378 199
-338 181
-322 183
-358 189
-354 189
-342 181
-318 177
-306 171
-346 177
-342 181
-334 185
-342 181
-342 171
-338 161
-314 155
-346 177
-318 173
-346 191
-386 205
-374 203
-382 203
-394 211
-342 185
-350 189
-346 185
-362 187
-366 199
-374 195
-334 187
-342 183
-334 183
-366 199
-350 179
-354 193
-394 209
-386 203
-350 187
-346 189
-386 201
-390 201
-386 203
-410 213
-402 207
-374 199
-398 211
-414 215
-410 215
-366 199
-366 203
-362 195
-290 163
-326 157
-310 161
-318 179
-338 189
-354 197
-338 193
-346 195
-358 197
-378 197
-386 195
-366 199
-338 185
-398 207
-362 191
-358 187
-338 183
-338 183
-362 189
-366 189
-374 203
-374 201
-374 201
-362 193
-378 203
-398 207
-366 199
-358 185
-354 189
-350 193
-382 203
-374 201
-398 211
-398 211
-394 211
-386 207
-398 207
-394 199
-390 205
-326 181
-286 153
-294 161
-330 171
-338 161
-326 165
-330 169
-330 127
-342 131
-298 135
-306 135
-326 107
-278 107
-266 105
-294 99
-282 95
-306 111
-286 101
-294 109
-274 107
-298 111
-322 121
-346 145
-342 143
-322 137
-282 113
-258 113
-282 125
-270 111
-278 115
-278 127
-282 129
-290 121
-286 127
-298 137
-322 149
-326 159
-286 129
-330 123
-310 135
-302 133
-302 135
-298 143
-306 137
-302 151
-306 145
-294 149
-282 139
-290 165
-318 163
-294 125
-306 127
-270 135
-306 141
-302 139
-286 131
-298 143
-254 135
-294 151
-294 157
-322 165
-350 167
-326 157
-330 167
-342 183
-334 179
-306 171
-298 159
-290 165
-334 179
-342 185
-326 175
-326 167
-298 161
-322 163
-302 163
-314 171
-354 189
-358 191
-386 191
-382 203
-386 205
-378 201
-350 193
-398 209
-378 205
-374 205
-358 197
-318 177
-350 193
-350 197
-326 181
-306 173
-322 169
-334 173
-354 193
-370 205
-398 211
-354 195
-354 193
-354 195
-378 205
-386 207
-426 217
-410 213
-402 207
-346 193
-390 207
-386 207
-326 181
-346 185
-310 173
-326 175
-314 177
-346 187
-358 191
-306 177
-294 169
-298 171
-346 191
-354 189
-362 197
-346 187
-390 199
-374 201
-350 191
-394 209
-390 207
-426 219
-402 213
-346 193
-278 169
-350 183
-302 175
-322 175
-322 173
-346 187
-370 199
-390 207
-382 197
-350 185
-354 183
-358 189
-350 191
-350 195
-346 195
-354 191
-350 191
-370 199
-358 197
-382 207
-370 199
-386 205
-378 205
-378 205
-346 193
-350 193
-358 197
-370 197
-378 197
-378 203
-382 205
-394 207
-394 209
-394 207
-350 191
-326 189
-370 201
-358 193
-370 203
-382 203
-394 211
-426 219
-402 211
-378 201
-382 203
-382 201
-398 201
-342 185
-358 195
-346 187
-346 189
-338 179
-302 159
-298 165
-310 151
-350 161
-366 179
-350 167
-354 173
-266 149
-306 157
-302 159
-302 155
-318 159
-302 159
-298 151
-314 157
-302 151
-318 167
-318 171
-306 171
-302 163
-298 131
-306 131
-298 135
-290 153
-298 149
-310 147
-282 145
-306 155
-290 145
-330 153
-310 159
-286 147
-258 137
-278 125
-258 133
-246 123
-270 127
-290 131
-266 115
-274 91
-290 121
-314 117
-298 113
-298 137
-286 127
-282 103
-270 123
-286 125
-330 131
-326 145
-338 153
-350 159
-334 165
-338 165
-354 173
-338 161
-318 147
-318 125
-302 143
-294 141
-306 147
-294 135
-258 119
-302 145
-282 141
-310 175
-290 165
-342 179
-370 185
-362 181
-338 185
-390 203
-358 195
-354 187
-382 197
-370 195
-370 195
-374 203
-370 197
-394 209
-338 183
-342 185
-290 163
-306 169
-326 171
-354 181
-322 177
-366 199
-358 193
-378 205
-354 193
-358 195
-378 205
-402 213
-410 215
-406 213
-426 219
-422 217
-382 205
-398 211
-398 211
-370 193
-378 195
-394 209
-378 199
-394 211
-382 205
-354 185
-382 197
-358 193
-398 207
-390 207
-366 189
-358 187
-330 173
-358 191
-382 205
-390 207
-394 209
-386 205
-390 199
-358 193
-374 201
-418 217
-402 211
-438 221
-434 221
-426 219
-430 219
-390 207
-386 205
-370 199
-354 195
-374 205
-354 199
-398 207
-374 201
-394 207
-378 203
-386 209
-390 205
-406 213
-398 211
-390 207
-394 209
-338 181
-358 189
-366 197
-358 195
-382 199
-366 195
-390 197
-366 197
-378 197
-346 183
-382 203
-386 201
-386 197
-370 193
-358 189
-350 189
-394 203
-350 191
-354 193
-338 181
-378 203
-374 197
-366 197
-370 205
-418 217
-378 201
-390 199
-366 193
-350 183
-330 177
-346 179
-346 171
-342 157
-346 155
-318 161
-326 163
-306 153
-330 157
-306 171
-286 161
-322 173
-318 171
-326 175
-358 191
-358 189
-354 185
-366 193
-370 191
-346 185
-314 165
-342 177
-374 189
-374 191
-366 189
-346 171
-322 171
-378 189
-390 199
-310 175
-350 187
-350 187
-370 201
-390 205
-366 201
-358 199
-386 205
-382 205
-370 197
-302 171
-294 165
-294 165
-310 175
-370 193
-326 175
-322 163
-338 169
-318 171
-354 195
-366 199
-378 199
-382 201
-378 203
-378 199
-346 181
-338 185
-362 197
-370 185
-354 187
-346 187
-382 205
-310 181
-302 175
-302 171
-318 173
-346 187
-338 185
-310 173
-306 167
-358 179
-362 181
-354 173
-302 153
-254 133
-274 143
-246 131
-222 127
-246 101
-262 111
-270 121
-270 129
-302 147
-326 161
-298 145
-334 159
-318 163
-330 179
-302 171
-294 177
-342 195
-310 185
-346 197
-358 197
-390 209
-394 207
-370 199
-406 213
-390 205
-382 201
-382 199
-350 181
-306 183
-266 165
-290 165
-362 195
-362 193
-350 189
-386 199
-362 187
-322 183
-342 189
-330 185
-330 183
-394 207
-394 205
-358 193
-322 185
-294 165
-322 177
-286 163
-286 149
-318 175
-322 171
-330 183
-350 187
-398 203
-370 203
-374 197
-338 177
-346 183
-362 197
-366 197
-362 195
-374 201
-350 193
-350 195
-390 203
-374 191
-366 191
-322 185
-290 167
-342 175
-370 195
-354 189
-354 199
-318 183
-338 191
-362 189
-382 197
-362 191
-310 171
-334 181
-362 193
-326 185
-338 191
-418 217
-414 215
-390 207
-366 201
-346 187
-346 189
-362 191
-354 193
-358 189
-362 197
-366 199
-382 205
-374 197
-386 197
-362 197
-374 201
-362 197
-346 195
-362 195
-374 203
-430 219
-406 211
-394 207
-398 211
-406 213
-410 215
-402 211
-342 191
-362 189
-402 211
-362 197
-390 207
-422 217
-390 209
-414 215
-430 219
-406 213
-378 205
-362 195
-390 205
-366 197
-382 199
-394 201
-406 197
-354 187
-370 187
-354 185
-386 199
-402 199
-394 201
-378 193
-398 199
-406 195
-370 189
-374 193
-370 189
-402 207
-382 207
-394 211
-382 205
-378 203
-410 213
-390 205
-402 205
-382 197
-382 199
-374 191
-362 187
-394 201
-386 203
-338 193
-414 215
-378 205
-318 185
-334 187
-342 185
-362 187
-378 197
-362 195
-406 211
-370 193
-362 189
-330 181
-346 185
-302 171
-338 187
-354 189
-338 179
-342 171
-338 165
-270 159
-306 159
-342 169
-338 171
-322 167
-362 187
-362 191
-350 191
-362 195
-366 193
-366 193
-314 175
-326 175
-326 177
-342 181
-358 185
-334 179
-346 185
-334 185
-354 195
-398 207
-374 197
-402 205
-370 197
-342 183
-362 195
-362 199
-366 203
-382 205
-382 207
-346 191
-342 193
-330 185
-326 173
-350 187
-338 185
-338 183
-354 193
-334 181
-354 187
-358 193
-342 181
-378 199
-394 207
-362 199
-342 189
-370 193
-350 191
-310 175
-338 191
-378 203
-334 175
-338 173
-342 173
-334 163
-378 173
-374 183
-330 161
-338 159
-366 183
-358 179
-326 173
-326 175
-326 181
-342 197
-370 201
-354 189
-338 187
-358 199
-362 189
-326 167
-294 163
-282 155
-350 177
-338 187
-338 191
-398 209
-394 205
-426 219
-322 183
-322 175
-354 191
-378 193
-362 195
-354 193
-374 199
-354 195
-370 201
-354 199
-402 213
-406 213
-370 203
-382 195
-342 185
-366 191
-330 177
-322 183
-370 199
-346 185
-374 199
-354 197
-350 189
-354 193
-370 201
-386 207
-370 197
-366 191
-346 179
-298 161
-278 151
-266 141
-330 153
-338 161
-318 157
-282 145
-278 117
-266 99
-250 91
-282 113
-262 113
-266 125
-274 135
-290 167
-322 169
-358 193
-374 205
-362 195
-346 191
-338 175
-346 179
-322 169
-362 183
-362 197
-390 209
-374 201
-354 189
-358 199
-346 193
-334 181
-330 181
-326 175
-330 181
-346 185
-330 187
-338 185
-310 177
-350 191
-366 195
-358 195
-374 201
-362 201
-382 205
-402 211
-402 211
-378 201
-398 211
-402 211
-370 201
-398 207
-430 219
-386 205
-354 193
-310 179
-330 179
-342 187
-354 185
-346 179
-338 173
-330 171
-366 187
-342 181
-358 195
-310 177
-354 187
-354 191
-366 197
-378 201
-370 197
-390 203
-354 189
-314 177
-330 171
-354 185
-350 187
-326 181
-338 185
-290 149
-310 159
-314 167
-306 171
-314 179
-310 173
-338 181
-326 175
-334 167
-382 187
-386 193
-386 205
-398 211
-386 205
-378 203
-394 211
-366 201
-378 203
-350 187
-330 179
-370 199
-342 189
-374 203
-374 203
-378 199
-370 201
-394 211
-414 215
-354 199
-330 185
-346 179
-306 169
-310 153
-278 153
-242 133
-234 137
-270 145
-330 171
-334 159
-326 151
-334 141
-322 153
-314 157
-302 131
-334 139
-290 133
-326 157
-330 157
-318 157
-318 147
-298 139
-262 111
-302 109
-274 123
-290 121
-266 123
-274 131
-318 153
-306 155
-334 167
-314 165
-322 169
-302 131
-306 151
-298 149
-318 155
-314 145
-306 129
-298 123
-274 117
-278 95
-254 57
-266 99
-274 115
-282 117
-270 107
-262 111
-262 131
-290 119
-314 103
-286 105
-302 99
-286 91
-278 103
-282 97
-242 97
-258 101
-254 99
-250 125
-258 135
-298 133
-310 147
-314 139
-354 167
-330 155
-342 169
-318 159
-358 171
-350 161
-322 155
-302 141
-326 149
-298 157
-334 177
-378 191
-374 193
-378 191
-322 165
-314 155
-326 167
-322 145
-342 157
-306 155
-338 179
-358 177
-362 179
-366 187
-346 181
-326 165
-322 171
-366 199
-374 195
-354 195
-322 179
-330 169
-362 199
-390 207
-350 193
-354 189
-322 177
-334 183
-350 187
-330 185
-342 175
-342 179
-342 177
-366 193
-350 193
-346 193
-354 195
-378 195
-350 173
-350 183
-382 193
-350 181
-378 191
-382 187
-366 195
-382 205
-386 205
-398 209
-390 207
-370 203
-390 205
-386 209
-418 217
-358 197
-394 209
-406 213
-354 197
-342 187
-326 181
-366 195
-374 201
-382 201
-354 195
-318 185
-354 189
-314 167
-362 195
-374 195
-350 177
-302 157
-314 177
-298 153
-310 165
-322 159
-314 167
-334 167
-322 169
-382 193
-386 199
-366 189
-362 197
-374 199
-354 187
-346 189
-338 179
-358 187
-366 193
-338 183
-346 177
-306 151
-322 147
-314 149
-306 147
-286 125
-298 137
-314 155
-294 149
-306 163
-314 177
-362 197
-342 193
-346 181
-386 201
-394 207
-414 213
-394 209
-410 215
-418 215
-362 193
-358 195
-346 195
-354 195
-330 177
-326 171
-366 197
-374 187
-354 173
-354 167
-358 163
-310 171
-346 173
-310 155
-334 143
-310 141
-298 133
-302 157
-342 169
-358 173
-354 179
-350 171
-362 183
-334 179
-326 181
-322 175
-326 179
-362 193
-378 201
-382 203
-358 197
-362 197
-402 205
-406 207
-358 195
-346 179
-330 177
-330 167
-346 175
-334 177
-370 191
-342 179
-302 179
-294 169
-302 161
-282 165
-282 153
-290 161
-294 159
-350 187
-322 177
-298 153
-322 171
-330 179
-350 193
-362 197
-362 195
-350 187
-314 173
-342 165
-342 177
-358 181
-350 185
-342 187
-354 191
-358 193
-386 203
-394 203
-358 197
-370 203
-378 201
-358 187
-394 209
-406 211
-394 203
-354 193
-386 205
-350 193
-330 183
-366 191
-358 197
-366 199
-354 187
-354 189
-346 187
-338 187
-370 197
-366 201
-346 187
-338 183
-350 189
-346 193
-318 181
-318 177
-342 171
-370 197
-366 199
-398 203
-386 203
-410 211
-378 201
-342 185
-346 191
-334 187
-322 179
-370 193
-382 195
-354 191
-374 201
-338 187
-310 169
-270 155
-326 165
-302 153
-302 161
-306 169
-350 191
-350 187
-374 199
-362 195
-370 197
-358 195
-330 183
-350 181
-326 165
-370 177
-338 179
-330 169
-346 181
-370 189
-386 191
-398 197
-362 193
-354 185
-334 191
-394 209
-382 201
-362 201
-394 209
-402 211
-374 205
-358 199
-342 193
-402 205
-418 217
-410 215
-426 219
-418 215
-382 205
-338 193
-378 205
-346 193
-362 197
-354 191
-374 199
-370 199
-418 217
-386 207
-382 203
-378 201
-358 197
-342 193
-330 179
-354 191
-370 197
-386 207
-366 201
-322 183
-350 191
-378 199
-398 211
-422 217
-386 207
-402 211
-386 207
-366 203
-350 197
-358 197
-366 199
-358 189
-322 179
-342 195
-338 185
-366 197
-390 207
-398 211
-406 213
-410 215
-370 201
-374 203
-394 211
-402 207
-358 197
-370 189
-366 191
-382 205
-378 205
-358 193
-370 199
-398 209
-370 195
-366 197
-402 209
-382 201
-378 199
-362 197
-414 215
-406 213
-366 199
-342 191
-318 181
-338 183
-330 185
-310 181
-354 185
-334 189
-338 185
-350 193
-346 193
-330 187
-334 179
-330 175
-326 177
-334 179
-346 187
-342 179
-358 177
-370 189
-358 181
-374 189
-358 189
-358 189
-358 199
-402 211
-386 201
-358 185
-354 179
-298 161
-330 175
-370 191
-358 185
-386 197
-374 195
-362 183
-318 161
-338 157
-314 133
-330 155
-306 147
-350 165
-358 163
-302 137
-302 149
-278 151
-314 169
-326 177
-322 175
-310 159
-346 169
-310 167
-298 139
-298 161
-318 171
-326 171
-322 151
-306 157
-334 163
-330 165
-354 165
-366 177
-358 185
-394 207
-418 217
-394 205
-358 201
-374 201
-370 203
-350 193
-346 187
-354 193
-346 191
-346 193
-342 189
-390 209
-370 199
-350 193
-362 201
-374 203
-398 209
-402 209
-414 215
-402 211
-394 207
-378 205
-358 199
-374 199
-370 199
-358 193
-382 203
-394 205
-362 195
-346 187
-342 183
-342 177
-338 185
-362 195
-330 181
-282 169
-350 193
-354 197
-342 175
-366 183
-350 179
-342 179
-358 175
-338 179
-350 191
-354 189
-362 195
-354 191
-282 163
-294 173
-346 187
-330 183
-358 201
-366 197
-374 203
-342 191
-362 185
-346 177
-358 193
-354 183
-366 175
-366 183
-362 185
-346 179
-338 185
-322 177
-358 199
-370 199
-366 195
-346 189
-362 199
-354 197
-370 195
-362 183
-318 173
-350 185
-306 161
-310 149
-346 159
-350 175
-362 181
-346 169
-330 169
-358 191
-326 183
-358 199
-358 193
-366 197
-386 205
-406 211
-366 199
-390 203
-382 205
-378 201
-382 207
-362 197
-378 195
-346 175
-350 187
-366 191
-366 191
-358 191
-350 193
-342 187
-330 185
-322 177
-362 195
-366 197
-366 201
-378 197
-366 195
-406 209
-390 203
-390 209
-414 215
-398 205
-354 187
-350 193
-370 199
-382 205
-362 199
-382 203
-374 201
-366 197
-358 187
-370 193
-354 191
-378 197
-354 187
-366 183
-382 193
-378 193
-346 185
-366 191
-366 195
-358 191
-378 205
-378 205
-406 211
-402 207
-370 199
-382 203
-410 215
-358 195
-350 179
-310 167
-318 161
-346 183
-342 177
-378 201
-358 191
-362 193
-310 175
-366 197
-346 191
-342 189
-310 167
-318 173
-314 177
-346 193
-382 201
-338 193
-402 209
-386 209
-398 211
-386 205
-398 207
-410 215
-390 203
-350 193
-330 183
-322 179
-302 167
-322 177
-354 169
-326 169
-334 181
-350 189
-322 169
-330 173
-310 159
-310 151
-306 153
-318 167
-358 173
-350 177
-310 153
-314 151
-318 163
-346 165
-326 171
-302 171
-358 189
-326 181
-326 171
-326 167
-334 155
-338 163
-342 177
-306 151
-346 159
-338 159
-322 155
-330 165
