-12 6
-444 120
-456 92
-476 82
-472 74
-472 100
-408 82
-472 58
-452 64
-436 56
-440 62
-456 14
-432 30
-424 8
-432 20
-416 36
-452 18
-448 28
-472 32
-436 20
-444 18
-436 30
-472 6
-488 8
-400 24
-456 14
-464 58
-444 56
-412 68
-460 94
-496 88
-496 68
-540 56
-488 32
-444 40
-444 20
-420 36
-396 58
-416 68
-440 74
-460 80
-484 100
-472 116
-472 164
-532 168
-556 182
-500 196
-540 194
-520 150
-520 162
-484 152
-464 146
-444 120
-440 112
-404 106
-404 110
-444 120
-484 156
-496 156
-452 158
-512 186
-464 166
-440 180
-440 146
-444 118
-452 92
-480 80
-492 84
-456 82
-468 88
-488 84
-420 82
-416 120
-388 96
-460 124
-492 112
-448 138
-464 110
-440 112
-524 140
-456 120
-448 144
-400 126
-428 126
-400 132
-416 162
-420 166
-428 190
-516 220
-484 202
-528 214
-516 204
-512 202
-488 182
-524 216
-520 236
-444 196
-500 238
-496 220
-488 236
-472 236
-476 196
-440 166
-440 170
-500 196
-524 210
-496 164
-500 186
-516 190
-468 184
-424 194
-420 200
-416 220
-484 238
-548 256
-540 262
-536 248
-452 212
-484 220
-516 234
-560 262
-516 238
-524 264
-548 280
-556 284
-500 276
-516 282
-532 288
-516 274
-536 296
-528 282
-492 248
-448 236
-508 244
-472 212
-488 202
-444 230
-440 206
-480 236
-476 206
-444 174
-456 196
-452 188
-376 158
-416 170
-360 136
-412 120
-400 84
-416 102
-428 114
-476 126
-508 162
-512 162
-500 156
-444 126
-448 112
-460 98
-404 66
-404 70
-468 68
-456 76
-404 66
-424 24
-452 24
-432 22
-428 12
-464 6
-436 6
-448 4
-492 18
-452 6
-452 44
-480 54
-500 64
-448 44
-448 32
-416 16
-412 18
-388 20
-424 40
-456 42
-456 46
-444 62
-448 52
-428 28
-420 34
-432 12
-420 36
-416 68
-456 90
-456 96
-460 72
-392 58
-424 42
-408 68
-424 76
-452 92
-440 104
-456 100
-408 88
-404 86
-416 100
-408 76
-460 112
-464 68
-500 72
-464 52
-408 54
-452 70
-440 82
-392 68
-416 76
-432 54
-396 42
-408 52
-412 72
-380 106
-464 138
-488 160
-488 164
-488 150
-468 164
-488 160
-504 154
-548 174
-540 174
-496 196
-508 184
-544 214
-476 184
-480 202
-496 224
-524 240
-480 230
-524 272
-504 274
-496 246
-512 228
-524 214
-508 218
-492 242
-492 228
-568 248
-596 274
-540 258
-496 244
-524 250
-568 258
-560 246
-536 212
-504 192
-480 178
-452 168
-428 142
-420 152
-452 132
-464 146
-524 182
-468 158
-464 174
-452 170
-496 194
-472 150
-488 146
-432 140
-440 122
-464 128
-464 116
-512 122
-496 112
-444 64
-468 96
-456 100
-444 80
-452 100
-480 106
-472 88
-468 40
-448 48
-392 44
-416 26
-424 32
-464 32
-488 18
-488 14
-464 18
-452 4
-460 16
-492 44
-492 38
-392 66
-388 50
-400 42
-392 50
-400 4
-396 4
-452 8
-432 32
-452 34
-388 24
-428 76
-456 64
-412 90
-396 102
-400 98
-396 96
-408 80
-408 122
-436 120
-440 88
-428 114
-468 92
-468 104
-428 124
-452 118
-460 100
-480 90
-468 66
-472 72
-440 102
-432 70
-436 126
-476 148
-492 156
-504 164
-472 176
-480 202
-504 194
-488 186
-512 174
-520 188
-520 206
-548 210
-516 204
-516 194
-528 170
-492 176
-468 172
-456 146
-464 148
-460 154
-420 104
-400 110
-404 106
-416 106
-440 110
-436 108
-480 110
-492 106
-480 114
-464 110
-456 94
-444 114
-452 132
-472 144
-488 152
-456 138
-436 126
-440 160
-524 184
-552 180
-552 220
-480 192
-524 214
-540 198
-496 220
-484 214
-544 250
-544 234
-564 252
-500 224
-564 248
-492 226
-520 212
-516 204
-540 208
-480 164
-504 152
-492 144
-524 152
-488 150
-476 160
-480 146
-492 124
-488 164
-452 146
-472 146
-428 130
-432 126
-436 126
-452 146
-508 150
-420 140
-436 174
-416 156
-436 130
-484 104
-532 132
-524 152
-524 158
-552 152
-500 166
-544 154
-516 160
-460 136
-424 118
-400 106
-428 130
-460 106
-440 94
-436 114
-392 96
-444 136
-476 154
-508 162
-540 178
-516 184
-512 182
-496 182
-552 198
-532 198
-532 208
-548 210
-532 206
-508 174
-496 186
-500 174
-508 204
-468 210
-496 208
-472 216
-532 230
-580 286
-552 276
-576 296
-536 282
-496 244
-528 218
-520 228
-508 262
-592 292
-560 284
-544 278
-532 288
-488 262
-512 268
-508 272
-464 248
-504 266
-484 250
-492 236
-492 232
-504 248
-464 228
-492 238
-504 258
-572 278
-568 272
-540 270
-560 284
-540 302
-536 292
-496 252
-496 256
-544 276
-640 326
-660 336
-620 324
-588 302
-576 296
-572 290
-576 288
-568 284
-592 296
-628 306
-592 276
-552 278
-496 240
-492 252
-500 260
-460 246
-496 218
-472 206
-396 168
-368 130
-396 132
-452 122
-424 138
-400 136
-444 154
-392 174
-420 200
-488 210
-520 254
-492 240
-480 246
-432 220
-424 222
-436 198
-444 190
-476 206
-460 212
-496 198
-476 200
-524 184
-472 192
-508 190
-536 236
-516 246
-500 192
-468 166
-436 148
-436 140
-412 112
-460 124
-488 120
-460 108
-444 88
-408 64
-364 52
-396 40
-400 72
-448 90
-448 90
-460 84
-456 138
-484 170
-476 190
-472 202
-516 214
-544 224
-532 218
-488 232
-488 238
-456 252
-488 254
-544 258
-536 266
-504 262
-460 228
-504 250
-560 308
-656 330
-636 332
-604 316
-596 308
-608 312
-604 304
-608 284
-552 252
-560 258
-568 278
-532 252
-476 240
-512 266
-500 246
-508 262
-500 254
-492 238
-484 254
-496 246
-516 214
-444 184
-448 200
-492 234
-516 240
-548 258
-540 264
-560 268
-540 286
-560 296
-572 270
-508 240
-532 216
-480 204
-472 164
-480 162
-496 190
-508 220
-480 224
-492 228
-512 238
-552 234
-480 194
-504 212
-488 216
-500 228
-472 212
-428 202
-468 222
-508 202
-500 192
-560 188
-520 190
-488 226
-520 230
-520 234
-444 198
-504 218
-476 222
-464 230
-420 198
-452 232
-484 250
-540 268
-516 270
-488 238
-452 236
-516 276
-508 252
-504 232
-528 272
-524 262
-576 270
-572 276
-572 294
-572 260
-532 256
-532 256
-564 280
-516 268
-520 254
-468 216
-476 192
-452 200
-428 188
-460 178
-440 148
-492 188
-520 218
-508 220
-504 202
-544 188
-504 182
-544 204
-520 204
-500 202
-484 202
-476 208
-488 194
-496 210
-488 210
-524 230
-536 254
-508 222
-552 264
-524 248
-560 278
-548 256
-556 232
-564 238
-544 232
-504 242
-484 230
-468 230
-472 222
-460 238
-516 238
-456 194
-448 192
-500 190
-440 138
-428 128
-416 114
-416 92
-476 98
-468 98
-456 66
-448 68
-488 82
-496 98
-512 112
-480 114
-440 116
-464 144
-436 148
-520 148
-456 146
-484 176
-544 186
-516 178
-540 196
-584 222
-552 224
-528 220
-552 244
-508 212
-532 222
-568 244
-572 252
-596 274
-628 290
-584 306
-584 276
-568 262
-572 282
-568 280
-532 262
-464 242
-508 274
-536 280
-552 284
-468 252
-464 206
-488 232
-480 258
-548 288
-572 290
-628 314
-596 320
-620 322
-580 302
-532 274
-512 268
-532 292
-540 276
-560 284
-520 266
-568 286
-600 314
-536 290
-544 296
-608 328
-600 312
-596 308
-556 308
-588 322
-532 286
-496 286
-476 276
-496 260
-496 250
-444 228
-464 230
-452 238
-452 232
-512 244
-496 246
-508 262
-480 240
-540 240
-568 286
-588 292
-532 276
-552 304
-552 294
-536 288
-520 306
-540 286
-580 306
-584 300
-580 318
-588 328
-540 308
-576 310
-596 306
-552 290
-528 266
-604 290
-584 300
-564 282
-560 250
-568 248
-568 258
-588 288
-532 260
-516 264
-548 288
-564 284
-592 264
-568 256
-532 226
-528 192
-544 184
-540 192
-520 196
-476 200
-500 202
-504 208
-512 224
-456 238
-484 234
-500 244
-548 258
-536 264
-516 256
-520 270
-512 276
-528 294
-524 276
-552 302
-568 318
-540 302
-576 318
-592 316
-600 326
-660 346
-592 322
-568 306
-524 288
-552 310
-536 308
-500 286
-544 292
-572 320
-584 326
-612 324
-572 322
-572 326
-604 328
-632 348
-580 324
-584 330
-560 312
-600 328
-616 340
-660 356
-608 340
-640 346
-568 320
-596 338
-616 334
-632 338
-624 324
-560 314
-556 288
-540 286
-504 256
-540 274
-548 288
-568 310
-556 300
-528 264
-572 284
-512 260
-476 216
-520 250
-516 256
-484 248
-516 274
-548 286
-548 292
-572 290
-568 300
-568 298
-604 304
-600 314
-596 320
-608 326
-588 316
-576 318
-592 322
-596 324
-544 290
-528 298
-576 322
-640 344
-604 330
-636 346
-616 338
-636 342
-616 344
-540 298
-520 256
-496 240
-460 230
-500 262
-560 288
-520 284
-520 266
-520 242
-524 254
-576 274
-560 280
-556 284
-576 288
-584 304
-572 306
-600 312
-572 308
-604 324
-588 320
-544 302
-612 332
-624 348
-608 336
-600 322
-532 292
-584 320
-620 340
-568 314
-588 328
-628 340
-640 336
-648 332
-640 330
-612 334
-592 306
-528 280
-540 276
-524 228
-440 174
-464 182
-460 188
-488 144
-472 120
-472 116
-468 144
-564 192
-496 172
-496 178
-476 164
-508 184
-508 184
-516 184
-532 170
-480 164
-476 154
-472 176
-524 178
-516 174
-540 152
-540 154
-548 130
-564 152
-536 166
-484 134
-476 132
-420 138
-464 134
-464 120
-488 92
-476 92
-444 64
-380 84
-444 80
-428 62
-428 92
-436 100
-408 80
-452 46
-448 30
-436 28
-464 52
-468 74
-488 50
-488 46
-528 56
-504 68
-456 68
-416 60
-424 80
-440 118
-460 130
-508 162
-476 162
-464 162
-516 190
-464 168
-500 184
-472 208
-496 210
-504 202
-464 222
-532 232
-520 242
-508 244
-536 254
-500 244
-492 234
-484 220
-464 200
-436 180
-448 186
-424 172
-472 188
-468 174
-452 202
-476 216
-432 178
-476 200
-476 222
-472 214
-468 220
-440 222
-464 216
-472 244
-524 250
-504 266
-580 272
-596 304
-536 296
-588 304
-628 320
-596 312
-640 330
-612 328
-612 326
-608 330
-600 330
