10 35
-158 29
-186 19
-254 73
-258 53
-230 69
-282 89
-250 101
-238 101
-278 149
-286 153
-242 139
-310 163
-294 149
-274 137
-286 153
-310 145
-322 167
-318 167
-354 181
-382 191
-362 195
-350 191
-346 193
-370 183
-346 183
-362 187
-402 207
-402 211
-394 209
-414 209
-354 195
-318 175
-282 161
-286 161
-338 173
-354 185
-350 181
-342 175
-342 181
-346 175
-346 189
-386 203
-398 201
-370 197
-382 193
-358 189
-334 179
-310 177
-342 185
-342 191
-366 193
-394 205
-406 213
-386 205
-398 205
-366 193
-354 189
-326 185
-298 165
-330 181
-330 171
-386 203
-366 201
-382 207
-386 203
-358 193
-366 201
-346 189
-350 181
-350 185
-314 175
-306 173
-342 189
-366 195
-330 181
-310 171
-326 171
-334 183
-334 179
-350 175
-338 167
-310 155
-342 183
-326 177
-306 169
-330 171
-326 159
-298 161
-274 143
-310 159
-266 127
-298 149
-298 141
-286 143
-314 153
-302 163
-306 159
-294 151
-294 153
-290 157
-274 139
-302 151
-326 177
-346 183
-358 191
-354 191
-350 185
-374 199
-358 195
-358 193
-410 213
-414 213
-410 213
-418 215
-386 197
-346 189
-338 187
-314 171
-290 163
-314 171
-306 163
-334 181
-326 177
-314 171
-330 173
-266 147
-282 147
-298 137
-310 145
-334 143
-322 147
-338 163
-318 163
-306 161
-298 169
-350 183
-374 195
-370 195
-354 189
-362 189
-346 183
-350 191
-346 183
-330 175
-322 177
-310 175
-322 173
-338 177
-338 185
-326 183
-382 203
-370 199
-350 185
-334 187
-370 199
-370 195
-382 203
-386 205
-370 197
-382 203
-390 205
-394 211
-370 197
-362 191
-350 189
-378 191
-382 185
-354 177
-326 157
-302 147
-334 155
-322 151
-302 147
-334 161
-310 145
-358 163
-342 169
-342 171
-350 183
-338 183
-362 197
-394 211
-370 195
-402 207
-378 199
-386 205
-394 207
-378 205
-370 201
-386 207
-374 203
-362 199
-402 211
-390 205
-402 211
-378 203
-346 191
-358 195
-390 207
-386 203
-382 195
-354 189
-322 177
-342 189
-370 199
-354 197
-346 191
-358 191
-330 187
-366 195
-358 195
-370 199
-394 209
-394 209
-374 203
-386 205
-394 207
-354 195
-342 191
-350 197
-374 205
-398 207
-366 201
-342 193
-370 203
-350 187
-342 179
-338 169
-382 193
-370 195
-354 197
-350 187
-366 189
-362 193
-330 177
-326 177
-318 167
-326 173
-326 179
-326 179
-358 189
-330 181
-378 199
-390 205
-366 201
-406 213
-394 211
-410 215
-394 207
-378 203
-366 203
-366 199
-398 203
-394 209
-378 203
-366 203
-382 203
-354 195
-366 191
-366 191
-378 201
-390 207
-374 203
-358 195
-346 189
-350 187
-326 183
-334 183
-314 181
-322 177
-322 185
-326 181
-334 177
-350 187
-358 183
-378 197
-382 193
-378 193
-374 197
-358 199
-378 201
-350 189
-382 201
-394 205
-402 211
-390 205
-374 203
-354 191
-366 199
-362 191
-370 199
-378 197
-374 203
-394 207
-414 215
-434 221
-410 215
-406 213
-390 209
-430 219
-418 215
-402 211
-418 217
-410 215
-378 205
-366 199
-390 203
-370 199
-374 199
-418 217
-402 213
-414 213
-382 201
-374 195
-362 197
-342 193
-350 197
-370 201
-330 181
-330 183
-338 183
-354 189
-338 181
-286 157
-290 149
-286 151
-318 179
-294 157
-274 153
-314 181
-350 191
-382 197
-418 199
-406 203
-366 191
-358 191
-370 193
-350 191
-354 193
-386 205
-394 203
-370 189
-382 197
-374 187
-382 203
-362 201
-382 205
-382 205
-394 203
-406 205
-394 211
-406 213
-378 205
-334 181
-350 193
-342 187
-358 193
-366 193
-358 189
-350 187
-330 181
-330 181
-330 185
-362 193
-342 191
-374 203
-378 201
-350 187
-378 205
-398 205
-374 199
-346 197
-350 195
-394 203
-366 195
-346 193
-366 191
-366 195
-366 197
-350 193
-322 187
-358 199
-342 191
-346 193
-362 197
-362 195
-374 197
-390 207
-406 211
-382 203
-386 207
-418 217
-434 221
-422 217
-362 197
-394 209
-366 201
-410 215
-430 219
-378 205
-398 211
-366 201
-358 199
-334 183
-342 189
-378 199
-362 189
-374 199
-346 191
-374 199
-414 213
-406 213
-378 205
-382 205
-402 209
-358 191
-350 193
-358 191
-354 197
-374 201
-378 203
-410 213
-402 211
-394 209
-386 207
-370 203
-342 193
-366 199
-338 185
-338 187
-394 209
-394 209
-414 215
-406 211
-366 201
-382 207
-382 207
-374 201
-390 203
-382 197
-406 213
-374 199
-386 205
-394 207
-402 213
-386 203
-354 187
-370 195
-366 197
-338 187
-314 167
-302 161
-358 193
-390 207
-358 195
-374 197
-350 187
-350 161
-350 189
-386 203
-410 215
-398 209
-398 211
-358 197
-374 205
-366 201
-370 201
-398 211
-390 207
-406 213
-406 209
-398 209
-426 219
-410 215
-390 209
-370 193
-358 189
-354 191
-394 203
-394 209
-374 205
-382 203
-410 211
-410 213
-382 207
-406 213
-422 217
-394 209
-382 201
-370 201
-350 193
-358 195
-318 177
-330 179
-294 171
-278 149
-290 157
-326 167
-290 137
-290 155
-338 169
-322 163
-334 181
-302 165
-302 179
-354 191
-406 213
-362 199
-366 199
-358 189
-346 183
-322 177
-278 157
-330 161
-326 159
-298 159
-314 171
-298 159
-346 193
-350 193
-354 183
-342 171
-342 171
-338 157
-342 169
-338 169
-362 179
-330 145
-310 151
-326 167
-322 159
-322 153
-314 153
-318 155
-322 161
-306 163
-318 175
-334 181
-306 177
-354 187
-354 183
-354 185
-362 187
-350 193
-374 199
-386 205
-382 205
-342 189
-378 203
-342 183
-306 161
-326 175
-334 185
-334 183
-338 181
-294 175
-334 179
-370 185
-378 179
-362 165
-322 149
-334 157
-326 163
-358 181
-358 175
-350 169
-346 179
-358 193
-358 189
-378 195
-374 199
-338 191
-350 189
-326 175
-334 175
-390 195
-382 195
-386 201
-402 213
-382 205
-414 215
-394 207
-346 189
-318 181
-310 173
-298 169
-346 193
-342 179
-350 191
-366 197
-358 189
-358 193
-358 195
-378 193
-346 187
-362 189
-350 183
-362 193
-366 193
-334 183
-370 189
-402 207
-390 201
-358 187
-398 201
-382 203
-350 193
-350 187
-338 179
-334 173
-330 175
-314 149
-342 157
-286 135
-326 167
-370 195
-378 199
-382 199
-338 177
-298 155
-322 175
-330 175
-330 175
-338 177
-330 179
-342 181
-322 173
-322 173
-338 175
-334 161
-290 159
-298 165
-334 163
-374 185
-382 177
-374 179
-350 161
-318 165
-334 175
-350 187
-350 183
-354 187
-378 203
-374 195
-354 193
-346 193
-342 187
-342 187
-354 193
-350 191
-378 199
-382 201
-402 209
-358 195
-374 197
-302 171
-338 175
-342 181
-358 183
-366 193
-334 173
-342 165
-346 173
-326 159
-358 177
-366 177
-362 183
-350 173
-302 145
-306 161
-354 179
-366 185
-298 175
-298 171
-330 187
-342 179
-330 183
-382 205
-402 207
-374 203
-358 197
-378 203
-334 183
-346 189
-350 181
-390 189
-366 181
-350 181
-350 183
-354 179
-354 183
-346 181
-330 159
-314 137
-306 129
-314 125
-298 109
-310 103
-298 105
-302 111
-306 91
-314 105
-334 79
-294 65
-306 55
-286 49
-282 55
-290 59
-302 75
-258 55
-254 53
-298 55
-298 35
-282 39
-274 31
-282 33
-250 17
-222 23
-234 67
-250 95
-250 113
-266 107
-282 99
-326 103
-338 97
-334 105
-314 109
-322 129
-350 137
-334 149
-322 141
-330 141
-294 143
-326 145
-322 147
-286 137
-318 133
-342 135
-342 143
-318 117
-294 123
-306 119
-258 113
-234 109
-282 115
-258 115
-246 103
-246 89
-246 89
-266 85
-282 71
-274 69
-278 69
-254 61
-282 93
-270 89
-282 95
-306 91
-266 97
-258 79
-274 79
-274 79
-278 83
-294 85
-302 77
-314 59
-294 59
-302 67
-290 73
-294 65
-310 73
-298 83
-302 79
-254 81
-262 99
-350 121
-342 129
-318 117
-334 133
-306 139
-306 157
-310 163
-338 173
-346 173
-358 189
-382 207
-390 207
-350 187
-342 175
-326 181
-342 187
-298 173
-294 165
-298 163
-318 173
-314 165
-306 145
-306 159
-314 163
-346 185
-366 201
-366 197
-350 189
-366 193
-346 183
-358 193
-390 207
-378 203
-366 199
-394 203
-390 209
-358 191
-370 199
-350 189
-382 199
-366 195
-338 191
-374 203
-386 207
-382 205
-366 199
-390 205
-382 199
-386 203
-350 189
-342 181
-370 185
-354 193
-374 201
-386 203
-386 203
-374 193
-374 197
-362 193
-326 173
-342 173
-330 169
-330 175
-354 191
-334 173
-322 175
-314 177
-370 201
-390 209
-370 193
-330 183
-366 197
-350 189
-334 171
-338 169
-350 183
-314 175
-298 159
-298 159
-302 163
-314 165
-338 163
-318 149
-326 153
-314 161
-310 145
-306 139
-294 127
-274 125
-246 111
-282 115
-310 117
-266 99
-294 89
-302 89
-286 105
-310 111
-326 123
-258 117
-290 111
-262 121
-286 147
-286 151
-302 165
-318 175
-322 173
-362 189
-362 189
-386 203
-378 203
-378 199
-390 203
-354 195
-326 177
-326 171
-302 167
-322 169
-314 171
-314 165
-322 177
-362 193
-366 193
-390 197
-406 205
-370 201
-366 201
-382 207
-366 197
-390 207
-390 205
-426 217
-402 211
-390 209
-398 209
-410 215
-386 205
-370 197
-362 195
-326 173
-306 131
-282 135
-298 133
-290 133
-294 125
-302 133
-298 121
-294 125
-286 103
-294 109
-290 111
-286 113
-286 123
-318 153
-330 157
-314 149
-254 135
-270 139
-318 159
-306 159
-266 157
-238 139
-262 145
-302 145
-254 143
-306 143
-282 133
-338 155
-334 167
-342 161
-326 169
-342 181
-342 173
-354 179
-310 163
-338 173
-346 185
-334 185
-350 189
-346 187
-322 179
-338 185
-338 191
-374 203
-370 201
-370 197
-342 191
-334 177
-322 173
-338 189
-270 155
-310 169
-278 147
-290 161
-318 175
-330 185
-338 187
-326 183
-350 195
-386 207
-374 201
-370 195
-382 203
-398 211
-378 205
-310 181
-310 169
-286 149
-310 149
-338 135
-326 145
-346 169
-326 169
-302 165
-326 177
-314 173
-306 167
-330 177
-362 191
-334 189
-318 183
-382 207
-398 211
-398 205
-358 187
-334 179
-334 181
-314 167
-318 161
-330 155
-342 173
-342 169
-334 169
-338 179
-326 171
-306 167
-334 169
-286 165
-346 183
-334 185
-362 191
-346 187
-362 195
-346 187
-302 161
-314 159
-278 143
-294 151
-302 145
-306 161
-334 175
-314 169
-330 167
-314 171
-350 179
-290 163
-294 143
-306 155
-306 131
-310 151
-338 169
-354 175
-326 163
-378 177
-362 179
-338 179
-346 177
-334 187
-386 195
-374 187
-374 191
-342 189
-322 181
-318 171
-318 161
-322 185
-370 193
-382 199
-338 193
-354 193
-350 193
-386 203
-374 201
-366 197
-386 207
-434 221
-442 223
-410 215
-358 199
-382 205
-390 207
-386 207
-426 217
-398 209
-402 211
-418 217
-426 219
-402 211
-370 197
-362 187
-378 203
-374 197
-350 181
-302 165
-302 165
-338 179
-378 191
-390 187
-334 187
-350 189
-334 183
-346 185
-302 161
-334 173
-362 179
-366 171
-330 169
-350 161
-342 157
-338 161
-354 167
-338 145
-342 151
-322 149
-338 143
-358 157
-314 133
-334 119
-322 119
-326 121
-330 127
-294 123
-318 125
-310 143
-330 175
-306 171
-322 185
-378 201
-350 195
-374 205
-398 209
-406 211
-402 203
-402 211
-338 189
-358 197
-370 201
-358 195
-354 197
-366 199
-390 209
-402 209
-394 209
-418 215
-422 217
-426 219
-418 217
-398 211
-402 211
-370 203
-358 197
-362 187
-390 205
-414 215
-374 203
-390 207
-358 197
-346 189
-378 199
-382 207
-342 189
-354 193
-334 187
-346 195
-354 191
-326 179
-338 185
-298 163
-294 153
-298 163
-274 151
-282 157
-314 175
-294 161
-354 187
-334 159
-306 135
-334 155
-334 157
-318 163
-326 151
-342 147
-298 131
-322 141
-334 171
-330 171
-358 185
-378 201
-342 179
-350 193
-366 197
-378 201
-370 199
-378 201
-346 189
-370 197
-394 205
-394 207
-402 213
-386 209
-366 197
-346 185
-374 195
-350 187
-370 199
-342 195
-342 187
-342 183
-326 165
-302 165
-278 161
-314 159
-326 145
-310 137
-302 149
-314 135
-330 131
-294 125
-298 133
-306 135
-266 119
-266 111
-294 111
-314 99
-286 95
-266 73
-266 63
-310 91
-266 75
-302 73
-262 75
-282 79
-286 91
-286 87
-238 73
-282 85
-294 73
-294 95
-326 99
-314 103
-310 95
-290 99
-270 107
-270 103
-282 107
-306 133
-322 143
-282 119
-310 143
-226 107
-266 101
-254 117
-294 143
-294 135
-266 117
-294 133
-262 121
-306 137
-310 137
-302 143
-342 151
-358 155
-330 147
-338 123
-314 119
