10 35
-274 119
-262 115
-310 141
-258 115
-266 135
-270 135
-294 131
-294 137
-298 141
-310 137
-306 139
-314 159
-298 163
-314 161
-322 157
-334 165
-282 139
-294 149
-274 149
-302 161
-298 153
-290 153
-306 161
-298 169
-322 179
-346 191
-366 199
-374 187
-326 181
-354 185
-334 187
-334 183
-334 191
-346 187
-378 201
-394 211
-378 203
-338 191
-350 193
-354 195
-334 181
-374 199
-350 193
-318 181
-290 159
-302 169
-338 185
-330 187
-294 173
-298 173
-306 169
-318 167
-330 179
-314 183
-366 199
-386 205
-386 207
-402 211
-382 203
-338 189
-390 209
-374 205
-390 209
-374 205
-398 209
-418 215
-358 199
-378 203
-382 205
-394 209
-346 195
-382 203
-378 201
-366 195
-394 207
-362 199
-346 193
-354 189
-346 185
-342 183
-322 181
-386 205
-346 195
-278 165
-310 177
-330 185
-326 187
-342 191
-366 201
-322 185
-322 177
-346 183
-330 183
-346 195
-366 199
-318 177
-274 157
-302 167
-338 181
-346 195
-338 193
-334 185
-354 191
-322 157
-290 145
-314 167
-322 171
-370 191
-346 185
-374 197
-334 183
-334 183
-334 187
-298 165
-302 173
-322 175
-310 167
-318 163
-326 167
-302 155
-282 145
-286 139
-246 119
-266 129
-254 129
-266 133
-318 147
-302 149
-306 153
-290 135
-314 157
-326 141
-318 147
-318 157
-286 135
-274 121
-254 101
-278 107
-298 111
-270 117
-246 103
-274 123
-274 105
-258 75
-270 67
-246 73
-238 89
-254 89
-306 121
-290 129
-310 129
-338 123
-286 95
-290 97
-258 69
-226 61
-246 83
-278 95
-282 93
-266 89
-258 81
-286 95
-246 105
-234 113
-222 107
-242 119
-250 105
-258 123
-250 111
-238 115
-234 91
-254 87
-254 113
-278 121
-294 125
-290 115
-282 123
-318 145
-318 171
-314 149
-306 155
-350 167
-338 155
-298 141
-310 149
-278 135
-282 135
-298 143
-282 131
-274 113
-310 135
-322 161
-314 171
-326 177
-326 161
-338 161
-294 157
-318 167
-322 173
-330 179
-346 167
-318 155
-334 167
-346 173
-342 181
-330 175
-298 161
-326 167
-310 165
-326 155
-330 177
-342 167
-322 153
-366 169
-338 179
-334 175
-334 165
-330 151
-314 161
-318 169
-298 173
-322 173
-270 157
-310 177
-322 173
-310 165
-310 171
-354 197
-322 183
-310 167
-298 155
-310 155
-338 169
-346 195
-342 189
-362 193
-342 179
-370 191
-390 207
-326 189
-318 183
-350 197
-346 195
-346 185
-314 181
-346 189
-322 183
-322 179
-346 185
-298 173
-338 181
-306 167
-338 183
-358 183
-330 179
-322 169
-298 153
-346 139
-346 137
-306 131
-298 119
-326 115
-330 135
-326 147
-322 161
-334 167
-346 187
-338 167
-326 167
-298 163
-322 169
-302 173
-310 167
-306 165
-354 177
-354 185
-358 185
-346 187
-346 185
-298 165
-330 173
-346 183
-294 159
-342 181
-382 205
-374 203
-374 197
-342 183
-350 189
-362 185
-330 179
-370 193
-350 185
-362 189
-346 187
-358 175
-354 171
-362 175
-346 179
-374 185
-366 181
-334 181
-354 193
-370 199
-358 195
-382 203
-378 199
-350 191
-350 191
-322 173
-318 175
-306 179
-294 173
-294 159
-314 183
-374 201
-382 203
-370 197
-362 195
-322 185
-322 183
-346 187
-334 179
-350 191
-346 185
-358 189
-350 189
-350 191
-342 187
-310 175
-310 171
-322 171
-294 171
-302 167
-294 165
-302 157
-282 145
-346 179
-314 171
-298 169
-258 151
-366 199
-354 193
-330 181
-342 183
-314 181
-326 177
-338 173
-310 169
-338 185
-362 191
-338 183
-354 193
-362 191
-322 183
-358 193
-394 205
-394 209
-402 213
-398 209
-390 203
-406 205
-394 207
-350 195
-346 185
-362 201
-406 211
-386 207
-334 191
-350 181
-386 201
-382 203
-406 209
-382 203
-378 197
-362 191
-290 171
-334 155
-334 147
-314 153
-306 151
-306 137
-294 133
-306 143
-282 137
-250 131
-242 129
-278 137
-306 125
-298 129
-310 129
-258 105
-258 97
-298 69
-282 77
-250 39
-238 43
-250 41
-250 63
-258 65
-250 75
-246 87
-238 65
-206 57
-246 91
-262 105
-246 121
-278 129
-282 143
-314 155
-266 129
-286 139
-310 149
-302 147
-314 167
-322 169
-302 147
-310 147
-310 155
-366 189
-354 185
-358 193
-326 179
-374 201
-342 183
-350 179
-326 175
-330 179
-394 207
-374 195
-382 199
-390 207
-358 189
-350 191
-354 197
-370 201
-342 193
-402 211
-366 199
-338 191
-366 197
-366 193
-338 181
-334 183
-314 179
-366 199
-386 203
-338 193
-306 173
-330 181
-350 195
-346 191
-334 189
-334 179
-294 167
-250 137
-302 139
-274 115
-286 137
-270 131
-290 153
-294 155
-342 179
-354 185
-354 191
-338 187
-334 183
-310 177
-310 173
-310 181
-326 191
-326 189
-338 189
-326 185
-342 189
-358 195
-378 197
-342 183
-394 205
-382 207
-342 185
-318 181
-322 177
-302 167
-370 199
-374 197
-410 211
-382 203
-338 185
-354 191
-374 203
-378 205
-326 191
-326 187
-330 179
-362 197
-378 203
-398 211
-370 193
-350 193
-322 173
-326 177
-338 171
-310 141
-306 147
-298 131
-286 137
-326 161
-318 157
-278 145
-278 127
-302 139
-294 121
-278 137
-282 105
-270 121
-306 131
-298 117
-310 121
-266 105
-246 87
-254 89
-266 113
-294 109
-278 113
-290 135
-326 147
-298 141
-286 143
-286 115
-290 91
-262 111
-254 97
-290 119
-286 113
-274 119
-302 137
-318 145
-318 143
-314 141
-318 153
-330 165
-318 169
-254 143
-242 121
-262 125
-274 147
-302 149
-282 125
-310 153
-350 173
-354 189
-354 193
-350 189
-354 195
-354 187
-346 181
-366 187
-362 187
-342 179
-326 177
-322 173
-330 179
-382 205
-362 199
-350 191
-378 203
-330 185
-338 183
-358 195
-338 185
-358 195
-386 201
-346 189
-370 201
-382 205
-394 211
-394 207
-394 207
-386 209
-378 199
-398 209
-374 197
-382 201
-382 199
-322 175
-342 185
-294 165
-326 179
-294 165
-330 179
-362 195
-326 185
-334 183
-330 183
-390 205
-366 195
-358 189
-366 193
-314 179
-306 169
-294 163
-338 177
-338 165
-366 181
-370 197
-370 197
-398 205
-394 205
-414 211
-374 199
-358 193
-354 197
-358 199
-342 183
-354 185
-366 185
-334 175
-338 175
-346 169
-362 191
-386 203
-358 191
-350 187
-378 195
-378 197
-394 205
-386 199
-378 207
-306 179
-338 181
-338 187
-350 187
-370 197
-326 187
-366 201
-382 205
-390 207
-382 201
-386 205
-426 219
-418 215
-414 215
-386 201
-326 181
-326 185
-374 205
-398 209
-386 197
-366 193
-334 179
-362 199
-382 199
-398 207
-418 217
-386 209
-374 205
-386 209
-342 195
-370 201
-362 191
-350 189
-358 193
-342 195
-342 185
-378 203
-378 193
-342 185
-350 173
-354 183
-366 193
-358 195
-358 197
-322 183
-326 159
-362 171
-358 185
-318 177
-330 177
-334 177
-302 161
-322 155
-322 167
-338 177
-338 185
-374 199
-370 197
-386 201
-386 205
-402 213
-382 205
-358 195
-390 201
-374 193
-386 201
-394 207
-382 203
-378 197
-390 199
-354 183
-354 181
-338 171
-358 179
-350 187
-366 183
-358 181
-326 165
-334 177
-390 199
-350 187
-314 183
-330 181
-330 181
-338 175
-302 167
-342 179
-334 175
-330 169
-342 181
-326 175
-354 183
-290 159
-298 159
-326 177
-354 191
-378 199
-366 199
-366 189
-342 177
-346 185
-310 177
-334 177
-350 191
-330 175
-362 187
-350 179
-334 169
-286 163
-302 151
-270 149
-294 161
-334 185
-342 187
-330 183
-322 177
-330 179
-318 173
-346 173
-278 155
-278 135
-266 107
-254 109
-254 73
-282 73
-290 99
-298 111
-270 125
-270 149
-274 159
-290 155
-278 145
-310 159
-282 149
-310 147
-342 167
-338 177
-338 183
-314 171
-314 169
-342 179
-366 179
-354 189
-334 175
-342 175
-330 169
-294 145
-290 137
-334 163
-318 173
-366 195
-338 187
-354 191
-374 191
-326 173
-310 167
-318 155
-306 145
-334 163
-334 163
-350 173
-354 183
-342 179
-342 179
-350 185
-358 185
-326 185
-322 173
-382 187
-322 173
-298 173
-298 153
-302 159
-286 167
-310 173
-338 185
-298 169
-318 179
-302 179
-278 159
-294 163
-286 159
-326 163
-326 163
-338 179
-350 187
-350 183
-370 197
-378 203
-346 177
-354 189
-366 199
-354 199
-362 185
-330 177
-318 173
-338 189
-386 197
-342 183
-362 197
-354 195
-386 205
-362 197
-394 205
-374 189
-370 193
-346 181
-354 191
-366 195
-334 179
-346 187
-318 177
-354 187
-322 173
-346 185
-350 189
-318 177
-350 191
-342 187
-370 201
-370 201
-398 209
-406 209
-410 215
-422 217
-402 209
-390 205
-434 219
-390 203
-390 205
-378 191
-358 183
-342 173
-338 177
-354 187
-310 159
-322 171
-326 177
-334 191
-366 191
-346 187
-358 193
-370 197
-370 203
-350 197
-338 191
-398 211
-378 197
-354 189
-370 201
-410 215
-406 213
-394 205
-398 211
-350 197
-358 189
-342 185
-286 155
-326 169
-358 189
-326 177
-318 173
-290 159
-338 187
-346 187
-338 175
-302 173
-314 175
-310 169
-342 191
-374 201
-326 187
-330 177
-378 189
-350 185
-322 179
-326 171
-334 189
-374 197
-366 195
-342 189
-346 185
-342 185
-342 189
-358 187
-318 177
-314 181
-358 195
-338 185
-322 181
-318 183
-326 185
-318 177
-330 169
-338 163
-294 153
-322 151
-334 173
-338 165
-270 145
-278 161
-294 163
-326 181
-378 193
-350 177
-346 177
-330 167
-362 169
-350 185
-342 181
-314 161
-282 157
-278 163
-274 149
-322 163
-346 171
-338 169
-358 173
-342 173
-342 173
-314 159
-342 173
-342 177
-310 163
-302 149
-338 151
-366 163
-374 167
-338 155
-350 173
-386 195
-374 197
-394 203
-366 199
-322 169
-334 171
-350 181
-338 173
-346 181
-318 165
-362 161
-362 167
-358 169
-318 151
-302 141
-306 153
-322 161
-346 171
-326 171
-302 151
-306 151
-334 171
-326 175
-314 173
-346 177
-358 191
-394 211
-350 195
-326 187
-298 175
-346 193
-366 203
-366 201
-354 193
-350 195
-358 199
-362 197
-354 195
-378 203
-406 213
-374 199
-362 199
-362 199
-398 211
-382 205
-422 217
-402 213
-382 205
-342 183
-374 197
-386 199
-370 189
-330 175
-302 155
-326 165
-330 167
-334 159
-346 165
-326 179
-370 193
-382 205
-346 193
-342 189
-370 195
-386 201
-410 213
-410 215
-370 203
-386 201
-370 199
-354 191
-382 201
-338 187
-334 173
-330 175
-326 175
-302 167
-318 179
-362 191
-366 197
-334 181
-330 177
-326 179
-358 193
-346 195
-290 163
-326 173
-338 147
-306 127
-270 97
-286 89
-266 67
-278 77
-286 63
-282 63
-306 73
-270 43
-326 59
-330 65
-338 77
-310 73
-322 91
-342 101
-330 111
-314 105
-314 107
-302 107
-298 85
-290 75
-286 81
-286 79
-294 99
-270 97
-314 103
-298 99
-278 103
-318 115
-298 121
-294 127
-274 121
-270 95
-286 87
-282 77
-294 81
-258 65
-242 37
-238 31
-270 59
-262 65
-286 101
-318 129
-346 133
-314 129
-338 133
-322 141
-290 125
-286 133
-282 133
-270 137
-310 167
-306 161
-294 173
-330 173
-318 151
-310 147
-334 151
-358 161
-338 155
-306 161
-322 175
-346 177
-354 181
-314 165
-318 155
-290 153
-290 157
-326 175
-318 157
-326 165
-350 167
-334 155
-322 141
-302 135
-322 143
-330 137
-318 127
-298 111
-278 125
-266 111
-286 87
-258 95
-250 107
-250 109
-238 121
-278 145
-294 169
-334 175
-354 195
-330 185
-374 201
-378 205
-366 195
-346 191
-334 175
-346 177
-302 171
-334 173
-306 155
-330 157
-326 159
-346 165
-314 147
-310 147
-322 147
-290 129
-258 111
-314 115
-318 129
-310 115
-306 121
-326 131
-330 137
-322 133
-322 121
-334 121
-330 121
-358 141
-334 153
-314 137
-334 145
-322 113
-318 109
-290 97
-318 109
-278 103
-282 101
-278 111
-254 97
-258 109
-258 109
-290 123
-274 119
-302 113
-298 129
-322 149
-310 153
-262 139
-354 165
-354 183
-342 189
-374 201
-370 201
-378 199
-366 195
-410 209
-358 185
-350 187
-330 181
-342 189
-330 179
-370 193
-358 183
-346 183
-310 175
-318 175
-374 199
-394 209
-374 195
-394 205
-366 199
-362 185
-338 173
-346 187
-354 195
-358 195
-346 195
-318 179
-338 181
-362 199
-378 203
-382 207
-378 203
-398 211
-402 211
-390 207
-366 195
-362 199
-330 189
-366 201
-358 193
-326 187
-370 197
-326 181
-326 167
-302 159
-318 167
-326 185
-334 185
-330 179
-322 167
-330 161
-322 171
-278 149
-266 137
-266 137
-286 153
-298 151
-290 149
-334 173
-362 193
