24 4
-224 2
-296 -26
-336 -36
-400 -12
-416 -2
-420 12
-356 -8
-368 8
-432 14
-368 0
-420 -16
-436 -4
-408 24
-420 38
-440 -2
-376 2
-416 6
-416 12
-436 36
-444 44
-472 36
-440 6
-416 34
-420 68
-444 92
-404 84
-364 62
-428 116
-396 120
-396 124
-380 156
-404 120
-372 132
-404 146
-456 164
-492 186
-476 188
-504 190
-472 180
-468 202
-456 228
-484 248
-492 234
-508 246
-476 228
-436 198
-404 198
-428 172
-448 182
-444 156
-448 126
-480 130
-492 166
-504 180
-540 184
-540 192
-548 200
-536 210
-528 218
-448 204
-440 206
-472 248
-500 258
-544 280
-564 310
-612 320
-624 328
-596 330
-628 332
-656 354
-700 374
-692 364
-668 362
-696 372
-676 364
-660 344
-608 340
-580 322
-572 302
-528 270
-488 268
-568 298
-544 284
-564 264
-544 272
-560 292
-484 258
-444 236
-436 222
-448 214
-524 272
-508 262
-576 290
-552 272
-560 264
-556 282
-580 268
-628 282
-540 240
-576 250
-540 226
-516 192
-456 176
-488 158
-436 152
-496 198
-416 182
-448 140
-452 136
-492 132
-476 132
-468 132
-468 118
-420 102
-420 94
-440 128
-440 144
-448 166
-448 140
-456 122
-500 116
-456 88
-492 76
-444 90
-464 96
-452 110
-468 106
-456 114
-412 164
-460 168
-408 170
-524 210
-512 220
-456 158
-428 150
-456 192
-444 176
-456 176
-468 186
-460 174
-364 142
-424 120
-456 142
-404 126
-440 142
-436 120
-388 112
-376 128
-436 120
-456 144
-432 142
-452 138
-424 148
-372 92
-396 76
-384 70
-392 102
-400 136
-424 148
-424 138
-444 158
-436 160
-356 148
-376 146
-416 142
-420 144
-376 134
-412 146
-420 154
-452 166
-428 136
-444 160
-500 148
-480 126
-520 162
-524 174
-548 192
-536 198
-512 204
-532 240
-564 264
-564 266
-556 278
-576 308
-604 296
-612 292
-584 290
-588 296
-588 302
-544 314
-548 312
-580 294
-556 280
-524 254
-480 248
-424 210
-452 234
-496 246
-428 216
-448 226
-392 232
-460 226
-484 238
-472 228
-436 210
-464 208
-456 202
-492 212
-492 230
-500 214
-524 246
-500 242
-476 218
-452 210
-452 206
-504 260
-512 252
-508 262
-500 256
-528 260
-524 246
-492 220
-528 234
-564 246
-500 238
-520 252
-512 284
-576 306
-572 284
-576 282
-548 278
-544 276
-564 296
-564 300
-544 298
-540 294
-564 306
-560 300
-572 306
-572 288
-520 270
-564 266
-516 266
-552 282
-524 274
-516 264
-492 252
-476 226
-468 196
-484 190
-520 184
-464 148
-452 130
-460 158
-472 168
-464 144
-468 166
-480 160
-460 144
-460 126
-476 144
-468 170
-432 152
-460 190
-484 212
-504 206
-464 214
-452 194
-480 190
-504 202
-432 172
-468 198
-504 178
-472 156
-496 144
-464 136
-496 142
-460 140
-516 174
-532 172
-524 176
-500 176
-496 170
-488 150
-524 158
-520 152
-468 150
-452 170
-464 184
-488 188
-468 182
-452 186
-456 160
-460 180
-488 216
-444 212
-476 216
-432 188
-500 176
-500 200
-488 196
-480 208
-464 198
-408 190
-404 154
-412 154
-424 178
-452 166
-472 192
-480 180
-496 174
-456 166
-456 148
-476 184
-484 194
-488 190
-500 186
-536 194
-516 226
-508 218
-476 182
-496 234
-508 240
-516 244
-500 242
-516 246
-528 250
-488 266
-552 288
-532 282
-568 304
-528 302
-572 318
-572 310
-572 310
-552 312
-552 306
-552 304
-560 296
-588 312
-604 330
-632 342
-604 336
-636 348
-672 356
-692 358
-656 352
-612 336
-536 306
-596 324
-620 332
-640 352
-600 334
-596 322
-616 320
-548 300
-612 330
-608 316
-564 314
-548 270
-540 272
-504 256
-464 230
-556 272
-572 254
-540 258
-480 222
-480 216
-544 224
-552 232
-508 210
-548 238
-556 222
-552 214
-520 220
-476 190
-480 174
-528 180
-576 172
-568 144
-488 142
-556 166
-492 174
-496 176
-504 150
-532 170
-576 164
-552 160
-540 172
-536 174
-536 160
-516 174
-476 180
-500 168
-456 182
-416 196
-448 184
-464 180
-504 198
-496 180
-504 198
-472 188
-476 166
-420 154
-444 160
-480 204
-464 192
-460 194
-424 160
-444 188
-524 214
-532 244
-508 248
-532 266
-548 294
-576 308
-564 298
-576 294
-596 304
-592 330
-584 322
-576 324
-560 288
-572 302
-600 318
-580 306
-576 306
-588 296
-544 284
-512 266
-516 258
-552 274
-528 280
-608 310
-552 296
-520 276
-544 302
-560 314
-584 314
-572 306
-576 316
-552 306
-544 312
-588 322
-644 340
-556 300
-540 298
-600 328
-552 300
-600 310
-580 322
-520 290
-536 304
-596 310
-608 320
-664 338
-624 318
-616 336
-680 338
-624 328
-616 320
-600 292
-572 290
-596 304
-572 308
-516 288
-488 268
-500 262
-464 222
-468 210
-480 230
-484 228
-528 268
-556 264
-544 258
-524 246
-532 266
-532 276
-544 260
-560 288
-628 312
-600 308
-632 328
-576 314
-584 304
-496 268
-524 280
-532 264
-528 274
-524 268
-528 270
-520 260
-456 230
-536 244
-548 260
-540 276
-508 290
-540 304
-496 274
-476 262
-572 236
-532 222
-528 234
-540 232
-524 238
-488 232
-460 230
-492 222
-484 246
-532 254
-512 230
-548 230
-528 198
-504 200
-484 220
-536 216
-548 210
-508 202
-528 214
-496 200
-476 184
-484 200
-532 238
-524 222
-440 184
-464 180
-444 158
-464 170
-496 166
-532 192
-476 156
-468 188
-508 222
-532 224
-532 220
-512 220
-504 194
-488 190
-532 206
-556 204
-524 182
-528 214
-544 236
-500 210
-536 194
-520 216
-540 214
-544 228
-484 220
-480 182
-524 174
-460 170
-464 156
-452 122
-512 126
-500 122
-516 144
-492 100
-480 72
-408 80
-384 66
-364 54
-392 44
-468 46
-504 50
-472 98
-440 58
-464 60
-444 40
-456 28
-464 30
-484 20
-476 12
-448 -24
-412 -38
-468 -12
-484 -16
-476 0
-416 6
-476 26
-448 28
-468 30
-432 50
-440 26
-484 -28
-452 -54
-472 -54
-472 -42
-488 -94
-456 -100
-484 -128
-488 -114
-432 -106
-424 -76
-432 -56
-452 -78
-468 -76
-464 -90
-436 -66
-456 -50
-408 -38
-376 -4
-360 40
-368 44
-384 66
-452 78
-388 80
-428 74
-444 70
-448 92
-440 74
-416 70
-400 68
-424 68
-424 74
-440 40
-396 28
-416 4
-388 0
-416 -28
-388 -22
-420 -20
-444 -72
-416 -40
-420 -84
-432 -74
-484 -72
-456 -100
-448 -78
-468 -74
-488 -96
-496 -102
-444 -126
-404 -144
-444 -158
-452 -168
-452 -142
-428 -168
-496 -164
-468 -118
-488 -158
-504 -148
-496 -140
-484 -166
-492 -184
-472 -182
-448 -192
-492 -204
-512 -210
-500 -222
-524 -224
-512 -236
-544 -230
-556 -246
-560 -248
-608 -268
-588 -218
-568 -206
-520 -192
-480 -186
-484 -206
-440 -182
-424 -210
-464 -236
-448 -210
-484 -202
-500 -216
-480 -206
-516 -182
-468 -164
-440 -154
-436 -144
-392 -122
-440 -142
-432 -112
-460 -148
-424 -114
-428 -104
-428 -80
-424 -90
-504 -96
-488 -134
-532 -138
-528 -168
-524 -200
-560 -206
-488 -172
-472 -156
-440 -134
-536 -142
-480 -134
-512 -120
-448 -114
-512 -74
-552 -92
-476 -70
-508 -64
-468 -88
-476 -60
-464 -76
-448 -62
-488 -90
-476 -80
-468 -72
-476 -118
-504 -108
-448 -104
-452 -66
-484 -60
-440 -44
-416 -28
-488 -22
-492 -18
-504 -46
-496 -34
-472 -34
-444 -34
-500 -42
-492 -36
-500 -32
-464 -36
-480 16
-460 10
-432 -2
-440 -36
-404 -40
-404 -18
-428 12
-452 52
-448 32
-500 30
-484 -4
-496 -6
-484 0
-504 0
-488 -8
-464 28
-528 20
-508 14
-500 2
-496 2
-464 24
-444 -16
-452 -16
-484 26
-468 66
-444 96
-436 100
-444 126
-400 96
-364 122
-436 124
-440 134
-432 138
-436 196
-468 194
-420 170
-456 172
-480 146
-480 126
-500 154
-504 178
-480 142
-444 118
-444 104
-472 120
-492 126
-448 146
-484 178
-496 162
-416 152
-464 98
-396 74
-420 64
-424 46
-472 68
-456 62
-388 52
-416 56
-456 80
-472 66
-460 48
-396 10
-412 26
-404 42
-416 38
-392 48
-396 48
-468 52
-468 14
-440 26
-452 42
-524 6
-520 18
-548 14
-504 20
-508 24
-468 36
-448 50
-444 60
-472 42
-484 52
-492 24
-540 14
-488 28
-512 64
-452 74
-448 112
-476 138
-488 146
-492 158
-516 150
-512 182
-444 174
-468 192
-480 200
-504 216
-540 250
-560 294
-592 314
-640 346
-604 320
-644 316
-640 320
-616 316
-624 316
-584 304
-636 322
-604 330
-604 330
-636 356
-592 326
-612 322
-644 334
-564 302
-584 322
-544 308
-532 300
-540 284
-500 254
-496 258
-512 260
-444 222
-428 188
-492 212
-524 216
-520 210
-492 204
-500 224
-480 182
-500 226
-492 216
-480 246
-476 266
-528 282
-528 290
-600 334
-564 318
-532 304
-596 324
-596 314
-596 304
-600 290
-556 282
-528 264
-532 260
-544 276
-524 272
-520 284
-464 256
-464 262
-508 276
-492 272
-516 266
-504 258
-544 272
-552 292
-520 272
-540 296
-476 264
-492 264
-500 280
-468 264
-544 302
-568 304
-504 284
-532 292
-504 288
-544 286
-516 274
-512 258
-504 274
-604 314
-560 300
-504 286
-476 258
-544 262
-512 242
-480 242
-508 240
-476 230
-488 236
-468 238
-484 224
-512 226
-564 242
-508 214
-496 220
-480 206
-468 210
-500 212
-496 214
-488 218
-548 240
-536 228
-488 192
-500 190
-488 170
-464 150
-472 158
-468 152
-432 160
-464 174
-464 200
-472 228
-548 252
-516 232
-568 264
-552 248
-516 230
-548 232
-520 226
-528 250
-492 234
-544 264
-492 270
-516 256
-504 240
-504 244
-496 238
-512 246
-500 214
-492 226
-504 214
-544 218
-480 184
-540 212
-512 184
-476 172
-456 162
-436 162
-420 180
-448 180
-448 178
-464 194
-528 216
-484 200
-512 216
-512 212
-460 200
-428 194
-460 228
-504 272
-520 268
-560 276
-544 280
-516 272
-504 254
-500 214
-456 206
-480 220
-464 222
-472 228
-444 188
-420 174
-440 176
-512 198
-500 194
-520 188
-532 172
-508 194
-496 192
-492 188
-512 178
-476 192
-504 200
-496 184
-516 222
-536 230
-540 250
-472 232
-424 194
-460 174
-552 204
-476 170
-472 166
-456 138
-496 168
-508 158
-504 164
-516 164
-516 160
-500 166
-476 172
-500 162
-532 166
-468 160
-480 158
-516 194
-552 198
-564 212
-572 226
-592 218
-560 208
-552 218
-484 184
-536 214
-548 252
-568 248
-576 264
-580 266
-536 258
-512 266
-576 280
-592 302
-548 274
-536 272
-540 292
-508 288
-444 250
-496 252
-516 264
-512 260
-520 260
-536 262
-472 190
-492 150
-496 178
-436 160
-444 180
-408 142
-436 122
-384 124
-400 84
-420 98
-464 86
-436 70
-444 42
-464 54
-436 26
-444 32
-460 24
-476 20
-392 40
-384 26
-400 34
-420 2
-432 18
-476 -10
-476 32
-492 58
-496 94
-532 102
-468 118
-492 132
-464 100
-552 104
-544 128
-488 142
-488 176
-552 156
-508 170
-548 186
-480 192
-456 194
-480 214
-536 230
-512 208
-476 208
-484 196
-496 212
-504 240
-484 244
-432 230
-472 240
-456 220
-448 202
-496 188
-488 232
-456 196
-440 178
-460 162
-456 170
-464 168
-464 186
-508 184
-532 210
-516 210
-460 190
-452 194
-480 240
-516 228
-488 228
-456 218
-492 236
-524 238
-492 208
-480 210
-392 176
-444 162
-436 144
-392 116
-420 98
-440 122
-396 140
-404 162
-452 204
-424 170
-448 170
-484 144
-492 120
-516 122
-484 126
-456 102
-460 138
-416 146
-396 144
-500 144
-488 156
-444 136
-436 128
-448 156
-520 202
-536 208
-496 190
-532 210
-532 220
-516 232
-560 228
-496 216
-500 198
-560 216
-520 222
-472 210
-424 192
-436 198
-496 252
-492 238
-572 270
-584 274
-540 252
-544 276
-528 284
-540 288
-564 288
-620 326
-608 316
-500 274
-576 310
-604 326
-560 316
-576 318
-564 312
-596 330
-564 308
-512 290
-596 314
-604 330
-592 312
-596 324
-616 324
-604 306
-596 294
-596 296
-520 270
-560 260
-456 244
-496 238
-512 240
-496 238
-524 282
-488 254
-520 268
-528 268
-556 246
-516 234
-520 214
-508 210
-516 216
-568 234
-512 220
-508 202
-472 178
-480 190
-500 136
-528 152
-520 172
-500 214
-524 224
-492 216
-484 224
-496 236
-440 224
-480 234
-500 218
-496 218
-504 210
-480 222
-468 224
-500 244
-472 248
-476 240
-448 226
-444 218
-504 252
-544 282
-520 276
-552 298
-544 280
-508 284
-592 322
-596 324
-568 320
-572 320
-616 324
-584 312
-564 300
-588 282
-532 282
-552 274
-552 248
-500 236
-428 192
-480 204
-460 194
-476 178
-448 152
-464 164
-476 156
-460 150
-484 164
-484 162
-480 142
-436 140
-460 132
-512 154
-428 162
-484 156
-492 162
-484 144
-456 160
-452 184
-512 186
-484 168
-476 178
-508 164
-476 140
-480 128
-512 144
-448 136
-464 140
-484 172
-472 180
-444 186
-500 196
-484 188
-428 170
-468 150
-496 140
-492 136
-480 104
-448 134
-484 140
-484 120
-508 120
-484 146
-488 142
-492 186
-496 202
-516 212
-488 220
-516 220
-504 220
-552 230
-540 244
-484 238
-456 246
-452 246
-496 238
-528 260
-520 270
-496 278
-520 272
-504 272
-552 280
-576 308
-568 274
-600 280
-576 280
-556 278
-528 274
-556 282
-528 282
-560 284
-532 256
-576 274
-588 288
-528 274
-520 272
-512 284
-524 272
-516 270
-548 278
-564 280
-572 274
-552 280
-568 286
-564 304
-532 304
-596 324
-596 314
-568 316
-608 334
-656 354
-640 348
-624 336
-516 290
-528 302
-536 298
-520 292
-452 252
-560 300
-528 280
-556 288
-560 310
-576 312
-616 328
-608 334
-612 332
-616 328
-608 330
-616 326
-624 332
-632 342
-636 344
-576 326
-508 298
-528 270
-504 266
-508 246
-520 246
-560 268
-560 292
-536 270
-492 248
-516 268
-568 294
-580 316
-588 322
-560 312
-548 312
-600 312
-616 304
-556 284
-556 276
-532 250
-476 236
-500 220
-504 244
-516 248
-520 258
-468 232
-472 248
-460 242
-504 214
-524 236
-496 226
-480 226
-464 216
-492 222
-512 242
-560 284
-544 252
-528 238
-564 248
-544 248
-536 258
-528 248
-504 238
-508 248
-532 250
-504 244
-500 252
-528 240
-488 214
-536 196
-496 186
-516 174
-544 166
-488 148
-540 158
-480 162
-456 108
-500 126
-524 154
-532 190
-460 226
-504 224
-420 218
-492 218
-420 166
-416 184
-412 166
-464 184
-424 186
-440 182
-436 200
-436 202
-424 198
-448 174
-416 180
-448 186
-412 174
-420 148
-420 102
-384 90
-372 104
-420 130
-440 100
-408 68
-380 40
-420 38
-428 62
-436 102
-476 90
-468 84
-436 68
-480 76
-484 72
-452 78
-404 62
-416 88
-392 40
-384 92
-436 94
-468 104
-448 138
-500 156
-488 162
-500 166
-528 142
-512 152
-568 158
-476 134
-492 154
-476 148
-500 176
-488 204
-520 220
-500 220
-552 234
-548 258
-516 256
-560 274
-564 280
-536 272
-500 258
-468 254
-476 248
-496 258
-516 238
-532 254
-492 262
-504 250
-560 268
-544 270
-484 226
-484 260
-512 272
-484 248
-516 262
-512 268
-512 282
-508 284
-548 308
-556 324
-588 322
-628 326
-616 340
-588 314
-628 320
-604 318
-584 308
-580 310
-596 326
-628 340
-600 328
-584 320
-556 296
-472 260
-524 298
-520 282
-512 276
-500 268
-492 246
-536 256
-496 252
-548 278
-528 266
-576 286
-564 304
-612 332
-648 348
-624 342
-628 348
-688 364
-652 358
-600 334
-616 344
-592 324
-644 330
-612 326
-516 278
-568 300
-536 294
-540 288
-576 314
-568 292
-564 306
-592 314
-600 326
-556 312
-548 304
-516 284
-492 268
-544 276
-592 308
-572 308
-524 292
-548 290
-612 318
-628 318
-588 292
-568 288
-544 294
-552 290
-568 296
-556 282
-548 278
-524 268
-520 262
-508 246
-500 250
-500 254
-484 244
-532 262
-452 226
-436 200
-496 208
-496 200
-468 176
-408 150
-400 126
-464 148
-464 134
-452 144
-496 88
-464 62
-444 62
-460 36
-420 20
-412 32
-428 -32
-412 -56
-428 -54
-440 -80
-436 -72
-424 -36
-436 -40
-440 -52
-504 -96
-432 -62
-444 -54
-400 -4
-404 14
-476 -16
-440 36
-440 50
-436 56
-432 74
-424 56
-456 62
-464 106
-452 118
-468 88
-432 72
-436 78
-432 84
-400 64
-432 92
-428 112
-468 130
-512 132
-488 114
-508 110
-476 100
-480 88
-496 132
-504 146
-524 150
-468 132
-516 158
-472 152
-456 174
-424 158
-480 192
-424 166
-444 160
-436 172
-396 172
-496 206
-524 186
-556 198
-516 202
-536 212
-520 186
-492 174
-436 128
-476 140
-460 124
-460 146
-472 140
-492 144
-496 118
-524 120
-520 120
-460 134
-512 120
-452 84
-448 96
-488 68
-504 92
-480 72
-496 120
-508 138
-576 144
-548 116
-468 104
-512 128
-456 140
-508 116
-520 110
-536 112
-524 88
-504 76
-520 56
-496 74
-468 100
-460 88
-448 106
-408 114
-416 140
-460 120
-444 80
-484 46
-452 24
-460 30
-432 10
-468 30
-448 18
-464 6
-484 16
-536 -16
-512 16
-492 26
-460 -10
-464 -28
-500 -10
-532 26
-536 80
-536 66
-524 52
-496 48
-464 54
-420 42
-416 46
-420 30
-436 28
-456 20
-472 38
-456 22
-468 -16
-468 -10
-440 30
-396 22
-452 6
-496 -6
-456 -8
-468 -34
-460 -84
-436 -46
-428 -52
-404 -44
-440 -54
-472 -78
-536 -102
-500 -84
-460 -92
-452 -64
-448 -80
-448 -96
-456 -102
-460 -84
-440 -48
-396 -42
-432 -34
-400 4
-384 38
-448 22
-488 14
-500 0
-484 -2
-464 -16
-500 -2
-532 14
-536 36
-496 46
-492 58
-512 80
-528 84
-512 86
-480 94
-488 70
-456 70
-432 56
-444 32
-476 22
-516 28
-492 14
-504 14
-520 6
-500 4
-468 0
-476 10
-492 -46
-488 -80
-484 -46
-488 -28
-460 -20
-448 -26
-488 -50
-460 -38
-440 -76
-440 -66
-448 -118
-440 -138
-424 -114
-448 -102
-468 -124
-420 -94
-500 -102
-492 -76
-416 -92
-432 -76
-400 -72
-356 -78
-440 -116
-412 -96
-456 -124
-444 -118
-432 -102
-500 -74
-480 -52
-476 -52
-476 -66
-492 -38
-516 -4
-536 16
-524 14
-524 40
-516 40
-464 30
-532 12
-516 24
-488 4
-472 -20
-488 -2
-472 22
-428 20
-424 16
-432 36
-404 42
-448 52
-524 26
-512 22
-456 30
-468 36
-480 40
-468 -4
-468 24
-472 24
-444 54
-476 52
-492 66
-520 44
-476 34
-456 54
-436 70
-448 104
-492 128
-488 142
-516 134
-472 120
-472 108
-456 66
-464 106
-424 130
-400 134
-452 142
-444 160
-448 164
-448 182
-440 160
-484 176
-520 170
-456 180
-508 174
-440 128
-492 140
-476 126
-480 136
-544 154
-496 152
-520 144
-504 116
-480 110
-440 116
-432 102
-412 100
-404 76
-412 88
-392 94
-340 90
-332 74
-364 90
-368 86
-404 58
-408 42
-416 48
-424 62
-392 60
-388 114
-368 82
-376 50
-340 6
-304 -8
-404 -32
-416 -52
-412 -62
-444 -82
-456 -106
-476 -88
-440 -104
-460 -122
-464 -108
-488 -138
-396 -112
-464 -130
-440 -168
-416 -152
-428 -128
-504 -118
-472 -120
-400 -136
-416 -152
-432 -188
-468 -182
-428 -176
-428 -172
-428 -160
-484 -172
-496 -186
-460 -202
-460 -216
-472 -186
-440 -174
-448 -166
-480 -176
-488 -196
-476 -208
-500 -234
-488 -208
-432 -206
-432 -182
-440 -186
-504 -190
-476 -170
-448 -162
-468 -160
-472 -174
-468 -154
-472 -152
-452 -90
-452 -118
-452 -124
-452 -124
-468 -146
-444 -126
-424 -118
-480 -146
-452 -162
-484 -172
-484 -170
-492 -172
-528 -190
-464 -148
-440 -182
-456 -214
-464 -246
-436 -202
-460 -216
-468 -218
-464 -224
-536 -256
-492 -258
-504 -256
-544 -290
-516 -284
-580 -316
-564 -306
-568 -306
-536 -278
-556 -312
-572 -316
-564 -310
-512 -288
-544 -304
-528 -304
-540 -300
-480 -270
-524 -288
-520 -282
-572 -288
-568 -302
-632 -332
-620 -334
-544 -308
-584 -318
-568 -314
-532 -282
-552 -282
-576 -280
-548 -282
-528 -296
-584 -316
-600 -318
-596 -302
-604 -302
-528 -264
-524 -266
-528 -244
-492 -224
-520 -220
-552 -272
-592 -294
-564 -298
-568 -294
-628 -316
-600 -324
-564 -300
-568 -286
-512 -258
-540 -260
-584 -304
-532 -296
-600 -316
-556 -316
-524 -282
-512 -258
-512 -270
-536 -286
-560 -282
-564 -268
-544 -254
-496 -224
-496 -242
-532 -246
-544 -272
-564 -272
-512 -286
-548 -286
-548 -284
-560 -292
-540 -280
-580 -302
-576 -284
-596 -280
-548 -284
-536 -266
-552 -284
-532 -282
-568 -288
-576 -302
-584 -312
-588 -318
-532 -294
-572 -310
-548 -302
-564 -314
-552 -294
-548 -296
-564 -314
-568 -324
-600 -326
-576 -312
-604 -318
-548 -290
-544 -272
-552 -286
-560 -288
-564 -294
-584 -298
-508 -276
-512 -268
-524 -284
-508 -264
-496 -256
-496 -238
-524 -258
-468 -248
-452 -206
-476 -208
-484 -210
-472 -192
-504 -204
-488 -218
-480 -204
-464 -182
-428 -154
-408 -132
-420 -170
-440 -142
-452 -154
-412 -128
-488 -148
-480 -158
-380 -138
-432 -134
-436 -148
-464 -176
-472 -196
-524 -172
-512 -152
-468 -160
-484 -144
-476 -108
-448 -108
-492 -82
-444 -90
-448 -114
-472 -150
-448 -174
-468 -194
-480 -208
-424 -176
-492 -216
-528 -220
-516 -240
-564 -266
-560 -270
-544 -278
-564 -268
-560 -292
-592 -306
-576 -312
-572 -298
-588 -310
-560 -302
-596 -304
-520 -290
-560 -304
-596 -306
-552 -292
-552 -280
-556 -274
-528 -248
-524 -228
-516 -228
-448 -214
-428 -216
-480 -236
-448 -242
-480 -260
-584 -298
-520 -278
-508 -280
-532 -278
-508 -246
-524 -238
-504 -222
-484 -222
-492 -230
-472 -212
-472 -164
-408 -124
-412 -132
-480 -150
-512 -168
-488 -140
-456 -124
-456 -108
-484 -82
-464 -64
-432 -72
-456 -118
-420 -114
-424 -86
-420 -116
-432 -146
-416 -174
-476 -212
-488 -228
-452 -208
-452 -228
-460 -244
-468 -244
-500 -258
-520 -280
-564 -280
-568 -282
-592 -308
-576 -318
-536 -310
-556 -326
-620 -344
-588 -324
-620 -326
-624 -328
-576 -322
-592 -328
-628 -346
-580 -336
-620 -344
-668 -356
-688 -360
-672 -348
-648 -346
-596 -326
-588 -320
-568 -306
-564 -306
-572 -324
-564 -314
-528 -298
-580 -328
-608 -338
-612 -336
-576 -318
-564 -292
-636 -326
-644 -332
-620 -320
-640 -340
-616 -322
-632 -330
-584 -326
-552 -300
-556 -300
-536 -286
-564 -310
-560 -324
-548 -302
-504 -286
-496 -270
-484 -260
-500 -260
-492 -254
-512 -226
-568 -258
-576 -286
-552 -276
-500 -266
-524 -260
-536 -254
-508 -234
-472 -200
-508 -228
-508 -212
-544 -188
-552 -208
-480 -182
-480 -182
-480 -152
-496 -160
-524 -164
-512 -166
-516 -188
-500 -166
-492 -160
-512 -132
-488 -134
-504 -168
-480 -168
-492 -212
-444 -210
-444 -204
-432 -184
-484 -162
-480 -162
-440 -166
-428 -148
-436 -136
-432 -114
-496 -140
-456 -142
-480 -148
-440 -154
-424 -166
-452 -160
-500 -168
-496 -172
-560 -190
-488 -208
-488 -220
-532 -236
-556 -232
-556 -260
-572 -276
-556 -278
-520 -280
-520 -272
-508 -262
-548 -286
-508 -262
-496 -254
-504 -270
-524 -258
-504 -264
-552 -298
-552 -304
-588 -328
-600 -332
-592 -320
-640 -344
-548 -312
-544 -274
-528 -270
-512 -274
-504 -268
-532 -290
-540 -288
-544 -256
-516 -246
-508 -216
-488 -250
-496 -244
-476 -242
-476 -220
-476 -208
-492 -190
-452 -162
-492 -192
-516 -220
-464 -220
-484 -218
-540 -224
-544 -216
-544 -216
-520 -202
-500 -202
-496 -220
-508 -230
-500 -218
-544 -230
-548 -234
-532 -228
-512 -218
-480 -242
-464 -236
-580 -274
-560 -304
-532 -272
-504 -234
-492 -224
-448 -196
-400 -174
-416 -188
-416 -184
-460 -182
-448 -202
-464 -196
-396 -200
-444 -170
-472 -164
-516 -196
-496 -188
-460 -194
-484 -182
-460 -200
-432 -148
-468 -186
-484 -204
-432 -202
-472 -218
-496 -210
-508 -212
-500 -192
-480 -174
-488 -186
-460 -214
-440 -166
-396 -176
-408 -182
-492 -228
-472 -204
-488 -190
-532 -236
-592 -238
-592 -236
-584 -236
-532 -234
-516 -252
-536 -250
-500 -236
-548 -222
-544 -238
-516 -254
-504 -252
-520 -240
-484 -202
-476 -176
-456 -174
-476 -182
-460 -176
-448 -156
-488 -174
-448 -138
-448 -124
-476 -132
-480 -120
-416 -142
-468 -142
-484 -142
-492 -174
-468 -186
-452 -172
-432 -150
-428 -168
-416 -168
-436 -152
-416 -170
-424 -150
-420 -118
-360 -104
-420 -90
-408 -54
-424 -42
-396 -74
-412 -112
-412 -114
-400 -128
-428 -134
-420 -150
-476 -180
-460 -170
-448 -158
-456 -164
-464 -168
-488 -158
-464 -166
-544 -216
-496 -200
-516 -204
-536 -234
-496 -224
-540 -256
-536 -270
-552 -280
-476 -256
-464 -232
-484 -246
-488 -242
-476 -236
-472 -226
-512 -254
-548 -278
-536 -258
-516 -268
-512 -248
-468 -216
-476 -214
-460 -210
-404 -204
-440 -208
-492 -226
-520 -254
-484 -250
-496 -254
-500 -254
-524 -274
-484 -242
-508 -256
-516 -246
-512 -232
-504 -218
-456 -204
-460 -180
-496 -200
-472 -188
-508 -190
-460 -178
-460 -190
-484 -176
-476 -164
-476 -164
-460 -138
-448 -128
-484 -140
-492 -158
-492 -118
-424 -106
-468 -112
-448 -98
-448 -106
-428 -98
-428 -110
-404 -108
-416 -122
-480 -178
-472 -170
-544 -210
-464 -190
-504 -164
-512 -182
-476 -172
-472 -140
-472 -140
-500 -136
-416 -124
-428 -108
-476 -110
-484 -132
-440 -140
-472 -128
-468 -122
-460 -118
-420 -102
-476 -134
-440 -118
-440 -110
-468 -84
-448 -52
-428 -50
-336 -40
-380 -24
-432 -42
-432 -24
-380 -20
-336 2
-356 46
-384 50
-424 40
-464 16
-496 6
-524 -6
-448 -6
-472 -4
-464 -26
-456 -10
-484 36
-464 86
-496 88
-512 98
-464 82
-444 104
-492 112
-488 162
-528 180
-500 202
-420 168
-440 160
-484 164
-468 162
-476 142
-468 134
-500 166
-500 168
-488 158
-528 156
-524 200
-536 200
-536 208
-532 202
-512 196
-472 174
-524 236
-516 258
-476 244
-420 206
-448 238
-444 226
-500 244
-516 250
-488 250
-536 260
-524 252
-512 224
-472 196
-456 204
-448 200
-464 222
-440 208
-472 196
-460 222
-424 178
-484 204
-516 210
-496 216
-496 212
-516 238
-536 226
-512 230
-528 218
-504 216
-524 250
-480 244
-540 262
-584 256
-584 272
-592 286
-552 250
-560 260
-556 264
-528 242
-504 252
-444 212
-512 262
-580 308
-540 294
-520 276
-532 298
-528 286
-572 298
-580 316
-568 290
-540 280
-548 292
-552 304
-648 340
-636 334
-616 326
-588 316
-572 292
-568 298
-528 284
-508 266
-488 246
-508 234
-512 236
-500 224
-496 236
-480 220
-516 240
-508 244
-536 244
-512 228
-508 222
-504 234
-520 238
-492 230
-536 226
-468 212
-488 204
-504 212
-488 226
-524 242
-536 232
-504 248
-512 240
-484 222
-524 220
-584 242
-588 226
-540 218
-528 216
-560 240
-528 238
-516 226
-568 234
-512 230
-536 234
-532 224
-512 222
-488 226
-592 264
-568 258
-560 260
-520 244
-528 270
-536 272
-564 270
-548 246
-524 242
-528 260
-520 258
-528 270
-532 246
-468 218
-484 222
-508 240
-524 278
-504 252
-528 260
-548 284
-584 304
-628 322
-576 302
-596 308
-588 296
-512 272
-488 274
-524 280
-572 300
-524 286
-552 306
-528 300
-528 298
-500 300
-492 268
-492 274
-492 278
-484 278
-512 272
-544 300
-544 304
-568 328
-592 336
-632 334
-612 320
-544 310
-576 330
-616 332
-592 318
-564 300
-540 296
-460 262
-524 292
-504 268
-508 274
-500 268
-528 270
-512 270
-468 244
-480 254
-516 268
-552 296
-592 312
-572 310
-588 314
-588 324
-616 308
-608 308
-608 320
-600 312
-552 304
-536 282
-512 268
-532 276
-548 274
-568 268
-468 242
-492 224
-512 244
-504 234
-468 210
-480 222
-512 226
-544 230
-592 244
-568 246
-576 256
-576 254
-532 252
-524 234
-520 246
-512 230
-480 180
-432 130
-464 134
-488 166
-488 178
-452 182
-472 182
-496 154
-480 124
-464 146
-424 116
-396 92
-428 74
-424 76
-464 86
-428 106
-456 120
-460 172
-468 168
-500 186
-524 182
-504 176
-516 180
-528 196
-556 162
-552 204
-536 208
-500 206
-492 210
-512 202
-476 184
-504 210
-448 196
-428 176
-456 172
-448 172
-460 188
-480 208
-464 202
-488 220
-484 178
-552 188
-544 206
-548 248
-500 230
-484 224
-540 274
-564 296
-560 276
-528 258
-552 274
-532 280
-572 304
-564 302
-640 310
-624 286
-608 266
-596 280
-508 268
-576 284
-524 258
-528 246
-520 238
-552 258
-532 264
-552 254
-516 238
-492 184
-472 212
-480 192
-516 220
-520 234
-560 258
-556 238
-520 220
-536 210
-508 194
-492 208
-508 204
-452 194
-484 222
-432 220
-500 234
-508 232
-444 228
-456 222
-468 214
-488 254
-532 276
-564 288
-536 254
-512 256
-540 250
-468 226
-504 244
-484 228
-504 236
-512 254
-528 260
-508 254
-484 238
-532 266
-524 256
-552 280
-576 314
-564 320
-548 294
-472 236
-432 236
-508 252
-552 248
-532 254
-532 242
-456 224
-496 266
-472 276
-512 280
-520 280
-504 258
-464 250
-544 280
-556 260
-560 264
-568 286
-532 258
-544 264
-508 240
-496 244
-520 240
-524 238
-548 268
-520 250
-496 242
-512 242
-544 252
-560 268
-520 260
-560 278
-528 258
-516 238
-552 248
-572 252
-552 230
-564 240
-540 230
-532 216
-552 222
-560 242
-544 232
-512 224
-472 222
-448 212
-484 240
-548 246
-528 248
-560 262
-548 260
-564 258
-520 242
-528 268
-548 250
-500 242
-560 218
-580 202
-540 202
-568 228
-572 242
-524 228
-500 208
-452 180
-460 178
-492 188
-472 206
-476 228
-512 222
-516 230
-500 216
-508 214
-508 200
-532 190
-536 208
-484 160
-500 204
-544 224
-536 212
-600 242
-604 256
-564 242
-572 252
-576 256
-596 278
-600 262
-552 248
-544 240
-556 242
-592 262
-616 250
-580 244
-548 248
-592 260
-584 262
-588 280
-532 246
-572 242
-536 236
-496 266
-484 254
-500 254
-532 260
-564 272
-528 264
-552 256
-556 262
-520 246
-540 238
-544 270
-508 236
-496 214
-488 210
-528 238
-524 216
-524 246
-540 236
-600 262
-524 246
-528 246
-512 226
-488 206
-504 228
-528 212
-508 216
-504 216
-500 180
-544 180
-484 144
-476 134
-464 150
-444 132
-436 156
-456 166
-436 148
-416 156
-404 96
-432 98
-472 112
-472 100
-496 114
-488 80
-432 70
-440 96
-436 104
-448 98
-428 98
-372 70
-404 100
-440 102
-420 94
-456 108
-488 102
-400 68
-392 50
-364 62
-368 60
-392 82
-328 92
-380 118
-384 100
-416 120
-400 102
-412 94
-416 88
-468 92
-456 90
-420 104
-416 92
-428 88
-436 50
-412 76
-400 64
-380 42
-388 50
-408 56
-360 70
-384 66
-368 36
-412 50
-472 74
-452 68
-420 84
-432 110
-492 122
-480 122
-452 136
-468 132
-496 134
-460 112
-448 120
-456 144
-436 158
-464 150
-440 136
-476 116
-452 130
-512 148
-476 130
-468 128
-492 122
-472 104
-432 112
-412 86
-472 98
-444 120
-496 138
-404 114
-428 116
-408 100
-404 134
-380 108
-400 104
-408 74
-424 96
-444 130
-452 122
-412 136
-428 152
-436 148
-448 122
-420 124
-448 128
-436 152
-480 196
-456 180
-456 158
-440 106
-480 124
-464 168
-464 184
-504 202
-572 220
-568 222
-532 216
-504 194
-496 170
-520 172
-472 170
-480 200
-472 236
-500 254
-488 240
-460 226
-496 244
-480 226
-468 208
-440 198
-452 184
-488 190
-468 192
-444 152
-456 156
-432 130
-416 118
-404 122
-408 116
-472 124
-516 112
-544 84
-528 90
-528 86
-524 64
-456 78
-520 112
-512 124
-520 148
-544 148
-512 174
-480 204
-468 214
-468 234
-468 218
-484 220
-460 232
-468 258
-480 250
-524 234
-548 256
-532 264
-552 278
-504 266
-524 270
-504 266
-524 256
-488 214
-500 222
-520 218
-484 216
-464 222
-464 236
-512 252
-508 236
-512 218
-512 240
-496 224
-540 250
-544 250
-520 238
-532 228
-540 238
-544 240
-532 222
-560 256
-544 234
-484 196
-516 206
-536 216
-516 226
-516 220
-488 222
-484 212
-488 230
-504 208
-528 210
-528 216
-492 218
-496 200
-512 204
-488 180
-448 188
-412 186
-412 164
-424 150
-452 164
-464 210
-504 232
-544 272
-544 284
-572 298
-548 272
-520 266
-516 272
-540 282
-464 268
-496 268
-500 292
-524 294
-576 312
-580 322
-548 300
-536 302
-616 324
-588 302
-632 326
-612 336
-572 314
-480 278
-484 266
-500 272
-492 268
-472 236
-508 268
-564 282
-516 272
-544 270
-468 262
-464 252
-492 270
-508 280
-512 276
-496 264
-452 234
-488 236
-416 216
-456 200
-452 190
-504 182
-440 142
-456 150
-484 162
-428 146
-444 164
-432 158
-448 188
-456 208
-476 222
-516 242
-512 252
-556 270
-572 292
-572 304
-488 266
-508 264
-532 258
-508 256
-500 270
-516 260
-576 294
-544 272
-532 258
-568 282
-584 294
-500 250
-464 206
-504 240
-532 224
-504 224
-548 254
-532 260
-584 284
-564 272
-576 248
-576 250
-568 214
-532 202
-512 220
-488 228
-540 270
-544 292
-552 268
-548 288
-560 308
-572 312
-596 312
-568 294
-536 272
-548 274
-552 280
-532 268
-548 260
-520 224
-552 218
-544 226
-508 216
-488 222
-524 228
-480 210
-468 250
-460 214
-492 242
-524 244
-524 252
-520 230
-532 222
-536 228
-476 200
-464 192
-496 196
-540 200
-536 206
-516 200
-508 204
-500 182
-428 178
-432 152
-440 122
-484 140
-448 138
-504 156
-452 180
-436 142
-444 138
-444 134
-432 138
-436 152
-444 160
-476 152
-488 168
-512 202
-476 166
-448 138
-408 122
-452 140
-448 114
-496 160
-488 190
-468 160
-456 156
-480 182
-512 226
-508 224
-556 238
-504 246
-480 228
-532 254
-592 302
-556 280
-576 294
-508 260
-504 254
-496 230
-468 204
-440 206
-448 188
-448 212
-416 210
-480 214
-496 214
-508 226
-496 212
-468 228
-572 290
-524 278
-516 280
-540 292
-496 270
-448 270
-456 256
-408 236
-400 214
-408 198
-448 206
-448 198
-492 206
-444 206
-436 194
-468 224
-472 216
-472 214
-448 182
-444 186
-476 180
-496 172
-472 166
-484 172
-468 168
-528 214
-508 208
-544 228
-516 216
-484 214
-508 220
-504 218
-520 190
-540 196
-524 172
-460 148
-416 134
-408 134
-412 128
-436 140
-492 188
-544 212
-492 216
-496 218
-508 228
-516 206
-516 226
-532 234
-508 232
-520 228
-568 254
-600 266
-616 268
-596 256
-576 258
-568 244
-600 250
-580 254
-608 258
-596 238
-556 200
-536 200
-540 186
-564 182
-572 198
-560 204
-576 244
-580 218
-548 242
-604 240
-548 218
-536 216
-504 202
-480 184
-516 204
-540 194
-492 192
-428 168
-476 166
-440 134
-488 138
-476 138
-528 140
-508 116
-504 146
-476 130
-460 144
-480 166
-436 156
-532 166
-460 138
-496 116
-452 142
-520 184
-516 218
-516 202
-512 228
-456 200
-432 184
-476 152
-436 138
-440 124
-468 154
-420 158
-440 198
-432 194
-460 186
-460 178
-440 178
-440 180
-488 186
-488 170
-492 182
-512 190
-564 178
-580 198
-536 168
-508 170
-496 156
-504 148
-472 144
-484 124
-492 134
-440 146
-488 136
-484 120
-432 124
-448 144
-468 138
-492 100
-524 80
-500 68
-484 68
-528 88
-504 68
-484 78
-500 88
-524 78
-540 94
-540 126
-544 138
-516 166
-496 152
-480 118
-460 120
-420 88
-444 106
-468 108
-456 68
-492 76
-504 58
-504 54
-436 66
-456 104
-444 100
-444 120
-416 120
-432 126
-404 160
-472 182
-432 182
-412 172
-452 182
-472 196
-476 208
-452 210
-532 244
-544 248
-540 238
-576 256
-608 270
-580 254
-524 262
-472 252
-536 272
-588 284
-548 276
-480 240
-472 216
-532 232
-556 236
-544 236
-496 216
-504 232
-468 220
-484 218
-484 236
-512 214
-544 248
-536 258
-556 276
-544 290
-556 264
-528 276
-524 280
-536 266
-556 304
-536 270
-532 278
-500 282
-564 298
-568 294
-580 312
-556 280
-516 266
-512 260
-496 234
-560 246
-508 234
-540 256
-564 250
-564 268
-536 264
-540 272
-564 278
-540 260
-488 246
-544 238
-456 186
-508 214
-544 230
-540 220
-520 196
-432 206
-416 178
-424 180
-436 132
-340 106
-436 152
-468 174
-452 168
-436 168
-416 178
-388 148
-384 130
-400 106
-460 140
-440 138
-460 150
-488 164
-500 166
-552 206
-572 232
-588 220
-564 218
-548 196
-548 204
-520 176
-540 180
-556 164
-520 114
-528 118
-532 132
-532 166
-512 160
-484 158
-504 146
-456 126
-448 130
-472 170
-456 180
-472 186
-468 216
-472 224
-516 232
-532 240
-504 256
-532 256
-544 276
-540 258
-568 266
-556 236
-504 194
-536 238
-512 248
-512 238
-512 236
-512 244
-492 230
-488 194
-492 184
-476 188
-448 138
-476 176
-428 168
-444 162
-436 170
-444 154
-464 178
-508 166
-448 144
-448 180
-500 198
-552 196
-524 188
-540 204
-548 214
-540 220
-560 244
-548 246
-540 240
-536 240
-512 210
-504 222
-464 216
-444 194
-404 182
-444 204
-476 216
-460 214
-424 212
-476 222
-508 258
-572 282
-528 280
-576 284
-580 300
-604 298
-528 260
-596 290
-596 278
-596 288
-580 294
-552 274
-556 288
-592 308
-592 318
-588 322
-572 302
-536 286
-600 318
-624 328
-664 336
-648 350
-640 348
-596 336
-564 320
-604 314
-604 310
-612 322
-536 288
-580 296
-536 258
-552 284
-536 274
-596 304
-612 322
-648 334
-624 332
-612 310
-584 308
-560 286
-516 266
-512 266
-512 262
-516 268
-488 246
-436 232
-524 252
-540 254
-528 248
-552 250
-592 276
-524 280
-584 282
-576 274
-528 238
-452 236
-468 214
-524 260
-564 282
-548 292
-556 290
-552 282
-532 288
-572 314
-568 328
-552 298
-548 310
-568 294
-544 284
-540 296
-472 254
-456 246
-500 274
-536 276
-540 272
-524 262
-520 258
-520 284
-532 288
-476 254
-524 298
-568 304
-560 286
-564 282
-516 280
-540 290
-532 278
-520 270
-500 260
-568 278
-544 244
-552 236
-512 234
-472 224
-484 210
-484 194
-524 212
-508 200
-468 176
-428 130
-452 94
-516 110
-520 92
-472 76
-468 36
-412 26
-468 46
-428 12
-468 10
-460 16
-504 20
-448 8
-388 -16
-392 10
-404 -30
-404 -32
-448 -54
-440 -90
-416 -68
-472 -88
-428 -42
-456 -28
-416 -18
-448 -20
-468 -22
-480 -30
-456 28
-412 38
-432 52
-432 48
-428 42
-492 106
-472 112
-476 126
-476 122
-456 132
-412 112
-452 158
-420 160
-444 192
-468 216
-456 218
-516 230
-540 234
-556 236
-520 256
-544 278
-544 276
-556 272
-520 240
-516 250
-528 272
-484 250
-468 246
-464 236
-496 244
-548 286
-596 318
-580 314
-608 326
-588 326
-648 344
-596 326
-552 306
-552 310
-536 300
-568 316
-532 282
-480 260
-508 248
-464 214
-492 200
-544 196
-500 188
-492 202
-508 204
-500 196
-488 216
-440 160
-444 190
-464 198
-484 210
-516 212
-488 192
-504 218
-500 222
-408 208
-380 170
-420 118
-420 104
-420 118
-436 138
-444 140
-440 150
-444 172
-480 176
-460 182
-476 162
-492 190
-468 168
-424 124
-436 128
-448 110
-472 138
-464 108
-436 120
-444 120
-484 156
-488 194
-540 228
-500 202
-492 160
-464 142
-456 138
-428 146
-452 122
-408 142
-428 108
-436 100
-388 106
-376 106
-372 106
-396 150
-392 96
-420 108
-408 76
-388 86
-424 118
-424 118
-376 82
-416 26
-392 38
-460 52
-420 42
-428 52
-388 34
-400 42
-352 42
-352 72
-384 72
-400 66
-408 52
-400 80
-424 46
-372 58
-376 76
-360 76
-356 62
-348 62
-384 82
-404 74
-444 120
-456 142
-460 140
-424 112
-444 114
-456 126
-456 116
-496 146
-588 158
-516 126
-496 96
-504 96
-496 96
-512 90
-532 78
-436 114
-404 130
-392 114
-428 144
-476 182
-524 202
-532 220
-440 200
-480 208
-536 212
-536 236
-532 254
-536 266
-524 258
-540 264
-556 268
-560 266
-520 258
-520 246
-556 272
-568 308
-544 296
-568 310
-548 318
-596 316
-604 328
-576 316
-584 320
-572 306
-516 282
-556 298
-556 302
-560 318
-540 298
-544 292
-548 304
-568 314
-552 292
-544 306
-544 308
-528 308
-552 290
-548 290
-564 300
-544 284
-536 288
-544 294
-540 288
-556 302
-580 314
-500 278
-424 234
-444 220
-460 196
-488 210
-492 180
-520 224
-484 204
-476 214
-464 232
-484 248
-496 236
-456 200
-400 186
-424 164
-476 180
-480 208
-444 194
-500 202
-532 234
-528 252
-488 222
-488 204
-520 202
-528 198
-536 210
-468 218
-500 166
-516 158
-500 168
-480 206
-520 206
-504 226
-512 230
-540 222
-528 224
-524 240
-512 244
-536 258
-532 268
-548 258
-536 226
-556 216
-508 200
-440 174
-500 184
-508 204
-516 218
-528 224
-520 248
-588 294
-608 312
-600 316
-648 334
-596 322
-592 308
-596 320
-608 310
-640 310
-628 320
-600 316
-588 314
-592 308
-588 294
-564 296
-596 318
-628 314
-564 320
-600 330
-600 324
-572 320
-580 320
-536 300
-540 282
-548 282
-564 298
-556 314
-532 308
-580 314
-576 312
-580 316
-588 330
-584 328
-640 334
-588 306
-576 306
-596 306
-596 320
-616 332
-584 322
-524 298
-504 290
-512 288
-516 278
-572 306
-624 332
-608 314
-548 308
-612 328
-636 334
-596 308
-476 254
-560 272
-532 284
-520 282
-536 290
-552 292
-544 294
-496 266
-440 208
-460 222
-496 240
-492 240
-520 280
-516 246
-492 242
-492 260
-464 240
-448 222
-484 226
-508 262
-516 240
-496 234
-492 242
-456 228
-484 246
-516 238
-548 270
-552 268
-540 262
-548 246
-528 256
-572 258
-540 252
-596 288
-596 300
-600 310
-628 318
-572 296
-532 264
-512 264
-532 286
-488 256
-524 270
-508 262
-560 294
-616 308
-564 300
-536 290
-576 312
-584 314
-520 286
-556 302
-564 298
-584 304
-588 306
-576 306
-536 294
-536 284
-516 288
-492 262
-472 242
-500 250
-484 262
-496 262
-492 264
-504 260
-504 234
-500 228
-460 184
-468 184
-432 172
-504 178
-444 174
-476 200
-476 202
-504 228
-552 234
-520 230
-508 236
-508 226
-536 212
-524 218
-516 242
-560 244
-512 224
-520 220
-520 238
-520 218
-528 224
-512 240
-492 242
-492 224
-508 248
-452 234
-444 216
-416 194
-488 226
-440 236
-428 200
-388 208
-460 228
-532 244
-576 240
-524 240
-460 208
-492 236
-532 252
-500 238
-516 232
-528 224
-548 228
-524 228
-504 214
-584 210
-544 212
-504 220
-508 200
-508 214
-492 200
-520 228
-536 228
-468 228
-460 200
-460 212
-552 252
-508 216
-460 224
-464 222
-508 246
-580 276
-524 250
-500 258
-540 252
-520 222
-520 214
-480 210
-484 228
-536 264
-496 234
-456 216
-516 256
-560 256
-576 264
-568 262
-524 268
-532 280
-560 288
-556 298
-588 314
-564 286
-640 314
-612 314
-560 300
-552 296
-564 284
-564 294
-520 286
-540 292
-552 274
-564 282
-568 296
-584 306
-528 310
-552 290
-552 290
-536 292
-536 294
-536 288
-556 296
-572 312
-588 302
-544 304
-568 308
-568 282
-552 292
-480 264
-544 280
-592 302
-572 302
-528 288
-520 282
-536 286
-500 244
-484 256
-492 254
-492 236
-512 264
-556 268
-564 286
-548 266
-536 264
-540 272
-576 272
-536 236
-532 232
-528 206
-508 190
-496 184
-504 178
-524 200
-564 232
-544 260
-484 224
-420 214
-460 234
-460 234
-528 254
-536 272
-496 252
-484 234
-468 230
-456 246
-504 266
-452 250
-440 250
-500 274
-480 268
-536 258
-548 274
-524 266
-512 258
-492 246
-472 238
-504 232
-448 186
-440 140
-460 122
-456 132
-440 158
-452 140
-440 130
-456 158
-448 144
-464 156
-456 152
-416 152
-456 178
-452 168
-448 190
-356 136
-400 176
-416 182
-532 180
-496 214
-492 230
-504 204
-524 206
-448 174
-404 144
-416 146
-456 140
-476 134
-472 136
-456 146
-456 136
-460 128
-468 142
-464 170
-492 192
-464 200
-472 232
-512 264
-540 262
-572 274
-524 264
-576 288
-560 262
-496 222
-540 222
-492 230
-476 220
-476 202
-468 180
-476 204
-508 204
-512 192
-488 220
-460 226
-504 226
-540 262
-540 278
-504 266
-484 264
-496 256
-528 268
-536 278
-500 254
-480 240
-508 268
-540 290
-560 310
-552 314
-540 296
-556 310
-592 310
-564 302
-548 300
-532 302
-564 298
-512 288
-488 282
-540 294
-592 312
-620 330
-548 302
-600 322
-648 344
-584 316
-548 292
-608 304
-544 290
-552 300
-540 288
-548 288
-504 280
-488 268
-496 260
-548 270
-504 276
-512 284
-560 302
-500 268
-560 272
-532 266
-476 242
-444 238
-404 190
-460 232
-440 206
-504 248
-508 228
-544 230
-532 244
-516 246
-456 184
-432 206
-512 222
-520 240
-492 214
-492 212
-480 204
-524 222
-472 214
-504 218
-472 214
-468 218
-520 228
-524 202
-500 218
-472 214
-500 216
-532 228
-564 246
-516 250
-500 232
-504 220
-520 214
-484 202
-532 256
-528 258
-584 278
-560 274
-556 272
-544 260
-504 234
-556 258
-592 274
-612 286
-616 282
-600 280
-584 270
-552 260
-584 264
-556 274
-540 252
-512 246
-480 246
-472 222
-364 174
-396 178
-444 208
-440 194
-540 228
-528 182
-548 208
-484 236
-516 240
-488 210
-520 230
-516 232
-472 192
-476 188
-468 184
-496 208
-496 200
-524 216
-552 222
-516 228
-548 254
-532 244
-496 240
-492 258
-484 250
-496 246
-540 294
-576 306
-596 318
-588 300
-640 330
-568 308
-568 268
-552 260
-440 228
-532 280
-480 258
-492 250
-440 244
-484 264
-532 262
-508 268
-520 282
-568 292
-580 310
-592 322
-548 306
-500 276
-524 246
-544 280
-512 262
-520 254
-516 264
-548 264
-568 318
-572 316
-564 316
-588 334
-568 318
-536 308
-544 302
-492 262
-524 260
-544 262
-556 270
-588 276
-536 258
-528 252
-532 264
-516 262
-468 246
-476 262
-440 230
-492 256
-488 242
-468 208
-456 172
-456 174
-432 188
-432 186
-468 170
-412 146
-428 184
-472 184
-484 198
-472 184
-508 214
-444 222
-456 194
-480 228
-500 240
-484 232
-492 230
-516 248
-484 246
-484 218
-492 228
-484 228
-472 212
-448 186
-468 148
-464 164
-484 178
-452 140
-484 146
-500 162
-468 164
-436 168
-448 166
-516 196
-516 202
-488 218
-496 220
-492 234
-436 220
-456 220
-464 240
-428 212
-416 204
-492 198
-480 172
-440 172
-432 160
-460 166
-440 168
-460 194
-496 224
-520 238
-516 228
-504 244
-536 258
-552 244
-552 244
-548 228
-520 222
-508 238
-508 210
-532 208
-464 178
-464 150
-468 164
-420 160
-456 176
-484 146
-448 104
-488 122
-516 144
-476 154
-464 146
-480 158
-476 178
-448 142
-456 130
-492 150
-484 182
-476 182
-492 202
-520 226
-564 232
-512 228
-492 216
-512 220
-456 218
-420 186
-452 180
-488 192
-472 178
-476 204
-452 176
-452 158
-532 168
-504 158
-524 176
-536 176
-512 172
-488 166
-536 138
-512 156
-536 184
-484 162
-492 140
-476 112
-480 140
-476 160
-488 160
-492 178
-504 198
-536 222
-500 242
-524 268
-524 252
-616 302
-628 320
-576 298
-552 294
-616 312
-572 306
-540 284
-556 288
-504 248
-504 268
-504 260
-520 282
-552 294
-528 282
-580 300
-568 294
-532 280
-548 288
-612 316
-588 316
-616 334
-564 304
-512 282
-576 298
-556 292
-532 268
-544 272
-492 258
-408 196
-488 212
-512 242
-544 246
-508 198
-496 194
-468 208
-476 180
-456 166
-456 164
-456 144
-416 118
-432 138
-448 154
-440 170
-448 180
-424 150
-452 138
-464 92
-448 86
-468 102
-468 104
-468 134
-456 84
-436 98
-388 48
-352 76
-360 94
-452 138
-460 140
-460 160
-492 198
-440 184
-448 174
-468 176
-448 152
-456 186
-472 192
-516 206
-512 184
-556 184
-512 168
-528 180
-476 182
-468 216
-488 220
-504 198
-448 170
-440 160
-432 164
-444 140
-440 150
-452 162
-476 154
-464 158
-480 144
-464 138
-432 96
-424 72
-468 106
-488 92
-444 96
-488 64
-472 32
-480 56
-392 26
-424 24
-472 14
-440 18
-424 -16
-412 -6
-420 2
-496 2
-420 4
-452 -10
-456 12
-472 0
-432 -18
-436 -6
-412 66
-444 118
-440 96
-428 134
-460 156
-448 156
-468 192
-500 212
-440 192
-416 208
-484 228
-472 208
-436 224
-472 238
-448 242
-480 220
-476 200
-468 196
-412 158
-400 132
-420 140
-492 186
-468 166
-504 174
-468 180
-496 198
-556 212
-528 190
-556 198
-508 160
-496 152
-488 170
-512 158
-532 158
-556 170
-524 172
-504 170
-468 154
-512 178
-504 200
-464 218
-488 230
-544 276
-536 264
-500 254
-528 286
-540 288
-504 268
-532 258
-568 280
-520 266
-476 236
-488 246
-476 232
-500 250
-460 254
-496 256
-508 246
-468 254
-496 250
-496 244
-520 256
-536 246
-548 226
-540 196
-520 230
-528 238
-516 232
-520 270
-480 258
-532 266
-524 266
-476 252
-508 286
-552 288
-564 288
-592 304
-540 278
-512 256
-520 262
-524 252
-492 252
-508 238
-504 232
-500 222
-520 222
-532 202
-516 196
-540 214
-576 248
-560 246
-560 236
-536 226
-532 236
-540 232
-560 228
-520 228
-508 202
-524 212
-512 218
-488 208
-536 214
-512 166
-468 118
-524 108
-516 134
-520 148
-476 128
-500 136
-440 140
-456 156
-480 186
-512 196
-472 184
-512 216
-508 214
-484 196
-540 220
-496 204
-528 230
-568 240
-524 220
-512 226
-508 216
-484 192
-452 178
-468 202
-488 210
-500 232
-528 208
-536 180
-516 182
-428 136
-436 140
-468 174
-484 182
-456 186
-492 142
-468 120
-396 102
-424 140
-456 130
-436 126
-424 124
-428 166
-448 152
-508 162
-472 178
-468 172
-488 148
-456 148
-460 100
-440 70
-476 78
-504 86
-496 94
-428 80
-432 112
-436 64
-444 88
-488 120
-448 110
-424 136
-504 166
-472 158
-500 172
-448 150
-500 144
-484 172
-484 148
-472 152
-480 164
-460 160
-504 190
-536 212
-544 214
-560 224
-544 222
-540 240
-588 280
-604 292
-584 302
-548 286
-596 296
-540 300
-524 276
-528 280
-492 262
-560 296
-524 272
-504 258
-528 266
-584 278
-508 260
-476 248
-496 258
-468 206
-432 190
-436 196
-428 190
-372 168
-412 188
-436 200
-408 168
-456 194
-428 202
-400 176
-420 172
-484 186
-480 216
-504 218
-500 240
-516 260
-508 256
-504 250
-480 226
-500 246
-492 238
-464 224
-444 232
-440 230
-456 232
-428 218
-504 254
-480 240
-452 224
-436 238
-488 230
-480 250
-528 278
-500 256
-508 264
-476 256
-508 278
-484 246
-540 260
-524 270
-476 238
-496 236
-480 226
-508 232
-496 214
-556 234
-448 202
-432 174
-484 192
-456 218
-468 204
-452 172
-504 136
-540 152
-452 140
-456 156
-444 154
-472 188
-452 220
-484 236
-524 244
-488 216
-460 220
-480 214
-472 218
-516 238
-504 226
-500 222
-468 216
-516 250
-464 238
-456 238
-524 268
-532 252
-528 224
-516 228
-540 236
-540 242
-480 214
-480 220
-472 216
-520 214
-492 228
-524 218
-536 218
-520 242
-516 240
-532 236
-560 262
-560 256
-492 262
-492 216
-524 184
-480 136
-456 134
-476 114
-484 130
-444 92
-456 90
-424 94
-436 158
-508 158
-464 144
-460 180
-460 180
-484 188
-524 212
-512 206
-516 194
-548 222
-520 228
-528 216
-524 232
-516 198
-496 168
-492 182
-464 178
-524 220
-564 222
-520 178
-504 188
-460 160
-532 138
-540 158
-464 118
-440 116
-452 100
-500 104
-536 88
-492 100
-432 84
-432 82
-416 126
-452 114
-400 102
-400 108
-412 108
-440 96
-416 122
-464 160
-452 160
-456 114
-464 112
-508 118
-440 100
-376 90
-384 120
-392 134
-408 142
-500 172
-428 156
-508 194
-492 196
-504 196
-536 192
-572 202
-528 206
-536 222
-544 212
-528 214
-508 196
-540 216
-500 186
-484 158
-496 162
-500 176
-452 170
-432 156
-420 168
-488 210
-548 218
-492 200
-516 204
-464 192
-496 216
-472 218
-516 248
-484 220
-444 226
-500 264
-508 268
-544 288
-548 306
-556 306
-524 276
-500 248
-512 244
-500 260
-452 222
-456 234
-504 220
-548 264
-564 280
-548 290
-548 290
-484 254
-500 288
-536 288
-472 256
-476 244
-476 212
-384 164
-408 176
-464 194
-476 222
-496 236
-480 216
-496 272
-508 276
-460 238
-468 220
-544 294
-536 276
-520 262
-528 268
-480 258
-484 244
-512 248
-516 270
-576 298
-644 330
-572 314
-556 316
-576 330
-564 324
-600 330
-600 320
-584 320
-552 312
-512 282
-516 282
-564 298
-580 308
-612 320
-596 324
-620 336
-644 328
-628 314
-572 286
-580 302
-572 306
-608 316
-600 310
-644 344
-656 340
-600 324
-568 302
-556 296
-564 284
-520 294
-484 272
-508 264
-500 270
-536 272
-572 272
-556 266
-540 256
-568 270
-564 294
-588 288
-536 290
-576 300
-564 288
-580 262
-552 240
-512 232
-536 246
-532 234
-496 236
-580 258
-540 266
-580 278
-556 260
-520 242
-512 246
-520 236
-528 226
-564 232
-600 256
-552 236
-608 248
-572 208
-540 206
-488 218
-488 210
-532 204
-528 182
-524 160
-488 152
-528 168
-496 148
-520 168
-528 164
-512 144
-552 132
-556 154
-480 166
-496 184
-480 164
-464 152
-436 134
-412 114
-424 114
-468 112
-496 114
-464 134
-440 118
-424 120
-452 114
-448 124
-440 70
-508 114
-484 100
-524 100
-520 68
-440 2
-444 44
-468 48
-480 74
-468 94
-500 66
-488 70
-448 92
-420 78
-480 120
-516 178
-528 198
-512 150
-500 164
-528 160
-540 178
-468 180
-436 172
-468 168
-464 164
-448 174
-472 166
-480 168
-412 180
-432 144
-464 144
-436 142
-412 142
-428 148
-396 122
-436 142
-448 134
-432 132
-472 138
-452 134
-428 136
-432 134
-472 108
-484 90
-424 98
-492 94
-484 136
-512 162
-464 132
-460 158
-488 166
-460 142
-412 72
-428 82
-488 68
-492 86
-496 148
-508 170
-508 166
-548 158
-564 136
-556 124
-532 130
-540 132
-520 140
-520 148
-508 114
-476 84
-456 84
-484 100
-456 86
-460 74
-440 80
-488 140
-512 160
-488 116
-516 126
-576 162
-560 194
-560 196
-584 202
-560 206
-528 188
-476 172
-496 170
-488 174
-524 164
-492 148
-484 164
-488 190
-452 192
-464 202
-468 182
-468 162
-452 158
-444 164
-480 190
-492 164
-508 168
-480 130
-412 142
-468 118
-452 146
-460 132
-456 136
-408 124
-396 144
-448 158
-448 186
-432 136
-408 146
-376 134
-488 164
-500 162
-464 184
-532 162
-536 158
-476 154
-420 126
-408 130
-416 132
-400 116
-400 122
-436 148
-456 158
-472 152
-456 148
-468 150
-412 160
-404 166
-420 144
-404 126
-376 90
-392 42
-416 34
-440 8
-408 22
-436 50
-424 42
-444 14
-420 16
-420 52
-424 62
-388 62
-380 66
-444 40
-392 48
-400 82
-444 72
-428 90
-420 76
-440 24
-440 -6
-472 -20
-472 -16
-472 -16
-488 -24
-476 -24
-428 -40
-420 -22
-448 -24
-416 -56
-392 -28
-436 -22
-468 -4
-464 44
-504 120
-480 138
-420 90
-452 72
-428 52
-440 16
-464 10
-508 -22
-468 -34
-444 -42
-444 -78
-384 -48
-420 -66
-416 -56
-384 -92
-392 -92
-420 -98
-460 -102
-444 -62
-456 -28
-428 -54
-424 -46
-376 -60
-412 -72
-392 -70
-348 -62
-348 -22
-424 -40
-396 -60
-452 -68
-484 -22
-428 -14
-436 -50
-496 -68
-412 -40
-464 -46
-448 -26
-360 -34
-392 -18
-408 -18
-416 -16
-444 -22
-440 -38
-428 -30
-400 14
-472 2
-460 2
-444 6
-392 0
-416 2
-420 14
-408 48
-388 34
-428 58
-464 82
-476 68
-440 56
-408 28
-392 10
-376 36
-380 40
-404 24
-412 20
-384 42
-460 26
-420 12
-436 26
-448 28
-392 46
-380 12
-392 -16
-448 2
-456 -18
-348 8
-392 -16
-420 -74
-428 -64
-412 -30
-348 -2
-420 -40
-456 -36
-436 -12
-388 -56
-392 -60
-416 -40
-436 -24
-424 -62
-432 -70
-468 -66
-456 -50
-428 -66
-504 -88
-484 -132
-528 -94
-464 -92
-440 -94
-432 -104
-440 -90
-480 -84
-464 -102
-448 -122
-500 -164
-488 -134
-524 -150
-428 -100
-480 -118
-508 -100
-540 -118
-484 -112
-480 -110
-548 -124
-560 -144
-604 -164
-516 -160
-560 -144
-536 -144
-584 -152
-528 -152
-528 -146
-536 -132
-552 -136
-532 -128
-500 -144
-464 -128
-472 -158
-480 -128
-480 -142
-456 -154
-456 -164
-500 -158
-500 -164
-500 -158
-472 -152
-512 -170
-460 -146
-428 -122
-412 -140
-468 -140
-464 -154
-452 -152
-416 -150
-436 -124
-424 -124
-448 -100
-436 -110
-440 -108
-452 -126
-452 -102
-492 -128
-436 -98
-448 -74
-464 -38
-508 -46
-508 -92
-520 -110
-472 -110
-468 -44
-460 -52
-416 -74
-484 -94
-452 -98
-452 -112
-392 -134
-456 -132
-476 -86
-492 -84
-464 -88
-476 -104
-420 -76
-440 -88
-464 -146
-468 -120
-540 -124
-488 -114
-476 -134
-488 -162
-504 -202
-520 -218
-492 -222
-484 -216
-424 -200
-448 -174
-452 -166
-512 -168
-508 -154
-504 -166
-524 -176
-468 -162
-452 -172
-512 -178
-560 -194
-548 -194
-560 -210
-536 -224
-484 -192
-544 -200
-556 -214
-492 -216
-572 -224
-576 -212
-568 -206
-548 -190
-536 -202
-600 -230
-564 -208
-508 -164
-488 -162
-540 -158
-488 -170
-460 -144
-500 -156
-484 -180
-508 -188
-544 -184
-516 -192
-472 -168
-452 -138
-500 -144
-548 -166
-536 -172
-516 -180
-492 -170
-480 -162
-448 -162
-444 -174
-508 -176
-436 -180
-464 -186
-472 -186
-476 -186
-500 -194
-448 -150
-428 -162
-472 -190
-536 -194
-544 -196
-500 -194
-496 -160
-496 -122
-508 -82
-484 -112
-496 -62
-488 -86
-448 -60
-472 -96
-500 -116
-520 -110
-492 -130
-496 -160
-516 -184
-472 -170
-468 -158
-476 -168
-472 -182
-528 -206
-564 -226
-528 -218
-588 -238
-580 -234
-576 -240
-552 -232
-560 -238
-544 -240
-540 -230
-544 -248
-544 -230
-588 -242
-584 -230
-512 -194
-472 -178
-472 -176
-512 -200
-464 -148
-512 -168
-472 -174
-488 -196
-500 -212
-488 -224
-512 -216
-500 -238
-512 -214
-508 -214
-508 -218
-536 -222
-512 -214
-496 -198
-488 -186
-460 -180
-516 -200
-540 -210
-556 -174
-520 -204
-540 -214
-532 -224
-512 -218
-496 -246
-516 -250
-528 -254
-556 -268
-588 -300
-592 -312
-576 -290
-592 -304
-544 -288
-548 -266
-536 -260
-516 -252
-500 -230
-532 -226
-488 -246
-452 -226
-452 -188
-464 -180
-440 -170
-428 -108
-408 -110
-376 -110
-380 -96
-428 -68
-408 -64
-380 -74
-416 -108
-448 -116
-388 -84
-376 -114
-392 -78
-392 -66
-428 -58
-396 -40
-408 -44
-392 8
-448 86
-488 104
-440 126
-456 92
-472 98
-456 104
-476 108
-476 122
-484 162
-508 134
-480 150
-468 132
-488 120
-484 96
-476 104
-404 112
-428 122
-436 150
-428 128
-448 122
-444 138
-484 174
-468 168
-460 202
-428 202
-448 234
-480 256
-520 282
-528 282
-496 262
-540 260
-556 252
-516 230
-520 200
-460 174
-424 158
-372 130
-428 152
-412 158
-460 198
-436 176
-496 204
-520 212
-552 214
-492 206
-492 206
-448 198
-452 186
-484 188
-512 190
-512 180
-488 176
-464 164
-448 150
-496 164
-452 170
-440 206
-476 202
-464 238
-472 232
-488 266
-568 312
-548 298
-528 276
-580 290
-560 286
-568 282
-508 272
-580 276
-560 276
-556 268
-564 278
-568 272
-560 266
-568 284
-596 284
-572 284
-540 268
-472 236
-520 262
-516 250
-524 256
-536 282
-576 280
-532 262
-504 240
-504 228
-516 238
-500 240
-516 250
-484 262
-524 274
-496 222
-476 220
-496 230
-488 250
-500 238
-456 228
-484 238
-548 280
-640 314
-604 306
-540 288
-556 284
-584 300
-564 274
-456 248
-424 248
-520 256
-536 266
-576 272
-516 262
-432 226
-444 214
-440 194
-456 194
-472 180
-496 190
-456 154
-488 126
-472 168
-484 150
-476 134
-472 114
-496 124
-476 98
-440 62
-380 74
-480 116
-440 124
-500 132
-484 98
-476 58
-404 46
-440 54
-464 76
-456 92
-476 80
-456 96
-460 76
-388 60
-408 56
-424 62
-444 62
-456 52
-452 84
-408 72
-400 36
-436 50
-420 86
-448 72
-504 62
-472 56
-460 84
-440 74
-456 92
-452 88
-416 88
-460 128
-520 168
-492 144
-540 146
-484 112
-472 136
-500 136
-484 184
-472 158
-512 150
-492 112
-512 126
-520 132
-488 106
-472 110
-472 104
-408 70
-444 112
-436 118
-456 112
-436 106
-416 110
-412 94
-452 82
-440 126
-428 146
-436 150
-512 170
-528 138
-496 132
-460 150
-464 150
-428 160
-500 226
-504 242
-480 248
-464 242
-480 242
-508 236
-488 234
-484 254
-488 280
-512 278
-544 280
-560 272
-552 272
-540 260
-532 250
-584 272
-516 264
-504 270
-532 286
-548 282
-520 264
-508 260
-524 254
-540 274
-536 282
-496 266
-472 254
-464 230
-464 242
-472 252
-528 228
-508 216
-536 208
-492 180
-452 140
-440 124
-376 128
-448 150
-480 138
-468 156
-496 200
-484 160
-468 170
-460 194
-452 196
-496 208
-456 178
-480 170
-488 164
-492 202
-492 178
-520 186
-500 194
-464 190
-520 216
-516 218
-492 222
-516 224
-536 226
-560 240
-520 196
-544 210
-552 210
-472 206
-464 204
-456 200
-468 194
-524 184
-516 192
-520 198
-492 186
-488 186
-456 186
-452 200
-492 178
-464 200
-440 196
-444 222
-444 212
-508 244
-476 246
-484 242
-524 272
-500 284
-492 282
-516 274
-536 274
-556 270
-556 262
-512 244
-492 230
-520 218
-480 200
-452 196
-436 226
-476 216
-384 212
-456 222
-468 250
-472 222
-484 222
-504 232
-520 268
-524 252
-488 212
-428 172
-476 176
-460 164
-488 198
-492 200
-524 176
-544 190
-560 178
-524 164
-520 146
-464 122
-488 122
-448 116
-460 140
-444 152
-432 144
-440 132
-444 136
-436 140
-472 148
-468 142
-524 154
-476 152
-476 140
-532 176
-496 158
-504 164
-472 148
-456 166
-468 168
-472 182
-488 190
-516 200
-488 174
-492 178
-504 164
-500 152
-524 164
-568 154
-492 128
-460 116
-468 108
-536 126
-468 128
-532 134
-496 104
-436 82
-436 70
-448 72
-396 102
-436 100
-464 128
-476 132
-452 142
-480 150
-516 166
-552 180
-504 180
-556 174
-536 164
-512 160
-488 178
-548 214
-532 228
-536 220
-528 250
-548 242
-552 238
-476 210
-468 214
-476 210
-448 204
-440 192
-472 214
-464 240
-524 238
-500 244
-464 228
-456 202
-428 186
-452 194
-516 238
-492 232
-524 266
-500 240
-488 194
-464 176
-472 182
-448 172
-488 184
-456 168
-464 214
-512 214
-500 190
-508 190
-476 154
-448 148
-464 144
-520 150
-412 142
-408 140
-476 162
-520 160
-540 178
-540 182
-560 186
-512 208
-536 224
-540 222
-528 246
-552 260
-532 252
-596 280
-548 282
-544 290
-548 266
-612 284
-488 238
-528 246
-504 262
-524 258
-500 266
-484 248
-540 254
-564 276
-576 274
-540 270
-596 294
-580 284
-532 298
-548 292
-560 314
-616 326
-604 320
-592 332
-576 306
-568 286
-600 306
-568 314
-592 316
-580 304
-656 356
-624 334
-604 330
-584 320
-580 318
-596 310
-552 296
-540 266
-504 254
-508 264
-516 256
-528 274
-524 278
-492 238
-572 246
-504 226
-456 232
-456 236
-476 238
-508 256
-516 256
-508 268
-472 250
-460 236
-412 218
-412 188
-428 184
-448 160
-440 158
-468 164
-448 170
-476 160
-436 162
-436 172
-448 224
-436 164
-412 184
-452 210
-488 218
-444 222
-468 224
-484 240
-512 236
-480 216
-528 236
-500 228
-500 194
-512 198
-528 236
-508 194
-492 196
-484 186
-500 198
-512 192
-508 200
-480 198
-492 218
-508 204
-512 230
-512 250
-496 260
-520 286
-512 276
-496 264
-440 226
-464 258
-484 256
-476 258
-452 274
-492 252
-544 268
-572 248
-584 232
-552 228
-496 206
-536 206
-512 176
-480 162
-472 160
-460 162
-492 192
-496 204
-488 182
-496 190
-492 192
-464 172
-496 182
-520 202
-560 212
-520 214
-560 214
-548 226
-444 216
-464 202
-504 222
-540 246
-564 242
-576 258
-588 270
-524 258
-516 246
-496 236
-472 236
-420 228
-436 194
-464 238
-500 252
-436 218
-516 212
-552 208
-556 208
-556 208
-564 214
-524 216
-516 196
-480 174
-540 186
-460 182
-484 206
-536 252
-504 258
-492 248
-544 258
-572 266
-544 262
-564 266
-556 276
-520 276
-564 288
-616 296
-620 306
-536 262
-532 256
-520 240
-476 204
-496 232
-588 260
-584 268
-604 284
-564 292
-528 282
-548 300
-556 278
-524 266
-512 274
-556 296
-572 304
-592 304
-600 322
-588 308
-580 296
-532 292
-536 272
-492 270
-488 252
-468 240
-464 224
-476 194
-508 200
-540 242
-548 236
-536 226
-520 210
-524 232
-540 226
-548 248
-540 274
-552 276
-596 308
-544 280
-588 282
-472 234
-532 260
-560 286
-544 262
-544 262
-520 254
-528 258
-548 260
-536 262
-568 268
-576 280
-540 270
-512 228
-532 230
-524 216
-476 200
-476 194
-496 220
-532 240
-516 224
-500 230
-496 254
-516 270
-536 282
-576 298
-584 300
-524 272
-484 258
-532 276
-500 258
-480 244
-532 258
-508 254
-456 248
-448 220
-468 218
-500 224
-524 258
-452 232
-400 176
-460 200
-416 206
-472 230
-476 202
-452 194
-460 168
-468 164
-460 160
-500 154
-484 158
-476 138
-436 166
-460 172
-484 168
-476 150
-480 140
-496 162
-452 178
-472 188
-500 200
-500 194
-508 208
-448 212
-432 188
-480 170
-472 172
-500 184
-500 176
-516 158
-504 140
-496 106
-444 110
-460 142
-496 162
-404 154
-396 138
-424 166
-432 200
-488 242
-496 266
-536 276
-520 264
-520 268
-528 282
-520 280
-556 276
-536 268
-564 288
-528 258
-472 230
-500 238
-508 232
-512 238
-536 194
-508 194
-504 188
-472 162
-512 174
-540 200
-560 208
-476 194
-496 194
-492 186
-484 172
-524 208
-504 224
-520 204
-540 228
-540 242
-556 258
-472 226
-436 212
-456 200
-432 174
-428 186
-500 206
-552 218
-508 206
-512 200
-440 210
-484 200
-444 176
-496 202
-456 210
-444 204
-416 184
-440 148
-468 164
-496 146
-460 104
-480 120
-504 108
-468 122
-504 136
-464 92
-476 118
-496 148
-548 144
-500 166
-504 180
-512 190
-580 204
-568 208
-508 230
-536 226
-540 230
-504 222
-536 226
-540 224
-488 170
-448 168
-452 166
-536 170
-504 222
-552 236
-504 240
-536 262
-600 292
-560 272
-528 244
-528 220
-512 220
-496 230
-456 212
-492 218
-496 232
-472 214
-480 220
-464 226
-444 226
-512 252
-516 244
-552 222
-540 226
-512 214
-444 200
-444 212
-456 178
-480 142
-476 140
-480 134
-492 152
-528 122
-504 122
-484 176
-500 202
-488 146
-396 122
-384 110
-452 142
-424 122
-480 134
-456 122
-484 136
-480 144
-516 154
-504 160
-492 200
