10 35
-306 145
-330 165
-286 147
-274 131
-306 153
-258 137
-254 141
-254 139
-290 147
-290 147
-290 157
-306 173
-338 181
-382 205
-366 197
-342 195
-358 197
-374 197
-358 195
-370 203
-370 201
-382 199
-378 205
-326 185
-366 199
-362 197
-370 193
-362 197
-370 203
-350 191
-370 193
-386 205
-350 193
-302 173
-334 171
-330 175
-338 171
-318 171
-334 171
-338 181
-346 187
-326 179
-318 183
-342 191
-366 195
-342 181
-334 173
-342 175
-318 167
-310 171
-338 181
-338 179
-362 185
-358 173
-338 167
-346 173
-306 169
-326 167
-358 191
-346 193
-350 189
-350 183
-354 179
-362 187
-354 187
-310 181
-374 203
-426 219
-402 213
-382 207
-366 199
-334 187
-346 175
-314 161
-334 181
-342 189
-338 191
-358 195
-358 201
-358 197
-398 203
-350 195
-354 191
-366 199
-390 207
-390 207
-334 183
-334 177
-334 173
-326 167
-358 173
-330 167
-250 129
-234 97
-290 133
-322 147
-306 123
-302 109
-294 89
-306 93
-290 93
-314 99
-234 77
-274 95
-258 85
-274 103
-294 101
-294 87
-302 91
-326 107
-302 117
-282 103
-282 103
-294 97
-290 83
-282 101
-306 121
-330 111
-314 107
-294 103
-278 89
-282 115
-298 107
-270 107
-262 103
-306 125
-298 129
-310 147
-330 159
-338 157
-350 169
-366 175
-366 175
-342 177
-342 175
-314 169
-298 161
-282 143
-274 119
-310 139
-258 127
-270 135
-266 131
-286 157
-338 167
-354 181
-358 181
-378 197
-362 191
-370 199
-374 195
-350 187
-358 187
-342 189
-402 207
-450 225
-410 215
-362 201
-338 191
-334 185
-342 187
-338 183
-338 185
-378 197
-362 191
-394 203
-398 205
-386 209
-374 197
-350 197
-346 191
-346 193
-366 197
-402 211
-378 197
-370 199
-386 187
-358 183
-354 187
-334 171
-306 157
-310 157
-338 159
-326 163
-342 137
-350 155
-322 149
-318 139
-290 131
-302 145
-310 133
-290 129
-298 139
-294 145
-306 167
-286 159
-306 165
-318 161
-346 177
-302 165
-298 159
-282 141
-262 103
-298 95
-286 99
-270 115
-274 109
-290 107
-310 121
-270 123
-290 141
-306 145
-346 151
-298 127
-302 119
-302 125
-294 113
-298 119
-318 135
-302 131
-278 133
-274 119
-262 113
-262 131
-266 107
-274 91
-278 101
-318 117
-326 123
-314 109
-322 113
-270 107
-262 117
-238 81
-226 63
-190 41
-230 75
-250 79
-234 69
-262 73
-274 87
-278 105
-258 111
-306 137
-322 145
-298 137
-294 135
-334 153
-314 155
-354 169
-354 157
-342 161
-338 169
-342 163
-326 171
-302 163
-310 163
-350 183
-330 185
-390 205
-394 209
-398 211
-398 211
-382 203
-358 197
-354 187
-326 177
-370 195
-354 193
-346 189
-378 201
-350 191
-314 171
-274 155
-314 151
-294 163
-334 169
-314 169
-358 169
-362 177
-378 191
-326 185
-342 191
-342 193
-354 199
-366 201
-390 209
-366 199
-366 201
-382 203
-386 203
-406 213
-374 199
-358 193
-366 195
-322 173
-322 185
-362 191
-326 181
-318 175
-338 183
-314 167
-266 143
-270 145
-306 143
-298 137
-282 151
-294 139
-286 131
-298 129
-306 117
-286 135
-298 149
-286 143
-266 145
-270 129
-294 117
-282 99
-278 75
-306 97
-314 91
-314 105
-322 119
-330 141
-330 151
-302 141
-286 137
-294 123
-294 141
-322 155
-290 159
-330 173
-326 165
-346 175
-370 185
-358 185
-326 169
-306 161
-294 153
-322 165
-322 151
-330 147
-298 149
-302 133
-306 163
-326 167
-282 147
-294 141
-314 149
-306 149
-290 141
-302 153
-306 161
-274 143
-330 155
-306 151
-290 137
-266 137
-298 143
-310 153
-302 153
-270 137
-286 147
-302 153
-278 125
-266 131
-334 149
-310 139
-298 135
-278 125
-290 123
-250 115
-274 133
-238 133
-234 135
-298 167
-322 171
-318 155
-334 169
-326 169
-294 163
-302 147
-322 149
-322 143
-366 157
-330 151
-330 151
-318 159
-374 185
-366 173
-334 167
-326 157
-338 169
-350 171
-358 165
-374 171
-330 173
-378 187
-346 181
-326 187
-354 197
-334 189
-286 163
-318 177
-314 183
-342 195
-382 207
-354 191
-398 207
-398 211
-378 205
-394 211
-378 203
-398 211
-414 215
-394 209
-402 213
-362 195
-398 209
-390 205
-318 177
-330 189
-330 181
-310 169
-330 187
-326 179
-338 189
-330 181
-346 191
-370 197
-382 203
-394 209
-370 199
-346 185
-326 177
-354 191
-306 175
-334 179
-362 187
-346 187
-342 181
-338 179
-334 167
-326 159
-338 179
-350 189
-342 183
-310 171
-282 155
-286 149
-318 153
-334 169
-366 189
-342 191
-334 187
-318 185
-342 189
-346 191
-386 203
-402 211
-410 215
-370 201
-390 203
-374 201
-394 209
-402 213
-426 219
-394 207
-366 203
-346 193
-378 203
-378 201
-358 199
-354 195
-378 203
-402 209
-406 213
-414 215
-382 203
-382 203
-398 209
-342 185
-306 167
-370 195
-354 189
-322 181
-334 185
-322 169
-310 179
-322 183
-314 171
-338 173
-330 165
-354 183
-390 191
-366 191
-362 191
-378 201
-354 191
-350 191
-326 181
-314 165
-342 185
-342 187
-358 197
-302 165
-314 177
-326 181
-338 187
-346 185
-354 195
-358 197
-342 185
-362 199
-386 205
-390 209
-406 213
-410 215
-414 215
-398 209
-370 201
-362 183
-378 191
-362 185
-354 175
-342 173
-314 147
-302 145
-310 151
-306 155
-330 175
-330 183
-306 177
-318 173
-338 181
-326 175
-298 159
-326 181
-338 183
-314 173
-370 191
-378 203
-390 205
-382 203
-378 203
-406 213
-370 199
-358 185
-354 195
-370 197
-354 179
-342 177
-362 179
-358 167
-346 183
-322 183
-302 161
-342 187
-346 189
-310 179
-334 183
-334 181
-314 161
-330 179
-326 185
-334 185
-310 175
-294 163
-278 155
-314 179
-342 193
-346 193
-366 197
-374 193
-366 197
-362 191
-346 193
-374 201
-366 201
-362 201
-358 197
-418 217
-394 207
-382 205
-382 199
-390 203
-358 193
-318 181
-354 193
-302 177
-302 171
-330 175
-354 185
-374 203
-342 191
-318 167
-314 153
-318 147
-290 155
-298 145
-306 139
-310 155
-282 147
-334 167
-318 185
-342 183
-342 179
-342 165
-318 149
-310 143
-338 169
-330 173
-330 173
-306 167
-282 165
-350 193
-366 199
-338 191
-318 181
-394 207
-350 195
-358 193
-362 199
-374 203
-374 199
-334 169
-306 153
-310 167
-302 167
-298 145
-310 149
-318 147
-350 143
-310 137
-322 145
-310 143
-310 137
-298 135
-258 131
-258 109
-274 113
-286 107
-270 91
-250 73
-250 81
-266 89
-250 89
-278 109
-262 95
-250 83
-258 89
-278 103
-262 89
-246 89
-278 121
-302 119
-278 103
-314 107
-306 103
-294 97
-282 107
-294 81
-278 83
-250 89
-254 81
-254 91
-246 99
-306 97
-270 107
-314 115
-350 133
-338 113
-318 103
-302 111
-298 113
-290 119
-326 139
-318 117
-310 139
-302 143
-334 137
-298 129
-334 127
-282 123
-278 125
-250 137
-306 153
-278 147
-298 137
-318 153
-342 169
-358 179
-346 155
-318 157
-326 173
-310 157
-330 171
-318 159
-322 171
-322 165
-290 159
-334 179
-326 173
-306 171
-334 185
-314 179
-346 189
-350 187
-310 175
-310 173
-322 181
-290 161
-270 149
-274 159
-286 159
-338 189
-342 191
-334 185
-346 195
-342 191
-314 181
-346 191
-382 199
-334 181
-322 177
-342 179
-362 187
-342 185
-330 183
-346 191
-358 195
-370 191
-362 195
-342 189
-334 179
-350 193
-358 193
-310 175
-326 187
-370 201
-390 203
-394 211
-390 203
-374 201
-390 207
-386 207
-382 205
-374 203
-362 199
-358 199
-326 185
-306 163
-310 169
-338 187
-390 205
-350 195
-330 179
-286 175
-318 175
-286 151
-322 165
-366 197
-378 201
-386 207
-382 205
-386 207
-398 207
-394 207
-378 203
-370 199
-342 189
-334 181
-302 155
-314 163
-326 179
-282 159
-306 165
-342 177
-338 175
-350 181
-386 201
-374 191
-334 183
-326 175
-326 179
-306 171
-338 165
-318 165
-350 181
-362 185
-390 191
-362 181
-330 163
-322 155
-338 161
-282 153
-298 175
-310 171
-326 179
-330 177
-298 171
-306 173
-342 189
-370 201
-362 187
-334 179
-334 169
-314 147
-282 127
-306 147
-306 139
-310 133
-270 149
-286 135
-266 129
-294 149
-310 147
-330 159
-326 169
-342 177
-354 183
-354 189
-338 177
-314 177
-306 175
-310 175
-330 189
-354 189
-318 175
-302 169
-290 153
-306 149
-286 131
-282 137
-262 113
-278 103
-270 127
-274 135
-278 137
-302 147
-290 151
-326 169
-322 175
-314 163
-302 153
-350 189
-330 179
-326 175
-338 183
-302 171
-302 173
-342 183
-330 177
-350 187
-358 201
-366 199
-354 197
-346 191
-350 185
-362 193
-342 183
-334 177
-366 163
-354 155
-358 155
-322 153
-362 157
-342 145
-334 141
-334 131
-342 157
-354 183
-358 187
-330 169
-318 171
-346 187
-314 169
-310 163
-318 153
-326 159
-330 163
-310 161
-306 165
-318 153
-302 139
-302 129
-254 123
-286 137
-298 137
-282 107
-254 105
-246 103
-262 115
-290 123
-302 119
-262 133
-290 147
-310 143
-342 173
-318 171
-338 167
-298 161
-334 171
-314 159
-298 141
-274 125
-314 161
-322 155
-318 151
-318 157
-334 153
-302 139
-290 147
-298 163
-290 149
-338 159
-322 161
-338 185
-346 191
-374 199
-310 181
-346 195
-366 197
-354 193
-318 181
-322 183
-334 175
-322 157
-314 143
-298 151
-306 137
-282 135
-278 117
-286 129
-278 125
-294 125
-294 119
-290 127
-310 157
-282 163
-314 171
-290 155
-294 165
-290 177
-314 175
-334 187
-298 171
-326 185
-326 175
-342 181
-362 179
-326 169
-326 181
-358 191
-334 187
-310 179
-318 173
-322 173
-326 165
-314 167
-318 167
-294 153
-330 155
-326 145
-266 139
-282 149
-294 157
-306 155
-302 153
-338 167
-354 173
-338 161
-334 159
-326 153
-290 151
-290 135
-314 121
-326 103
-290 97
-302 99
-290 65
-310 79
-346 105
-338 117
-318 99
-326 85
-294 99
-286 117
-302 117
-286 119
-274 119
-282 127
-302 125
-314 137
-318 127
-238 109
-254 125
-250 123
-286 105
-270 127
-302 143
-334 153
-326 165
-346 175
-330 175
-362 189
-390 197
-362 189
-362 195
-346 193
-346 185
-358 195
-382 205
-394 207
-386 207
-354 193
-346 183
-350 187
-366 189
-378 205
-406 213
-410 213
-358 201
-362 197
-326 183
-318 173
-318 157
-286 167
-302 181
-298 171
-310 167
-326 165
-322 169
-346 193
-326 181
-342 187
-334 183
-334 187
-330 183
-326 177
-326 167
-274 147
-286 137
-310 147
-302 145
-270 105
-246 83
-286 107
-282 109
-278 129
-286 137
-298 131
-298 147
-246 127
-270 135
-270 125
-266 101
-254 113
-242 129
-258 123
-286 141
-286 155
-314 163
-350 187
-310 183
-366 201
-378 205
-386 207
-382 203
-342 183
-354 185
-394 203
-390 199
-358 189
-330 181
-330 189
-314 175
-334 179
-310 163
-326 175
-290 159
-274 147
-290 151
-318 149
-322 141
-298 147
-298 159
-350 173
-370 195
-358 187
-370 195
-374 205
-394 207
-394 209
-362 193
-330 167
-278 143
-274 137
-258 143
-278 145
-306 147
-322 145
-274 145
-266 145
-290 149
-302 133
-286 123
-330 131
-318 149
-346 163
-342 165
-334 161
-366 169
-362 181
-334 167
-338 167
-326 155
-326 151
-294 137
-278 147
-318 157
-346 179
-354 169
-322 161
-302 155
-318 167
-302 157
-306 137
-298 135
-322 133
-350 153
-326 131
-290 139
-282 139
-306 137
-262 129
-234 113
-254 115
-254 107
-242 103
-250 99
-266 105
-246 105
-318 125
-318 117
-282 113
-266 121
-274 139
-338 153
-354 145
-318 137
-262 125
-282 131
-282 109
-258 113
-294 135
-322 153
-314 157
-274 143
-290 149
-334 155
-338 163
-330 161
-326 155
-350 167
-318 155
-302 119
-298 105
-258 91
-270 99
-306 99
-302 99
-330 107
-298 109
-322 113
-302 91
-282 81
-278 71
-250 77
-222 95
-250 79
-282 93
-254 71
-282 53
-290 45
-282 47
-270 45
-286 61
-314 57
-326 43
-310 37
-326 57
-278 61
-294 41
-282 41
-266 35
-262 41
-274 29
-266 19
-238 25
-282 29
-226 9
-234 35
-214 63
-210 75
-194 85
-222 73
-238 99
-262 109
-278 73
-238 67
-198 53
-214 73
-246 101
-262 111
-310 149
-286 147
-314 165
-314 163
-298 163
-354 177
-334 165
-350 175
-358 191
-386 197
-358 199
-390 205
-386 207
-350 191
-342 189
-370 197
-366 201
-382 205
-378 201
-358 191
-370 191
-362 191
-350 191
-350 195
-330 185
-310 167
-346 187
-362 187
-314 171
-350 185
-326 169
-342 159
-354 147
-306 115
