-12 6
-528 234
-556 260
-568 264
-552 258
-588 270
-588 276
-596 280
-572 264
-552 262
-576 274
-616 278
-620 290
-584 276
-592 272
-576 282
-624 292
-616 294
-564 274
-600 280
-584 266
-532 256
-564 264
-572 236
-604 254
-576 240
-588 234
-576 236
-548 212
-524 188
-504 180
-544 192
-588 214
-572 204
-540 186
-524 172
-548 184
-520 162
-524 140
-512 158
-532 138
-556 166
-536 154
-556 202
-484 180
-536 186
-480 182
-480 184
-512 218
-540 228
-520 238
-580 262
-532 260
-528 250
-524 248
-580 272
-544 264
-572 248
-568 276
-588 286
-560 286
-532 276
-580 298
-616 328
-604 318
-552 302
-620 328
-612 314
-628 326
-636 332
-616 334
-584 306
-556 306
-584 312
-648 338
-664 338
-664 336
-696 358
-632 344
-616 320
-540 298
-544 306
-564 316
-580 328
-516 300
-612 332
-624 334
-636 330
-636 318
-560 308
-560 284
-544 278
-476 262
-500 260
-560 270
-560 264
-612 318
-604 308
-636 332
-620 340
-608 338
-564 318
-568 322
-576 296
-544 284
-512 260
-496 242
-508 272
-520 258
-496 242
-456 254
-500 240
-512 236
-488 246
-528 270
-552 278
-628 310
-616 326
-632 344
-644 342
-628 336
-636 338
-620 340
-644 338
-640 346
-656 352
-628 342
-576 312
-604 326
-656 352
-648 344
-624 338
-604 338
-568 318
-596 332
-612 338
-652 354
-636 338
-632 334
-624 338
-648 350
-624 346
-664 360
-656 352
-672 360
-676 358
-680 358
-696 364
-708 372
-688 360
-700 362
-696 356
-668 358
-700 370
-688 366
-696 370
-700 368
-680 362
-648 346
-676 362
-660 352
-648 352
-636 354
-648 354
-604 332
-632 348
-636 350
-684 350
-660 346
-636 342
-672 340
-636 340
-664 352
-656 356
-652 346
-692 364
-692 372
-676 364
-656 358
-672 356
-604 340
-596 334
-616 336
-628 338
-632 344
-656 354
-656 348
-604 324
-656 342
-632 330
-628 328
-616 324
-636 338
-604 340
-600 334
-556 316
-572 294
-516 294
-532 274
-540 268
-508 272
-520 268
-536 286
-560 292
-532 290
-568 316
-632 342
-660 354
-696 366
-716 370
-664 354
-688 364
-668 356
-652 348
-608 322
-616 326
-608 324
-628 332
-600 316
-604 326
-624 334
-632 344
-636 344
-616 334
-584 324
-612 336
-584 320
-588 322
-612 334
-568 324
-648 344
-696 360
-712 362
-676 346
-648 344
-572 328
-676 358
-700 366
-620 330
-640 328
-652 330
-672 348
-660 332
-636 328
-660 340
-556 306
-628 348
-608 326
-664 344
-656 352
-640 342
-644 336
-624 330
-588 320
-604 340
-640 348
-604 334
-608 330
-652 348
-616 324
-616 332
-564 302
-572 318
-548 300
-564 290
-600 320
-572 300
-552 300
-584 318
-508 290
-548 306
-568 306
-524 296
-528 296
-584 304
-604 316
-616 314
-620 330
-668 354
-676 358
-616 342
-644 348
-548 306
-516 302
-544 306
-544 306
-484 270
-460 270
-568 316
-588 308
-624 334
-624 334
-604 322
-596 300
-612 306
-616 336
-584 322
-572 310
-504 300
-528 306
-560 320
-592 328
-620 340
-608 322
-624 340
-660 348
-616 322
-580 306
-568 294
-568 304
-532 282
-548 296
-560 294
-592 288
-568 288
-552 268
-528 282
-528 286
-552 270
-564 292
-604 308
-636 316
-608 302
-588 294
-636 314
-596 322
-564 316
-636 340
-664 344
-628 342
-608 334
-604 330
-564 306
-584 320
-588 326
-680 346
-612 310
-596 314
-592 308
-596 316
-604 330
-600 330
-604 326
-568 310
-640 326
-548 296
-584 280
-580 276
-572 284
-572 290
-568 294
-568 296
-532 276
-572 302
-564 298
-576 286
-600 322
-580 294
-560 274
-552 270
-568 280
-528 294
-556 278
-552 254
-556 248
-548 254
-592 254
-556 242
-548 266
-552 272
-532 264
-524 248
-512 256
-544 248
-556 248
-556 262
-564 258
-584 256
-588 256
-560 284
-560 300
-572 286
-592 282
-596 282
-592 284
-600 312
-552 292
-620 336
-568 316
-548 298
-596 318
-584 316
-536 284
-560 302
-568 294
-568 292
-584 318
-648 348
-620 340
-588 330
-580 324
-572 314
-652 344
-656 356
-640 346
-636 332
-624 322
-640 324
-624 320
-592 314
-548 310
-500 272
-516 276
-524 262
-536 270
-564 304
-564 306
-616 338
-600 324
-624 324
-608 312
-636 330
-640 316
-620 316
-612 300
-640 292
-596 284
-580 290
-560 290
-592 302
-604 324
-604 328
-620 336
-584 336
-604 336
-604 326
-592 318
-552 290
-576 314
-568 318
-600 322
-620 326
-584 312
-580 324
-608 324
-648 340
-644 336
-612 332
-636 334
-604 324
-580 294
-560 292
-528 286
-468 242
-468 266
-480 260
-504 252
-536 260
-588 292
-564 282
-600 324
-644 350
-640 346
-644 338
-592 320
-548 292
-536 292
-600 316
-616 320
-616 326
-628 338
-588 332
-672 350
-680 352
-680 356
-612 338
-608 328
-600 310
-584 312
-592 330
-668 350
-684 354
-616 332
-596 302
-596 310
-588 302
-596 324
-568 306
-576 316
-572 322
-576 314
-616 314
-544 280
-568 302
-640 340
-672 360
-624 338
-632 344
-628 342
-664 350
-644 346
-612 332
-676 344
-624 330
-568 296
-592 312
-608 316
-600 304
-568 278
-560 254
-560 282
-636 318
-612 328
-588 288
-596 288
-600 266
-616 276
-592 262
-564 266
-540 272
-572 272
-600 298
-576 296
-556 296
-620 318
-580 278
-528 264
-596 296
-584 292
-592 292
-624 296
-564 280
-544 252
-532 242
-488 210
-544 214
-572 238
-576 248
-552 234
-588 240
-520 226
-540 230
-520 198
-512 184
-540 192
-528 188
-572 204
-564 214
-560 212
-484 190
-508 172
-552 172
-516 172
-524 180
-520 204
-512 188
-524 198
-520 218
-528 240
-532 252
-548 254
-536 268
-548 276
-584 268
-596 274
-612 286
-576 270
-556 266
-580 264
-532 242
-556 242
-528 230
-512 214
-536 258
-552 226
-584 262
-536 238
-540 256
-524 232
-564 252
-536 244
-564 234
-548 218
-476 182
-500 164
-508 136
-520 124
-452 128
-468 150
-472 170
-472 184
-488 192
-480 218
-496 200
-512 202
-496 200
-472 234
-488 238
-532 258
-592 296
-608 294
-612 276
-576 242
-612 226
-548 210
-560 208
-560 224
-596 218
-596 216
-592 192
-536 182
-504 178
-480 146
-500 124
-516 120
-492 146
-528 162
-516 180
-512 180
-484 142
-476 144
-460 136
-512 164
-516 184
-560 184
-536 184
-536 180
-496 160
-488 122
-512 110
-524 102
-472 72
-480 62
-508 34
-480 50
-452 32
-456 38
-500 22
-544 42
-552 46
-512 42
-564 64
-532 80
-492 86
-488 84
-516 86
-524 106
-536 102
-520 110
-472 106
-500 114
-488 150
-520 144
-464 128
-452 122
-500 168
-520 196
-524 186
-464 166
-484 176
-488 170
-504 184
-508 226
-516 184
-492 170
-500 202
-516 220
-476 210
-484 214
-512 194
-524 174
-528 144
-488 146
-464 128
-404 148
-440 142
-448 140
-432 130
-456 138
-432 178
-400 146
-424 142
-452 118
-456 122
-404 96
-476 96
-452 104
-496 118
-472 142
-476 154
-512 164
-504 136
-504 130
-568 150
-552 150
-576 146
-588 156
-604 172
-564 158
-576 162
-608 152
-556 146
-584 170
-632 182
-584 190
-584 204
-588 198
-496 176
-536 174
-520 166
-536 154
-564 158
-572 160
-580 138
-584 144
-544 142
-556 168
-588 170
-588 156
-580 138
-576 130
-580 148
-572 166
-548 150
-556 136
-576 144
-544 152
-548 166
-496 158
-452 130
-472 118
-488 118
-476 152
-492 156
-488 160
-480 148
-464 164
-460 142
-464 132
-472 162
-496 172
-500 160
-504 178
-460 168
-504 174
-504 172
-556 196
-608 244
-548 228
-516 234
-516 236
-584 252
-560 262
-560 248
-528 254
-540 254
-556 274
-568 270
-528 278
-520 266
-508 252
-516 276
-560 298
-544 314
-560 296
-560 286
-568 290
-612 320
-588 310
-568 304
-636 322
-632 328
-632 334
-652 330
-568 304
-560 292
-572 280
-556 270
-568 290
-544 306
-512 288
-572 302
-592 318
-636 328
-584 320
-604 340
-604 336
-644 342
-672 358
-648 350
-624 328
-620 332
-668 342
-636 318
-632 304
-624 316
-628 332
-664 352
-688 364
-640 348
-652 346
-604 312
-584 300
-640 324
-664 342
-624 338
-660 356
-608 340
-596 328
-600 320
-616 314
-608 312
-636 342
-664 350
-640 326
-608 330
-596 320
-592 318
-592 322
-632 334
-588 316
-628 342
-684 356
-620 328
-600 322
-660 350
-640 346
-644 346
-648 346
-648 352
-612 342
-608 332
-652 354
-632 350
-600 326
-616 328
-588 324
-588 326
-548 306
-540 306
-560 310
-608 334
-620 334
-560 304
-616 330
-640 338
-632 338
-668 352
-640 346
-616 318
-608 312
-636 330
-568 300
-616 310
-612 320
-640 330
-600 304
-592 296
-584 298
-584 282
-608 286
-616 286
-548 260
-552 252
-556 244
-500 218
-536 268
-560 252
-576 240
-540 242
-536 238
-584 270
-572 262
-552 250
-528 246
-556 246
-552 248
-548 278
-580 294
-612 300
-556 282
-604 304
-612 318
-588 306
-596 316
-632 318
-628 308
-560 302
-572 302
-632 346
-636 342
-596 326
-644 344
-616 332
-596 324
-604 330
-592 310
-636 328
-628 324
-624 312
-592 314
-624 304
-612 288
-576 290
-600 290
-628 304
-612 300
-584 298
-600 306
-580 322
-584 318
-628 330
-600 326
-612 322
-564 316
-540 304
-548 292
-548 298
-532 288
-568 290
-572 288
-580 302
-560 312
-596 312
-564 302
-552 298
-564 304
-556 304
-604 326
-616 326
-652 334
-620 340
-604 338
-620 324
-588 316
-580 304
-668 340
-640 334
-620 324
-588 332
-596 338
-640 346
-648 350
-628 342
-664 354
-656 354
-696 364
-660 342
-616 326
-604 322
-660 334
-628 312
-576 304
-592 318
-576 312
-620 328
-628 326
-680 350
-616 320
-524 276
-508 262
-508 256
-520 284
-492 268
-524 266
-512 274
-584 298
-592 300
-580 280
-600 284
-584 282
-600 306
-620 328
-584 316
-584 326
-628 336
-648 348
-596 326
-596 336
-640 346
-680 356
-712 370
-684 362
-648 358
-656 356
-588 332
-576 312
-616 330
-576 310
-612 318
-644 332
-640 344
-660 356
-664 360
-656 358
-692 350
-648 344
-624 344
-668 358
-644 348
