-28 18
-320 14
-452 4
-516 16
-580 26
-612 52
-644 64
-640 72
-664 70
-668 60
-668 46
-684 62
-684 50
-684 62
-680 62
-684 60
-684 72
-676 92
-668 106
-672 122
-680 146
-684 162
-684 158
-680 152
-680 138
-692 126
-692 130
-684 128
-688 140
-692 152
-700 170
-696 188
-696 176
-704 204
-704 218
-704 220
-708 230
-708 218
-716 234
-716 248
-708 238
-724 240
-724 242
-724 254
-720 238
-708 262
-716 268
-716 268
-720 280
-728 286
-724 296
-728 306
-740 326
-748 336
-740 338
-744 350
-752 368
-748 366
-760 364
-764 362
-764 370
-772 378
-772 380
-776 386
-764 378
-768 386
-780 392
-784 396
-788 396
-792 398
-800 400
-800 400
-800 400
-800 400
-800 400
-800 400
-800 400
-800 400
-800 400
-800 400
-800 400
-800 400
-800 400
-800 400
-800 400
-800 400
-800 400
-800 400
-800 400
-800 400
-800 400
-800 400
-800 400
-800 400
-800 400
-800 400
-800 400
-792 398
-792 398
-792 398
-792 398
-800 400
-800 400
-800 400
-800 400
-800 400
-800 400
-800 400
-800 400
-800 400
-800 400
-800 400
-800 400
-792 398
-792 398
-800 400
-800 400
-800 400
-800 400
-800 400
-800 400
-792 398
-800 400
-800 400
-800 400
