10 35
-370 201
-362 195
-374 199
-362 197
-362 187
-314 171
-342 185
-370 197
-406 211
-402 211
-358 193
-382 199
-370 199
-398 209
-386 205
-314 181
-326 173
-342 163
-326 163
-338 165
-318 141
-314 135
-358 153
-322 151
-294 147
-278 155
-294 169
-318 179
-318 175
-318 171
-314 171
-330 169
-294 147
-330 169
-342 175
-306 149
-290 145
-350 171
-322 161
-290 153
-330 161
-310 157
-314 163
-326 173
-326 173
-338 155
-322 133
-326 135
-318 141
-294 135
-286 119
-318 129
-326 143
-282 123
-266 95
-250 83
-254 111
-238 107
-246 115
-278 129
-274 117
-278 131
-306 137
-310 109
-294 115
-274 121
-322 121
-286 111
-278 89
-294 109
-286 107
-266 89
-290 99
-258 85
-258 73
-246 59
-242 45
-226 35
-214 31
-238 7
-226 13
-262 11
-242 15
-226 17
-250 31
-278 35
-262 27
-270 31
-282 43
-242 49
-222 43
-234 11
-266 35
-250 25
-258 19
-238 23
-206 13
-218 1
-250 15
-230 35
-238 37
-234 33
-198 33
-214 69
-226 59
-242 69
-270 67
-254 71
-226 75
-242 85
-254 97
-290 101
-286 95
-270 115
-306 143
-310 155
-330 165
-346 185
-362 187
-354 193
-362 187
-390 207
-406 213
-394 209
-402 209
-386 201
-370 187
-358 191
-342 189
-338 179
-358 185
-370 195
-370 189
-370 191
-326 179
-346 189
-358 189
-378 199
-374 203
-394 203
-346 191
-338 187
-314 183
-326 181
-334 187
-378 197
-362 199
-378 207
-330 185
-394 207
-382 203
-370 201
-366 197
-386 205
-354 191
-358 193
-358 191
-318 179
-290 163
-334 175
-390 193
-366 189
-366 195
-354 189
-354 195
-382 199
-402 213
-378 205
-394 209
-354 193
-370 199
-334 187
-322 171
-314 171
-310 169
-318 169
-298 161
-294 159
-262 147
-246 125
-254 125
-214 103
-254 97
-258 97
-262 105
-278 131
-290 137
-278 147
-298 115
-282 87
-290 105
-306 103
-274 109
-294 107
-286 123
-298 137
-298 127
-302 139
-306 143
-322 159
-342 177
-318 171
-358 189
-318 171
-354 163
-334 163
-346 175
-326 165
-338 169
-278 151
-310 165
-314 171
-318 177
-350 193
-370 203
-346 181
-322 165
-322 153
-322 167
-282 151
-286 145
-302 151
-346 155
-318 165
-346 173
-342 173
-342 177
-362 193
-326 169
-322 167
-334 171
-326 177
-346 187
-358 191
-334 183
-314 159
-302 149
-342 159
-330 153
-306 141
-310 129
-282 115
-266 105
-298 137
-306 115
-286 131
-294 123
-294 131
-278 137
-302 135
-262 129
-274 119
-230 91
-266 93
-262 93
-302 119
-258 113
-258 123
-314 149
-314 141
-302 145
-278 121
-266 129
-238 121
-254 135
-226 131
-290 161
-330 177
-386 207
-374 201
-370 195
-342 185
-310 167
-302 169
-322 173
-326 181
-326 185
-370 201
-350 195
-318 179
-338 179
-318 153
-314 159
-318 145
-298 133
-286 135
-318 159
-294 147
-282 151
-278 147
-270 145
-266 145
-282 155
-346 177
-358 175
-350 171
-362 175
-306 153
-298 157
-298 161
-358 177
-362 185
-338 173
-386 199
-386 201
-370 187
-366 201
-366 197
-374 195
-342 181
-358 189
-322 183
-354 193
-350 181
-326 175
-294 161
-302 167
-318 173
-302 163
-310 161
-310 167
-318 175
-334 185
-354 189
-378 199
-362 197
-406 207
-402 211
-366 183
-346 183
-330 185
-342 193
-326 181
-342 187
-354 191
-342 183
-342 191
-338 181
-382 185
-370 191
-346 185
-338 179
-330 181
-326 179
-334 185
-330 179
-378 201
-398 207
-342 177
-370 183
-342 175
-354 177
-334 183
-338 173
-314 161
-346 181
-374 197
-362 183
-370 181
-346 169
-326 165
-290 145
-270 141
-262 131
-286 137
-258 133
-282 155
-310 167
-338 189
-326 179
-382 203
-406 211
-374 205
-346 191
-382 205
-386 205
-398 205
-366 197
-370 197
-358 191
-330 177
-334 173
-334 181
-370 191
-342 185
-314 173
-322 169
-346 175
-346 183
-334 175
-342 195
-370 197
-378 203
-362 197
-358 193
-350 187
-330 175
-298 167
-302 169
-318 181
-342 171
-350 189
-310 169
-282 167
-302 159
-298 157
-282 153
-350 191
-358 187
-394 207
-390 207
-394 207
-386 207
-394 203
-390 195
-366 193
-350 179
-338 167
-334 135
-294 141
-294 131
-298 125
-274 117
-298 111
-282 103
-254 105
-274 111
-278 117
-270 127
-246 97
-258 101
-270 111
-282 117
-290 111
-290 121
-270 111
-246 95
-278 79
-290 89
-282 113
-286 95
-266 83
-266 87
-258 89
-266 125
-274 113
-266 121
-258 127
-274 143
-306 139
-302 123
-274 107
-258 115
-286 151
-282 131
-334 137
-358 161
-318 157
-334 153
-294 129
-326 135
-346 149
-330 143
-306 111
-314 133
-278 125
-322 171
-314 177
-314 177
-318 169
-334 173
-342 153
-346 151
-334 161
-346 149
-322 135
-326 121
-318 131
-290 95
-286 107
-282 111
-274 107
-230 85
-258 109
-286 113
-298 117
-278 113
-238 89
-266 101
-254 99
-254 113
-278 109
-262 93
-258 93
-278 129
-286 131
-298 133
-274 131
-274 111
-262 105
-294 135
-274 135
-326 147
-286 135
-290 135
-278 123
-270 141
-274 151
-278 145
-290 157
-298 169
-322 179
-314 157
-290 151
-318 159
-298 153
-302 157
-310 159
-326 165
-326 171
-354 189
-378 199
-362 195
-354 191
-358 191
-370 199
-410 215
-366 201
-346 191
-358 183
-350 183
-338 179
-330 177
-338 189
-310 177
-326 175
-326 183
-362 197
-350 193
-354 187
-322 179
-354 195
-378 199
-370 199
-366 201
-382 201
-386 203
-330 189
-342 185
-302 171
-298 157
-318 157
-306 139
-302 139
-334 161
-338 165
-310 151
-354 173
-354 185
-382 197
-354 181
-334 181
-314 177
-318 177
-338 187
-354 197
-354 183
-338 169
-330 157
-358 179
-330 181
-326 171
-302 165
-338 177
-358 191
-366 199
-354 195
-334 185
-362 195
-338 183
-326 177
-346 185
-338 183
-318 181
-306 175
-358 191
-362 193
-386 203
-354 193
-318 179
-374 205
-346 195
-398 209
-382 205
-358 197
-378 203
-370 197
-386 209
-398 211
-358 199
-330 187
-370 195
-358 185
-362 179
-322 171
-346 177
-326 183
-370 197
-350 191
-370 195
-314 185
-338 187
-358 191
-370 197
-390 209
-374 197
-390 197
-310 173
-342 175
-346 187
-382 201
-374 199
-338 179
-374 193
-394 209
-370 201
-358 179
-350 179
-330 171
-362 183
-310 175
-326 181
-350 193
-306 177
-314 179
-318 181
-350 185
-366 195
-374 201
-358 197
-374 201
-394 203
-354 187
-354 193
-338 189
-354 193
-370 197
-350 189
-370 199
-418 215
-410 213
-390 205
-390 209
-406 213
-398 211
-402 213
-394 209
-418 215
-378 201
-334 189
-334 181
-338 175
-318 173
-326 161
-302 153
-370 199
-354 191
-358 191
-338 179
-370 195
-406 211
-374 199
-326 169
-334 159
-342 175
-342 183
-330 171
-338 181
-310 167
-334 187
-346 189
-354 195
-390 209
-394 209
-374 203
-354 195
-326 189
-358 195
-330 173
-338 183
-350 181
-314 169
-294 153
-294 155
-302 153
-278 141
-266 143
-290 157
-270 139
-262 149
-346 163
-326 151
-322 173
-306 159
-302 167
-358 179
-366 195
-330 191
-358 197
-358 195
-362 199
-406 213
-358 193
-410 215
-382 207
-398 209
-402 209
-370 201
-366 197
-346 173
-318 167
-358 175
-338 173
-362 173
-338 181
-326 173
-318 163
-322 175
-370 205
-394 209
-366 199
-382 205
-378 203
-350 191
-334 187
-342 185
-366 197
-366 193
-366 197
-382 203
-394 209
-382 205
-374 203
-342 197
-378 203
-370 189
-330 181
-382 205
-346 187
-398 211
-378 203
-374 183
-330 181
-274 157
-294 161
-314 163
-298 167
-322 177
-322 175
-322 183
-310 171
-334 171
-326 173
-334 173
-350 191
-310 175
-322 181
-374 201
-350 193
-310 171
-338 167
-378 171
-342 151
-310 143
-286 137
-338 147
-322 145
-302 133
-302 151
-306 159
-330 173
-354 187
-358 193
-386 205
-378 205
-342 193
-330 187
-334 187
-358 197
-390 205
-406 213
-406 213
-398 211
-390 203
-394 207
-414 215
-410 215
-378 203
-398 209
-390 203
-378 199
-374 199
-346 185
-382 197
-374 191
-386 199
-350 179
-334 171
-302 165
-306 171
-334 171
-326 171
-326 177
-302 175
-338 181
-338 175
-314 167
-266 143
-298 143
-290 151
-302 167
-290 147
-318 155
-306 155
-302 157
-282 149
-286 147
-310 153
-290 127
-294 133
-266 119
-250 111
-266 117
-242 99
-210 93
-262 123
-326 151
-322 139
-262 115
-290 123
-318 153
-326 151
-334 159
-346 169
-338 187
-362 187
-354 187
-362 197
-386 207
-366 195
-374 195
-346 195
-334 189
-330 179
-390 205
-318 183
-366 197
-330 181
-370 201
-330 187
-310 181
-302 151
-302 155
-334 173
-326 157
-334 175
-342 187
-350 193
-350 187
-354 185
-350 191
-346 189
-334 181
-346 183
-346 193
-366 197
-378 197
-402 203
-374 199
-390 207
-378 203
-390 209
-338 191
-342 191
-382 203
-354 189
-346 187
-342 183
-358 191
-338 177
-378 185
-322 159
-342 163
-366 169
-362 173
-346 177
-322 171
-338 173
-330 179
-322 179
-294 173
-294 167
-322 173
-330 175
-314 169
-302 159
-354 177
-362 191
-334 181
-314 173
-326 165
-330 177
-338 181
-338 177
-354 187
-358 191
-374 201
-358 199
-342 193
-306 173
-334 183
-338 187
-318 175
-310 171
-314 175
-314 179
-306 175
-298 173
-346 191
-402 211
-358 197
-358 187
-342 185
-334 171
-362 185
-350 175
-314 171
-310 165
-294 155
-346 187
-338 183
-330 183
-318 179
-370 197
-362 195
-378 199
-342 191
-306 173
-346 185
-338 181
-314 173
-374 193
-362 197
-354 191
-358 191
-338 173
-330 169
-350 179
-342 179
-354 189
-330 175
-294 169
-282 165
-286 157
-318 175
-334 179
-322 165
-342 159
-298 155
-310 157
-310 165
-310 161
-342 181
-326 175
-322 179
-362 195
-390 199
-362 187
-306 165
-354 183
-338 169
-290 155
-350 183
-358 177
-362 181
-330 183
-314 171
-342 169
-358 173
-354 177
-342 177
-346 181
-370 177
-358 169
-306 151
-318 153
-282 155
-306 171
-330 187
-346 185
-370 177
-334 167
-358 183
-326 179
-334 181
-346 191
-342 183
-330 181
-370 191
-322 183
-342 181
-298 169
-286 155
-266 125
-286 135
-266 127
-286 131
-266 133
-322 159
-302 161
-354 187
-350 177
-338 171
-310 163
-322 161
-322 169
-326 165
-310 159
-338 185
-338 191
-306 177
-378 201
-358 189
-354 183
-322 163
-318 175
-322 177
-338 183
-374 203
-370 197
-386 199
-342 185
-334 181
-310 167
-322 181
-330 177
-362 173
-342 155
-334 169
-306 159
-338 187
-366 193
-346 189
-386 209
-358 201
-378 197
-314 173
-326 175
-318 171
-286 143
-286 141
-302 159
-290 159
-310 161
-310 161
-306 165
-298 149
-310 159
-330 161
-334 169
-358 179
-346 173
-334 159
-302 149
-306 137
-282 147
-310 167
-354 191
-334 189
-330 185
-346 193
-394 207
-358 191
-358 189
-326 175
-270 147
-306 141
-286 143
-302 141
-286 137
-278 147
-294 163
-314 163
-326 173
-370 187
-342 179
-378 195
-362 195
-350 185
-358 189
-366 199
-362 193
-354 191
-354 187
-342 179
-306 177
-342 181
-358 187
-374 187
-338 185
-318 171
-354 165
-334 147
-294 143
-306 149
-314 155
-302 161
-302 155
-310 161
-286 151
-274 133
-302 139
-298 109
-286 121
-298 151
-306 143
-294 147
-314 167
-282 161
-266 137
-278 153
-290 145
-278 141
-334 167
-326 159
-306 169
-314 167
-310 147
-294 143
-314 155
-362 181
-346 185
-350 179
-402 195
-374 191
-378 191
-342 173
-306 169
-294 167
-334 169
-350 189
-326 177
-314 165
-314 165
-302 157
-350 183
-346 175
-322 179
-330 185
-322 183
-302 171
-274 151
-274 149
-310 173
-338 181
-370 195
-358 195
-358 197
-370 201
-310 177
-342 191
-378 199
-358 199
-378 201
-350 195
-342 191
-354 189
-338 181
-350 193
-338 185
-366 193
-362 195
-366 189
-366 189
-362 187
-366 199
-346 193
-358 191
-302 165
-274 147
-282 143
-314 171
-334 165
-318 161
-270 155
-318 155
-326 175
-346 173
-374 187
-346 183
-346 191
-346 191
-374 201
-402 207
-374 199
-382 203
-374 201
-346 189
-386 199
-386 187
-362 179
-342 183
-334 175
-318 167
-302 167
-322 175
-298 175
-282 155
-270 145
-254 139
-286 149
-246 131
-290 133
-286 139
-354 167
-322 159
-322 177
-334 175
-346 187
-350 193
-390 207
-406 209
-386 205
-410 213
-370 195
-350 185
-354 193
-378 199
-390 195
-390 201
-350 179
-330 165
-290 165
-314 163
-266 147
-330 181
-318 173
-306 175
-326 183
