10 35
-346 189
-366 197
-358 191
-338 185
-354 187
-370 193
-370 197
-362 193
-370 193
-298 161
-294 161
-298 167
-302 173
-354 191
-358 195
-318 181
-346 185
-358 193
-346 191
-330 177
-326 173
-330 175
-330 167
-354 179
-370 201
-374 201
-378 203
-370 201
-354 199
-378 205
-390 205
-386 205
-358 195
-350 185
-318 179
-362 195
-374 203
-374 201
-366 203
-366 201
-342 195
-354 191
-366 195
-366 199
-334 185
-350 191
-358 185
-362 195
-350 181
-330 173
-338 181
-378 201
-378 203
-386 207
-386 207
-370 203
-318 183
-342 185
-374 199
-370 193
-394 201
-330 179
-294 161
-338 185
-334 183
-322 181
-330 189
-322 171
-326 171
-322 181
-374 189
-342 169
-314 183
-322 185
-342 191
-358 197
-382 199
-346 177
-378 183
-322 157
-278 137
-294 129
-298 139
-274 115
-286 131
-290 115
-246 105
-270 97
-298 123
-298 113
-242 95
-250 91
-254 77
-242 73
-234 83
-234 77
-254 73
-230 63
-278 69
-242 77
-266 91
-266 105
-290 143
-294 147
-262 127
-258 105
-234 87
-218 75
-206 57
-258 77
-274 93
-270 99
-242 97
-222 97
-278 133
-298 147
-306 157
-298 155
-270 151
-290 161
-318 167
-318 171
-294 169
-342 191
-350 181
-290 165
-258 153
-274 159
-278 157
-322 167
-326 165
-290 147
-302 159
-282 173
-298 169
-278 161
-254 129
-258 113
-242 99
-282 129
-270 109
-322 133
-310 143
-298 153
-318 153
-314 157
-334 163
-314 169
-310 175
-346 179
-270 153
-282 153
-310 155
-338 177
-286 155
-302 133
-322 119
-274 117
-282 111
-266 101
-310 101
-298 101
-330 109
-338 99
-314 73
-314 57
-262 41
-234 51
-278 73
-258 77
-246 79
-242 77
-226 83
-270 77
-286 61
-270 57
-246 53
-258 49
-218 51
-250 65
-242 35
-206 31
-230 51
-258 63
-214 49
-230 57
-246 81
-230 53
-274 79
-258 81
-238 81
-270 71
-266 121
-294 139
-314 145
-262 127
-326 157
-326 137
-318 141
-294 135
-282 143
-278 139
-274 133
-286 121
-282 129
-302 139
-282 135
-306 159
-286 139
-326 163
-282 159
-310 155
-274 153
-258 155
-298 165
-350 181
-350 191
-326 185
-354 195
-362 201
-342 191
-358 199
-358 197
-338 191
-338 179
-342 175
-342 175
-330 163
-342 167
-334 175
-342 177
-362 193
-370 201
-386 205
-398 203
-382 207
-382 203
-402 209
-390 205
-370 197
-374 201
-378 201
-374 199
-374 193
-338 179
-334 177
-338 173
-330 163
-298 165
-326 173
-334 175
-374 193
-310 179
-370 203
-406 213
-390 207
-410 213
-418 213
-390 201
-342 187
-366 197
-346 193
-362 191
-342 189
-374 191
-370 193
-390 203
-382 201
-390 207
-414 213
-394 209
-386 207
-362 199
-382 207
-366 197
-402 211
-378 203
-402 213
-386 205
-366 195
-354 195
-342 193
-330 181
-346 187
-374 201
-362 191
-366 193
-346 189
-386 193
-362 193
-358 195
-378 199
-378 201
-402 197
-374 191
-346 183
-362 191
-346 177
-342 175
-306 161
-318 163
-306 161
-318 165
-310 159
-338 179
-322 175
-362 191
-382 195
-350 187
-350 197
-342 191
-330 183
-326 183
-374 203
-386 203
-386 203
-402 209
-406 213
-382 205
-378 203
-370 199
-390 207
-382 207
-394 205
-370 199
-374 189
-338 171
-338 171
-342 169
-318 161
-322 151
-310 129
-282 137
-306 127
-282 111
-282 113
-246 119
-254 117
-270 87
-266 99
-290 119
-266 111
-274 115
-258 109
-262 119
-278 137
-262 129
-250 105
-274 111
-274 103
-270 97
-306 97
-254 95
-270 47
-230 27
-230 33
-206 45
-186 41
-178 31
-250 13
-266 33
-266 43
-234 51
-214 47
-266 49
-238 53
-286 47
-306 59
-330 55
-282 37
-266 45
-250 39
-230 25
-242 37
-238 29
-254 33
-230 33
-218 45
-226 17
-262 5
-250 19
-246 39
-262 53
-250 61
-274 57
-274 47
-310 57
-298 65
-306 49
-290 75
-314 65
-318 83
-318 77
-306 61
-298 69
-290 89
-318 109
-338 129
-314 123
-282 87
-294 87
-298 117
-318 149
-274 133
-262 135
-282 141
-286 151
-274 129
-282 145
-294 141
-290 135
-258 111
-294 115
-286 113
-294 103
-294 79
-282 93
-282 105
-302 133
-302 135
-266 133
-242 125
-282 141
-302 149
-330 159
-314 167
-338 181
-342 185
-354 189
-334 173
-318 161
-326 165
-326 171
-370 191
-346 183
-326 165
-326 175
-314 161
-350 179
-374 183
-354 189
-326 173
-294 163
-290 141
-270 151
-306 161
-334 155
-330 129
-330 145
-334 133
-334 135
-338 155
-346 167
-342 165
-346 167
-374 185
-338 183
-354 185
-358 179
-338 173
-342 173
-326 173
-322 169
-318 139
-290 143
-262 143
-250 133
-270 123
-310 141
-306 147
-326 147
-318 159
-318 163
-314 159
-270 159
-294 159
-306 163
-350 173
-346 187
-342 193
-330 171
-350 185
-374 197
-342 185
-350 197
-398 211
-378 201
-410 213
-382 207
-378 203
-322 181
-354 189
-370 195
-398 209
-390 201
-382 199
-358 185
-362 183
-354 185
-358 181
-354 181
-366 199
-410 209
-402 209
-410 213
-402 213
-390 205
-406 211
-402 211
-402 211
-362 193
-402 211
-386 205
-382 205
-370 201
-378 203
-398 209
-386 205
-374 201
-362 197
-358 195
-346 185
-342 181
-350 191
-378 203
-374 203
-370 199
-370 201
-390 207
-398 207
-402 211
-358 199
-362 201
-370 199
-370 203
-346 193
-342 187
-338 181
-342 169
-318 163
-362 189
-346 181
-346 177
-346 181
-366 197
-366 193
-322 167
-306 169
-322 177
-326 185
-318 173
-346 183
-330 187
-350 195
-366 197
-334 183
-306 179
-330 181
-342 189
-342 191
-390 207
-386 205
-390 205
-354 193
-366 197
-378 195
-378 199
-374 199
-378 205
-382 205
-410 213
-406 213
-426 219
-394 209
-406 213
-370 199
-374 201
-386 201
-350 193
-334 181
-326 185
-326 185
-302 173
-346 183
-346 189
-370 195
-306 171
-294 161
-322 163
-342 165
-310 179
-326 177
-358 185
-366 191
-394 199
-358 191
-366 193
-402 213
-366 201
-358 199
-374 203
-386 201
-402 209
-418 215
-370 199
-394 207
-410 213
-370 197
-350 193
-322 177
-318 177
-334 185
-330 179
-330 191
-374 199
-402 203
-386 201
-370 193
-330 183
-358 195
-362 187
-322 163
-302 153
-290 141
-294 155
-290 151
-314 171
-362 191
-358 197
-350 185
-338 177
-334 175
-322 175
-354 185
-374 203
-346 191
-338 185
-334 181
-338 187
-338 193
-338 193
-354 193
-370 197
-374 203
-354 195
-358 191
-354 193
-326 183
-338 191
-334 173
-358 191
-370 195
-350 187
-358 177
-322 165
-330 179
-338 177
-302 159
-314 165
-294 159
-314 173
-322 185
-338 187
-382 207
-322 183
-270 153
-274 163
-294 159
-362 189
-358 193
-342 187
-334 189
-330 183
-362 183
-322 173
-346 173
-338 167
-306 163
-326 169
-330 171
-294 153
-350 173
-358 175
-378 191
-378 201
-374 197
-366 199
-378 205
-362 197
-354 199
-358 197
-386 207
-362 201
-370 199
-378 199
-398 207
-410 215
-390 207
-406 207
-394 203
-390 203
-362 195
-366 201
-398 205
-398 207
-398 205
-382 205
-346 185
-346 181
-374 191
-334 177
-330 179
-314 161
-282 143
-294 153
-310 145
-298 171
-306 173
-338 185
-362 195
-398 203
-358 189
-322 183
-350 187
-382 201
-366 191
-338 187
-362 199
-426 219
-418 217
-406 213
-362 201
-342 193
-386 205
-394 205
-374 201
-382 201
-366 197
-354 191
-338 185
-354 189
-330 179
-342 167
-322 163
-342 173
-310 159
-346 175
-338 179
-314 163
-346 153
-346 165
-298 137
-278 129
-302 129
-246 107
-246 95
-250 97
-322 133
-306 149
-306 135
-298 145
-238 137
-294 135
-286 143
-294 153
-322 165
-306 171
-322 177
-326 175
-338 185
-378 199
-338 185
-314 169
-330 171
-338 173
-366 189
-314 169
-370 185
-354 191
-330 179
-382 187
-382 193
-374 189
-378 191
-366 187
-342 173
-318 181
-270 161
-258 155
-278 161
-294 161
-302 163
-314 175
-338 171
-298 143
-250 131
-254 103
-254 111
-266 121
-266 119
-282 111
-242 95
-246 97
-222 87
-258 101
-274 91
-274 91
-258 95
-302 123
-338 139
-294 139
-338 149
-306 153
-298 149
-314 161
-314 159
-322 153
-302 147
-282 141
-294 139
-282 119
-286 143
-318 149
-306 157
-334 185
-326 185
-338 187
-342 179
-338 189
-366 193
-346 181
-362 191
-342 179
-338 179
-354 187
-378 203
-370 197
-334 193
-378 203
-370 201
-354 191
-350 191
-330 187
-310 173
-310 173
-294 161
-338 177
-322 187
-350 195
-326 177
-322 181
-386 203
-378 205
-394 209
-402 211
-346 195
-346 189
-338 181
-342 189
-358 191
-342 189
-322 177
-310 173
-286 141
-298 153
-302 163
-310 159
-330 161
-306 159
-318 167
-334 187
-342 191
-374 197
-354 195
-386 201
-382 199
-346 183
-334 187
-342 175
-310 171
-278 159
-322 175
-334 175
-350 179
-338 167
-362 175
-334 167
-334 179
-326 179
-318 175
-310 163
-298 161
-310 163
-306 163
-338 173
-314 169
-310 175
-334 183
-370 201
-398 207
-370 201
-370 197
-370 199
-362 193
-374 195
-314 177
-346 187
-330 181
-386 203
-378 199
-402 213
-382 205
-330 173
-342 183
-290 167
-282 159
-322 175
-322 175
-302 179
-334 183
-354 193
-358 191
-346 187
-338 183
-338 187
-346 191
-366 203
-378 199
-342 185
-370 199
-334 181
-362 189
-326 171
-302 167
-354 189
-354 187
-354 189
-354 187
-334 183
-390 207
-382 207
-386 207
-354 193
-390 209
-398 209
-378 201
-386 205
-386 207
-382 201
-370 197
-398 205
-386 207
-334 189
-322 173
-318 165
-338 177
-350 181
-302 165
-286 163
-338 173
-330 157
-338 173
-342 189
-342 181
-334 181
-354 195
-358 191
-386 207
-346 193
-302 173
-326 173
-322 173
-346 169
-306 163
-314 177
-294 169
-350 195
-338 185
-330 177
-306 169
-322 181
-350 189
-354 195
-374 205
-366 201
-394 209
-342 189
-362 193
-366 191
-374 201
-338 187
-378 193
-358 193
-366 195
-334 189
-318 183
-330 191
-338 187
-326 187
-350 189
-338 179
-322 181
-406 203
-390 205
-370 191
-358 195
-374 197
-358 185
-354 195
-402 211
-382 205
-390 207
-394 209
-390 209
-350 193
-334 187
-342 181
-330 171
-314 167
-346 183
-378 199
-350 195
-386 207
-350 189
-398 209
-418 217
-378 205
-382 199
-382 199
-406 205
-370 201
-390 207
-382 205
-402 211
-394 211
-350 191
-318 173
-338 177
-322 161
-306 153
-362 193
-342 189
-318 173
-314 173
-338 187
-342 185
-378 201
-426 217
-338 183
-330 175
-354 171
-342 161
-326 159
-322 159
-342 169
-318 163
-374 183
-374 179
-378 185
-362 181
-358 191
-322 163
-306 167
-314 171
-330 177
-334 161
-318 155
-326 173
-334 181
-334 177
-386 199
-378 203
-366 199
-350 191
-362 195
-410 213
-378 205
-354 197
-374 203
-398 209
-402 209
-410 213
-354 197
-378 205
-394 209
-406 211
-374 203
-354 189
-362 199
-318 187
-354 191
-318 173
-326 177
-294 147
-278 155
-314 157
-290 145
-302 155
-270 143
-294 159
-290 155
-318 159
-326 151
-306 159
-378 195
-390 203
-346 177
-330 181
-366 203
-342 191
-402 213
-398 209
-386 207
-350 195
-306 169
-334 179
-346 177
-338 179
-354 185
-346 193
-342 191
-310 169
-318 167
-318 147
-306 139
-278 133
-310 159
-350 183
-378 199
-350 193
-390 205
-370 191
-358 193
-366 199
-374 203
-402 213
-366 201
-326 181
-366 199
-334 179
-282 163
-334 181
-310 177
-362 193
-330 185
-362 199
-402 213
-418 217
-394 211
-358 193
-358 183
-330 175
-302 169
-306 177
-294 161
-250 133
-258 127
-238 103
-210 85
-234 91
-278 103
-250 89
-218 91
-234 85
-294 101
-306 121
-282 125
-278 135
-278 93
-250 89
-270 87
-282 93
-262 89
-270 95
-258 83
-254 53
-266 37
-254 47
-242 57
-230 87
-226 97
-234 93
-286 107
-310 111
-290 107
-278 127
-266 105
-294 109
-266 89
-270 93
-282 113
-330 139
-314 137
-286 123
-286 117
-310 123
-330 125
-334 117
-338 123
-326 123
-322 127
-322 131
-342 125
-310 117
-298 111
-294 89
-270 85
-290 89
-306 83
-290 87
-258 89
-298 123
-310 137
-322 135
-326 157
-330 163
-358 167
-346 171
-310 153
-338 153
-358 163
-322 161
-322 169
-366 187
-402 203
-406 203
-370 191
-346 185
-362 187
-350 179
-326 171
-338 177
-370 195
-378 203
-414 215
-378 205
-362 199
-406 207
-422 211
-398 209
-374 201
-390 203
-410 213
-358 193
-330 183
-322 169
-302 143
-310 147
-306 151
