10 35
-326 177
-342 187
-370 197
-394 203
-382 205
-342 187
-318 183
-334 175
-346 181
-322 181
-346 189
-366 189
-338 181
-326 181
-354 187
-362 197
-370 199
-346 189
-326 183
-314 181
-298 167
-302 163
-302 163
-306 173
-310 163
-302 171
-318 169
-326 169
-318 171
-338 173
-350 179
-358 193
-374 201
-402 209
-390 205
-354 193
-350 191
-322 179
-322 183
-358 197
-354 191
-366 193
-330 175
-314 183
-370 205
-366 197
-342 185
-354 185
-318 179
-322 189
-310 171
-346 185
-354 189
-382 201
-386 203
-378 201
-366 191
-354 197
-346 191
-338 185
-358 193
-346 187
-322 175
-338 183
-346 193
-378 203
-358 191
-370 199
-294 165
-330 171
-314 177
-354 185
-386 203
-362 195
-358 193
-326 171
-322 171
-282 149
-318 157
-286 169
-282 161
-266 153
-282 169
-282 163
-346 177
-310 155
-286 125
-290 127
-286 123
-282 125
-286 129
-302 107
-282 107
-262 111
-270 109
-306 117
-314 121
-306 131
-306 137
-294 141
-306 163
-330 175
-354 197
-346 185
-346 185
-362 189
-362 191
-338 179
-326 175
-346 185
-334 175
-310 161
-290 163
-330 171
-306 159
-318 165
-286 155
-314 163
-302 171
-318 183
-334 179
-342 175
-330 163
-322 159
-362 171
-330 175
-334 177
-342 181
-346 191
-330 181
-322 183
-334 183
-286 173
-346 191
-370 185
-342 191
-338 193
-390 205
-382 205
-418 217
-406 213
-394 209
-374 205
-346 189
-326 179
-314 175
-334 183
-346 189
-330 175
-302 161
-286 159
-294 163
-330 167
-326 167
-318 167
-350 175
-322 177
-298 169
-334 173
-334 179
-338 189
-354 195
-374 203
-378 195
-386 205
-422 215
-398 211
-418 217
-418 215
-390 205
-394 203
-394 199
-406 205
-402 209
-410 213
-386 205
-362 197
-390 205
-362 195
-338 177
-346 183
-326 171
-338 175
-302 171
-326 171
-306 163
-294 155
-346 163
-338 157
-322 163
-318 163
-302 169
-246 135
-250 125
-254 119
-266 121
-278 129
-306 133
-282 127
-246 131
-286 135
-266 125
-294 145
-310 159
-342 175
-354 189
-314 169
-338 163
-330 169
-330 181
-342 187
-350 181
-334 169
-306 157
-330 173
-334 177
-342 191
-374 203
-390 207
-414 211
-378 205
-362 201
-326 187
-298 169
-314 173
-306 167
-294 165
-346 189
-374 195
-378 205
-382 203
-346 193
-374 189
-366 191
-342 181
-298 175
-354 187
-366 189
-382 205
-354 195
-358 191
-374 199
-410 213
-370 201
-402 213
-426 219
-410 215
-426 217
-422 217
-410 215
-390 207
-366 195
-338 183
-354 193
-330 183
-338 189
-342 185
-354 191
-326 177
-338 189
-362 199
-358 199
-374 201
-398 205
-362 197
-358 199
-326 185
-286 157
-290 145
-270 123
-278 129
-302 149
-350 161
-334 167
-342 185
-374 193
-338 189
-354 183
-306 165
-302 159
-314 145
-326 185
-322 175
-278 151
-318 145
-302 141
-286 139
-298 161
-294 155
-298 165
-278 157
-306 173
-314 181
-334 179
-314 167
-342 191
-322 185
-354 189
-362 195
-386 187
-362 173
-306 165
-326 185
-314 175
-326 185
-338 195
-358 191
-350 193
-366 201
-366 203
-362 197
-342 191
-354 201
-358 191
-394 205
-346 189
-374 197
-398 199
-394 209
-390 209
-402 211
-390 207
-362 193
-314 177
-338 185
-334 187
-326 185
-338 187
-334 177
-314 165
-358 185
-370 197
-374 205
-382 207
-374 199
-350 193
-346 183
-278 163
-318 167
-342 185
-330 183
-346 191
-390 203
-410 215
-402 211
-378 203
-366 201
-362 197
-346 187
-330 183
-342 187
-374 201
-334 183
-338 183
-354 189
-354 187
-378 193
-390 201
-374 197
-402 211
-370 199
-338 191
-334 185
-314 175
-342 187
-346 175
-370 189
-354 193
-310 165
-318 175
-302 165
-318 161
-322 157
-318 147
-334 155
-346 159
-318 161
-330 169
-330 173
-294 147
-294 145
-290 155
-306 157
-290 153
-338 161
-346 175
-298 153
-298 147
-298 153
-298 147
-314 153
-298 149
-262 137
-254 121
-298 145
-298 141
-306 161
-318 171
-302 167
-338 171
-342 175
-318 173
-318 171
-326 177
-314 167
-310 169
-366 195
-366 191
-370 193
-358 195
-366 195
-374 197
-358 197
-374 201
-370 201
-386 203
-386 207
-434 221
-398 211
-386 207
-374 203
-342 191
-394 207
-334 187
-338 185
-358 191
-370 191
-334 173
-338 177
-366 197
-370 203
-354 197
-418 217
-374 199
-354 193
-378 193
-402 199
-342 179
-390 197
-374 195
-366 195
-382 203
-358 197
-342 185
-334 187
-366 197
-394 209
-370 199
-362 197
-346 187
-374 199
-358 193
-390 199
-358 187
-370 201
-378 203
-354 193
-330 187
-314 179
-346 191
-350 195
-326 177
-274 165
-302 175
-354 193
-342 191
-358 197
-342 191
-378 201
-330 177
-314 177
-310 161
-298 147
-262 143
-302 131
-294 135
-274 137
-246 103
-278 95
-286 103
-310 91
-326 109
-294 101
-266 105
-262 95
-270 91
-282 109
-286 135
-246 117
-262 119
-286 153
-302 161
-334 165
-302 159
-302 165
-330 181
-334 179
-338 181
-322 179
-314 179
-310 167
-274 163
-314 177
-318 169
-318 159
-270 143
-266 125
-274 103
-314 91
-274 107
-286 111
-306 115
-322 139
-322 145
-290 141
-262 113
-282 109
-266 79
-270 87
-306 105
-314 107
-290 99
-334 109
-294 99
-302 103
-306 113
-278 99
-318 93
-282 61
-274 61
-282 83
-274 69
-270 101
-278 113
-262 111
-262 119
-226 111
-306 133
-318 137
-318 143
-282 135
-230 129
-266 153
-314 175
-342 183
-314 179
-358 189
-350 187
-322 187
-362 195
-366 201
-390 207
-350 193
-378 205
-338 189
-346 191
-338 191
-374 199
-346 183
-294 161
-290 169
-306 175
-322 171
-354 185
-314 179
-290 159
-294 165
-262 145
-298 163
-318 157
-326 183
-366 195
-330 189
-342 191
-338 181
-366 191
-358 193
-338 183
-318 175
-354 195
-342 195
-362 199
-390 207
-358 199
-334 185
-350 191
-386 209
-358 193
-386 199
-366 191
-358 179
-374 189
-330 171
-350 177
-322 153
-310 167
-310 165
-326 179
-334 187
-362 197
-354 189
-346 193
-342 189
-338 187
-330 187
-342 185
-330 189
-322 177
-354 187
-346 189
-346 189
-342 181
-358 191
-314 167
-290 155
-306 163
-286 151
-266 145
-302 159
-314 157
-298 159
-358 181
-350 161
-338 145
-342 155
-326 157
-302 149
-346 175
-306 163
-334 179
-338 175
-338 169
-310 171
-310 165
-370 183
-370 181
-370 189
-370 189
-342 185
-366 187
-330 167
-334 165
-326 163
-330 173
-274 161
-302 155
-278 151
-286 169
-294 177
-338 181
-302 171
-258 147
-306 155
-310 163
-314 165
-310 165
-286 163
-306 161
-294 159
-322 167
-346 181
-342 179
-346 181
-366 197
-362 197
-346 187
-362 189
-350 179
-306 167
-298 153
-294 157
-298 157
-346 173
-346 177
-330 163
-322 147
-310 157
-326 165
-342 173
-330 179
-318 165
-334 163
-338 177
-350 183
-326 187
-350 191
-358 195
-330 189
-382 203
-362 195
-378 197
-382 199
-358 183
-326 177
-330 173
-362 189
-338 183
-354 185
-362 191
-378 199
-386 207
-370 195
-354 193
-346 185
-386 203
-386 207
-410 215
-394 211
-402 211
-410 215
-374 199
-378 195
-378 187
-334 165
-326 165
-350 171
-358 183
-346 171
-358 171
-354 171
-358 181
-346 173
-358 181
-338 171
-318 159
-330 163
-346 177
-342 173
-350 193
-346 189
-374 193
-386 197
-382 201
-370 197
-354 191
-330 169
-326 183
-354 179
-354 187
-354 195
-370 195
-374 199
-398 211
-354 195
-378 203
-370 195
-346 193
-302 159
-318 171
-310 173
-318 171
-318 175
-358 185
-366 193
-378 193
-374 199
-382 195
-370 193
-386 205
-350 193
-346 187
-378 199
-350 181
-374 191
-322 175
-350 191
-334 169
-278 151
-294 159
-338 185
-366 193
-370 201
-390 209
-362 195
-390 203
-358 195
-338 191
-334 181
-294 165
-302 151
-294 155
-322 175
-378 199
-382 203
-302 163
-326 177
-358 181
-326 171
-342 189
-338 177
-346 185
-378 195
-342 175
-362 193
-374 201
-374 201
-342 187
-326 181
-330 183
-274 155
-282 159
-290 159
-286 157
-334 177
-350 183
-322 179
-330 183
-366 201
-402 207
-402 211
-406 213
-418 217
-394 205
-358 195
-334 191
-350 195
-378 199
-390 203
-366 197
-370 195
-334 189
-354 197
-338 187
-342 177
-350 177
-358 185
-334 181
-374 187
-338 177
-362 179
-326 177
-350 193
-350 181
-338 187
-322 173
-342 183
-314 173
-302 155
-282 155
-298 139
-294 151
-298 163
-326 165
-262 137
-310 155
-306 157
-354 159
-354 155
-326 145
-334 153
-318 159
-290 157
-278 143
-306 149
-322 171
-306 177
-338 185
-354 193
-314 181
-390 209
-398 207
-402 207
-382 207
-398 209
-402 209
-350 191
-350 191
-334 191
-338 183
-310 165
-330 163
-306 159
-334 169
-302 143
-314 161
-310 165
-314 155
-322 175
-330 189
-370 201
-354 195
-330 181
-334 187
-342 183
-314 175
-314 177
-350 193
-354 187
-390 205
-394 201
-386 197
-366 193
-362 197
-342 189
-362 197
-350 191
-370 189
-354 185
-338 189
-374 203
-366 201
-354 193
-342 181
-338 181
-342 193
-318 173
-306 163
-274 147
-282 155
-302 153
-322 149
-258 125
-254 117
-258 109
-266 121
-282 113
-278 117
-310 141
-326 159
-310 147
-314 151
-322 165
-322 155
-318 139
-298 137
-318 141
-330 141
-334 153
-334 149
-330 147
-290 145
-290 141
-290 153
-310 165
-322 167
-330 133
-306 127
-302 109
-258 123
-270 129
-282 109
-254 103
-278 109
-318 145
-306 161
-314 157
-318 179
-290 173
-294 169
-306 161
-290 131
-266 137
-310 151
-330 143
-314 147
-270 129
-302 137
-290 125
-298 143
-314 153
-278 133
-282 133
-302 113
-298 109
-298 101
-318 119
-310 99
-282 107
-286 119
-298 109
-294 115
-282 123
-286 119
-262 127
-286 155
-310 175
-350 185
-366 197
-390 199
-282 151
-282 137
-322 165
-302 157
-322 175
-294 169
-298 181
-350 195
-390 209
-394 211
-386 207
-390 207
-382 201
-354 191
-374 201
-394 209
-390 207
-362 195
-322 165
-322 153
-282 145
-314 155
-318 161
-306 159
-270 133
-314 153
-258 123
-270 99
-302 91
-306 107
-298 109
-310 101
-342 119
-342 125
-306 107
-286 123
-310 135
-282 105
-278 89
-270 115
-290 105
-270 111
-298 141
-330 149
-354 159
-370 167
-350 171
-346 169
-382 189
-358 185
-382 191
-306 167
-310 155
-250 147
-294 141
-278 143
-306 135
-318 151
-306 145
-338 175
-334 181
-362 189
-378 195
-362 197
-330 183
-314 167
-290 153
-262 153
-290 163
-286 175
-354 187
-366 183
-314 161
-318 169
-342 187
-330 173
-322 177
-334 153
-326 163
-322 155
-346 181
-366 181
-358 187
-346 185
-354 189
-354 183
-346 181
-330 175
-326 181
-338 183
-298 167
-322 179
-310 173
-326 177
-318 169
-346 181
-350 187
-350 185
-362 191
-374 201
-350 191
-366 197
-318 185
-322 185
-366 197
-362 177
-346 177
-346 179
-318 181
-326 181
-290 153
-290 153
-294 147
-314 149
-298 151
-262 143
-286 143
-346 165
-306 143
-350 167
-350 161
-370 187
-322 187
-358 197
-354 195
-354 193
-366 193
-350 181
-330 179
-314 149
-314 145
-354 173
-334 171
-362 187
-366 193
-358 193
-366 197
-370 199
-374 203
-374 201
-402 211
-326 173
-330 183
-326 183
-390 209
-310 177
-302 171
-302 173
-342 187
-326 187
-362 193
-330 179
-402 207
-354 195
-322 185
-350 189
-346 193
-366 201
-338 191
-354 195
-350 193
-370 203
-382 203
-358 193
-338 189
-350 191
-326 179
-346 185
-366 197
-378 203
-358 199
-398 209
-414 215
-390 209
-418 217
-426 219
-398 211
-386 207
-362 201
-354 197
-378 207
-338 185
-290 175
-302 177
-302 177
-346 191
-370 197
-362 197
-350 197
-330 179
-326 185
-314 177
-350 177
-374 197
-386 201
-370 195
-394 211
-366 201
-346 191
-354 189
-362 193
-382 205
-322 185
-342 191
-294 175
-322 181
-318 177
-338 183
-338 189
-374 201
-358 185
-334 169
-322 167
-310 153
-310 131
-318 139
-306 145
-290 143
-286 125
-298 125
-310 135
-306 137
-306 143
-306 137
-326 145
-334 165
-358 179
-338 183
-330 185
-278 157
-310 161
-310 137
-294 149
-314 175
-314 173
-286 157
-306 163
-318 177
-326 173
-302 175
-330 187
-390 205
-338 181
-358 191
-366 195
-386 205
-374 203
-342 189
-346 191
-386 205
-378 203
-390 201
-382 207
-318 187
-338 189
-334 191
-370 199
-394 209
-366 201
-378 205
-402 211
-374 205
-394 205
-362 191
-350 189
-386 195
-342 187
-334 187
-334 191
-346 191
