-12 6
-556 274
-552 268
-524 258
-476 228
-516 256
-472 250
-508 222
-500 214
-468 222
-480 224
-464 230
-524 238
-512 222
-500 210
-472 208
-488 234
-532 288
-564 304
-540 284
-564 314
-600 324
-556 308
-572 322
-560 318
-564 310
-552 278
-572 278
-584 280
-584 272
-556 260
-544 272
-528 272
-572 304
-588 298
-596 306
-620 322
-616 296
-620 318
-616 320
-608 318
-616 310
-572 276
-560 288
-540 270
-544 270
-536 280
-544 274
-540 266
-536 270
-516 260
-532 256
-524 264
-540 274
-572 280
-528 280
-536 270
-536 310
-576 300
-564 310
-604 326
-612 330
-592 318
-596 338
-628 350
-660 356
-668 352
-636 340
-628 338
-676 352
-676 352
-684 360
-688 368
-708 372
-716 378
-636 350
-632 344
-588 328
-604 330
-660 360
-636 348
-652 356
-624 344
-620 328
-628 324
-564 302
-596 316
-632 338
-604 322
-572 314
-600 332
-624 318
-628 316
-640 310
-548 270
-568 272
-572 256
-508 242
-572 262
-532 254
-512 232
-504 254
-528 244
-548 252
-548 256
-520 234
-552 242
-540 242
-544 258
-576 272
-552 282
-568 288
-564 278
-508 254
-504 252
-532 278
-592 302
-604 322
-612 344
-632 342
-616 314
-588 324
-580 320
-632 328
-640 330
-608 322
-592 322
-648 346
-668 348
-680 340
-620 320
-632 338
-620 330
-628 332
-576 304
-624 292
-636 316
-604 304
-596 296
-568 272
-512 270
-524 282
-520 262
-536 280
-528 266
-580 264
-596 278
-604 298
-588 286
-584 296
-568 284
-556 276
-580 274
-560 290
-536 282
-564 266
-540 252
-560 260
-560 274
-612 308
-620 326
-640 340
-644 332
-676 340
-660 340
-692 344
-680 334
-680 332
-660 336
-688 342
-648 348
-664 346
-636 338
-672 348
-636 344
-652 334
-576 322
-624 344
-628 336
-616 322
-612 338
-676 364
-668 358
-676 362
-600 326
-576 326
-564 288
-560 272
-524 258
-540 260
-580 274
-544 276
-576 286
-592 314
-592 314
-620 330
-604 308
-624 298
-588 280
-544 282
-544 282
-576 302
-548 280
-608 306
-588 292
-532 282
-584 296
-576 294
-572 284
-572 278
-536 268
-552 242
-572 252
-568 256
-528 228
-512 226
-504 206
-552 208
-528 184
-520 202
-556 240
-508 212
-488 226
-464 228
-464 234
-480 230
-536 260
-536 244
-520 240
-528 234
-532 238
-584 258
-572 234
-564 256
-556 250
-560 254
-544 236
-552 216
-536 202
-544 218
-564 202
-540 196
-556 230
-520 222
-560 232
-592 242
-604 252
-584 250
-584 264
-548 292
-596 324
-604 328
-644 344
-608 328
-616 334
-624 344
-644 346
-584 324
-572 316
-588 328
-616 342
-660 350
-668 360
-664 356
-644 356
-604 338
-644 336
-552 310
-576 310
-504 270
-532 262
-584 284
-560 288
-572 278
-568 294
-544 278
-564 300
-580 306
-604 312
-596 312
-596 328
-592 326
-584 316
-604 330
-632 334
-656 330
-624 314
-532 264
-556 270
-528 270
-580 292
-612 300
-600 304
-636 322
-608 318
-604 308
-560 298
-528 264
-544 262
-552 246
-500 240
-468 236
-404 204
-416 190
-424 182
-448 206
-544 234
-536 236
-544 250
-504 226
-536 266
-528 270
-548 256
-556 248
-568 270
-572 282
-596 314
-640 328
-608 320
-592 306
-612 320
-628 330
-612 318
-564 310
-636 348
-672 360
-628 334
-580 324
-640 342
-660 342
-640 342
-676 364
-664 358
-684 360
-696 370
-676 362
-668 362
-676 364
-708 372
-696 366
-688 364
-660 350
-604 316
-644 350
-676 360
-640 344
-648 338
-616 330
-612 340
-604 336
-672 358
-696 366
-600 336
-608 336
-552 308
-580 310
-616 322
-600 322
-608 322
-624 328
-596 320
-552 316
-496 288
-516 296
-548 294
-536 300
-560 294
-536 270
-548 278
-528 272
-528 260
-548 284
-496 258
-532 266
-564 282
-572 294
-628 324
-564 314
-592 322
-604 314
-580 310
-584 312
-640 332
-616 312
-592 316
-588 318
-568 320
-572 316
-592 314
-588 316
-588 316
-596 310
-552 278
-540 282
-572 310
-576 318
-620 328
-572 310
-660 334
-660 334
-596 332
-624 340
-676 364
-700 370
-632 340
-608 326
-632 344
-656 352
-688 358
-664 358
-676 362
-728 376
-668 354
-648 352
-584 334
-604 336
-640 334
-632 328
-664 346
-600 318
-640 324
-612 326
-604 326
-652 318
-600 298
-604 300
-648 320
-636 330
-656 354
-644 354
-592 314
-580 310
-588 306
-592 310
-580 288
-548 280
-612 316
-556 298
-516 292
-584 318
-584 320
-572 306
-576 292
-548 294
-568 310
-576 312
-604 308
-580 304
-600 318
-608 330
-612 324
-648 328
-604 326
-604 320
-580 290
-616 326
-580 302
-588 298
-596 302
-616 326
-644 336
-640 330
-636 328
-612 320
-616 314
-620 304
-628 304
-624 308
-628 310
-656 326
-616 322
-604 330
-608 330
-572 320
-596 304
-636 336
-612 320
-628 328
-608 340
-628 326
-588 312
-560 280
-540 262
-540 250
-512 254
-556 278
-548 268
-600 280
-584 292
-620 300
-636 296
-652 310
-632 306
-596 304
-612 292
-640 286
-640 280
-568 278
-604 280
-588 270
-576 252
-544 218
-588 232
-560 222
-552 220
-584 256
-564 254
-548 236
-628 246
-600 230
-616 232
-640 248
-616 238
-572 228
-548 224
-536 220
-536 194
-500 208
-516 210
-540 224
-552 200
-540 204
-596 234
-604 246
-572 246
-568 240
-608 230
-572 212
-572 224
-564 230
-588 248
-560 246
-564 242
-576 244
-544 226
-592 244
-560 244
-560 248
-568 262
-560 242
-576 222
-568 234
-600 260
-560 268
-580 274
-516 264
-544 278
-548 270
-616 268
-588 270
-608 276
-552 230
-552 264
-600 282
-544 280
-556 284
-608 272
-576 254
-568 284
-596 314
-636 324
-600 318
-580 306
-572 310
-600 338
-596 324
-576 326
-668 354
-672 348
-628 340
-652 336
-608 330
-596 318
-636 332
-596 308
-580 304
-636 320
-652 314
-608 322
-628 328
-652 336
-648 344
-596 326
-636 338
-680 360
-676 354
-640 342
-656 354
-632 344
-620 338
-612 334
-616 326
-664 362
-624 348
-632 342
-656 350
-640 348
-608 340
-612 340
-632 338
-628 334
-600 330
-572 314
-540 310
-632 318
-596 304
-580 282
-568 280
-632 308
-616 308
-608 306
-528 264
-528 278
-540 288
-516 292
-588 320
-580 322
-632 336
-632 338
-616 338
-664 358
-640 344
-632 346
-652 332
-612 328
-616 310
-540 304
-576 314
-576 292
-588 300
-612 314
-632 316
-584 262
-604 280
-624 290
-632 276
-604 284
-532 248
-512 236
-516 230
-488 228
-464 212
-480 198
-552 232
-524 214
-548 206
-552 194
-540 182
-504 176
-532 186
-548 200
-528 232
-532 246
-544 276
-540 278
-544 274
-596 280
-616 296
-616 304
-596 294
-560 282
-592 304
-600 320
-640 332
-644 346
-652 350
-664 360
-684 360
-692 366
-684 368
-684 364
-648 352
-628 350
-672 362
-604 330
-676 362
-648 354
-688 362
-652 352
-684 364
-704 370
-640 346
-684 362
-680 364
-688 362
-636 352
-672 360
-672 354
-652 356
-636 348
-632 348
-644 348
-676 354
-672 358
-604 336
-596 318
-576 314
-584 332
-624 348
-672 360
-652 354
-664 354
-592 320
-636 338
-552 298
-560 310
-564 308
-540 310
-568 312
-580 322
-580 316
-616 306
-628 304
-604 284
-564 288
-584 304
-564 292
-548 276
-540 256
-520 244
-448 228
-504 204
-496 208
-508 232
-488 244
-552 276
-564 296
-624 310
-620 310
-572 304
-588 318
-604 326
-596 308
-620 338
-636 338
-660 336
-640 346
-692 362
-644 344
-688 362
-636 326
-656 356
-628 344
-632 342
-624 342
-664 354
-668 364
-640 350
-704 364
-656 346
-620 340
-624 340
-620 342
-640 330
-648 334
-604 310
-616 310
-620 316
-596 294
-560 278
-572 272
-560 300
-584 298
-516 274
-532 286
-532 280
-540 282
-528 288
-516 274
-592 306
-568 292
-568 302
-576 302
-596 300
-556 278
-580 308
-632 322
-620 332
-636 340
-636 336
-648 338
-596 318
-616 312
-596 320
-600 328
-644 346
-648 348
-644 346
-672 360
-716 374
-700 368
-668 356
-660 352
-644 354
-632 344
-656 344
-680 354
-604 330
-640 344
-612 326
-624 334
-620 328
-648 336
-592 308
-584 304
-604 306
-672 324
-624 312
-620 318
-644 310
-660 328
-628 320
-612 330
-580 332
-636 346
-640 350
-636 344
-628 340
-568 314
-604 328
-576 308
-584 288
-544 274
-600 292
-604 296
-572 284
-588 298
-612 302
-604 302
-552 292
-628 322
-644 326
-652 342
-648 346
-688 352
-676 350
-672 356
-640 352
-692 368
-672 364
-696 370
-660 354
-688 368
-676 362
-688 364
-696 364
-696 370
-660 356
-688 364
-676 360
-676 364
-664 356
-676 364
-688 362
-664 362
-688 368
-616 332
-624 318
-580 296
-588 316
-628 340
-664 360
-660 356
-668 364
-692 370
-692 366
-608 344
-664 362
-676 360
-640 350
-660 348
-628 350
-672 366
-676 362
-644 350
-632 348
-656 352
-632 342
-656 344
-712 374
-700 374
-676 358
-648 350
-680 362
-648 356
-596 334
-600 330
-604 338
-680 354
-640 344
-656 342
-664 352
-668 358
-644 346
-692 358
-672 352
-616 344
-640 348
-620 334
-604 328
-572 318
-588 326
-584 322
-636 334
-652 346
-660 358
-728 380
-636 346
-608 336
-620 346
-588 322
-636 334
-632 336
-640 348
-652 348
-632 332
-600 326
-592 324
-568 314
-572 324
-584 330
-612 338
-608 336
-568 318
-560 314
-616 334
-608 326
-612 332
-600 318
-604 326
-660 340
-648 352
-680 360
-632 338
-624 332
-588 308
-552 306
-556 314
-576 324
-612 336
-640 346
-580 316
-584 322
-632 346
-628 342
-604 318
-612 318
-608 330
-676 356
-640 346
-648 354
-604 332
-632 340
-596 334
-588 338
-632 350
-612 336
-616 334
-592 326
-588 320
-644 336
-596 320
-600 334
-600 324
-568 308
-544 296
-576 304
-584 298
-560 292
-580 308
-608 326
-640 332
-620 316
-584 310
-588 328
-628 336
-604 330
-652 346
-628 336
-648 342
-612 310
-576 298
-580 310
-552 292
-604 312
-624 328
-624 320
-600 306
-596 308
-588 320
-560 292
-572 296
-596 320
-600 320
-568 304
-564 292
-572 316
-576 318
-608 328
-628 342
