14 11
-266 121
-318 129
-334 149
-350 159
-334 159
-358 171
-322 171
-302 161
-306 165
-334 185
-354 199
-402 211
-370 199
-374 199
-386 201
-346 191
-334 175
-318 167
-314 153
-330 157
-330 147
-350 141
-322 127
-302 131
-306 131
-326 145
-318 143
-330 157
-358 163
-362 159
-334 159
-302 147
-334 153
-310 155
-274 125
-274 135
-306 141
-290 137
-286 133
-246 107
-270 107
-250 109
-306 137
-314 131
-306 127
-310 143
-298 149
-346 159
-338 157
-314 147
-318 147
-334 173
-306 157
-314 181
-334 181
-370 197
-354 191
-366 187
-338 175
-354 179
-338 179
-338 177
-346 175
-342 179
-346 177
-290 169
-302 151
-322 161
-306 169
-314 155
-326 159
-354 181
-366 185
-362 187
-398 209
-382 205
-354 195
-346 193
-362 201
-358 197
-346 189
-354 187
-382 197
-342 191
-362 197
-362 197
-386 203
-318 185
-354 187
-394 199
-394 199
-338 179
-346 179
-326 169
-366 191
-346 181
-326 179
-374 201
-362 189
-326 177
-342 185
-346 191
-322 183
-366 197
-354 189
-330 185
-398 209
-374 199
-354 191
-306 155
-310 171
-342 173
-346 185
-330 181
-334 183
-378 197
-398 205
-378 197
-350 193
-374 199
-358 197
-362 197
-382 199
-342 191
-354 191
-354 185
-310 177
-338 177
-330 171
-314 165
-366 195
-362 195
-354 183
-390 195
-394 201
-386 195
-390 193
-326 189
-350 193
-342 185
-314 171
-326 177
-346 191
-314 171
-306 161
-326 169
-338 189
-370 191
-314 173
-314 163
-306 153
-318 175
-342 163
-322 163
-366 187
-334 175
-366 185
-346 179
-318 171
-310 163
-298 165
-346 189
-338 175
-374 195
-354 181
-346 177
-350 189
-378 185
-342 173
-298 149
-314 169
-338 179
-314 177
-354 189
-326 189
-342 185
-314 173
-230 127
-274 133
-302 145
-274 133
-274 155
-298 171
-350 187
-358 183
-358 183
-366 193
-370 197
-370 195
-398 207
-362 199
-358 193
-330 185
-378 201
-334 181
-298 169
-318 169
-314 155
-294 163
-278 139
-302 157
-306 171
-334 177
-318 169
-350 191
-342 195
-382 207
-406 213
-366 193
-386 207
-362 195
-354 195
-366 195
-350 191
-398 201
-390 203
-382 203
-322 185
-362 191
-342 183
-394 203
-346 183
-314 179
-374 203
-390 207
-366 201
-338 195
-270 159
-262 139
-278 151
-330 149
-294 141
-274 107
-286 103
-318 109
-278 101
-274 75
-310 83
-322 85
-314 87
-310 93
-266 65
-282 63
-278 51
-254 51
-262 81
-254 69
-258 67
-282 79
-310 101
-294 97
-286 91
-290 93
-294 103
-306 79
-306 79
-290 89
-254 87
-230 81
-250 89
-282 81
-322 87
-310 81
-290 91
-290 81
-310 85
-290 89
-274 99
-282 115
-278 121
-234 121
-278 129
-270 123
-270 117
-238 97
-262 91
-282 83
-314 81
-274 71
-254 49
-222 33
-210 23
-218 31
-258 49
-266 51
-282 31
-290 33
-294 39
-294 13
-278 25
-254 3
-294 23
-286 27
-270 13
-278 21
-278 11
-270 19
-286 13
-254 35
-258 27
-266 41
-250 21
-274 47
-302 51
-290 55
-306 27
-302 41
-282 51
-274 43
-294 35
-290 33
-294 47
-246 61
-250 81
-250 97
-238 97
-238 121
-262 101
-258 111
-290 113
-314 113
-286 107
-270 79
-278 75
-302 71
-310 97
-290 105
-306 127
-334 131
-338 147
-322 139
-302 127
-294 101
-258 95
-274 83
-266 107
-278 115
-246 105
-258 121
-266 101
-298 121
-274 105
-274 117
-306 159
-310 131
-310 141
-294 131
-322 133
-290 129
-290 129
-286 135
-314 151
-322 153
-314 135
-314 149
-266 137
-266 149
-274 129
-254 139
-314 147
-302 139
-334 159
-302 153
-334 163
-326 167
-330 181
-366 197
-350 197
-386 205
-374 203
-374 203
-390 209
-374 201
-310 179
-326 175
-326 175
-322 165
-330 167
-338 177
-330 165
-350 173
-330 171
-310 177
-330 181
-338 187
-342 185
-310 167
-318 175
-322 167
-362 191
-330 181
-314 181
-310 161
-294 151
-314 177
-302 179
-334 183
-342 185
-350 185
-338 177
-350 171
-342 181
-338 171
-342 173
-350 175
-334 163
-326 169
-294 147
-258 125
-266 95
-282 109
-290 105
-302 111
-286 77
-258 75
-266 59
-270 67
-250 85
-274 105
-282 119
-274 123
-270 131
-290 129
-298 145
-270 147
-286 155
-334 185
-342 185
-350 197
-326 187
-306 165
-322 157
-298 147
-306 151
-302 153
-318 151
-338 173
-366 193
-370 195
-338 179
-358 191
-386 203
-374 201
-354 189
-322 179
-366 185
-326 169
-342 179
-322 173
-310 167
-290 147
-338 153
-322 159
-350 169
-350 191
-354 177
-342 169
-294 157
-334 173
-358 177
-354 175
-362 183
-322 175
-322 161
-310 177
-338 185
-370 189
-382 201
-398 203
-362 195
-366 199
-390 209
-390 209
-378 203
-398 207
-378 201
-386 199
-378 203
-414 215
-418 217
-406 211
-378 203
-350 193
-314 173
-342 189
-318 167
-334 177
-370 187
-334 185
-358 185
-386 197
-402 211
-402 213
-418 217
-382 203
-394 209
-410 213
-410 215
-370 197
-394 207
-374 203
-350 185
-330 181
-282 153
-318 163
-302 149
-330 155
-302 151
-298 141
-310 139
-302 139
-322 149
-290 151
-286 147
-286 135
-294 137
-262 131
-286 149
-314 153
-330 171
-366 183
-362 185
-366 193
-342 185
-354 195
-366 201
-402 209
-386 205
-346 189
-342 189
-386 197
-330 185
-346 191
-354 189
-382 199
-378 199
-334 191
-354 197
-370 195
-358 197
-346 193
-358 195
-354 195
-366 203
-378 203
-390 207
-410 215
-414 215
-362 195
-358 197
-374 203
-398 211
-382 203
-386 207
-346 185
-366 197
-386 205
-378 201
-354 197
-358 195
-334 183
-374 199
-334 191
-330 183
-350 189
-338 183
-338 181
-322 155
-346 173
-310 163
-330 177
-318 165
-322 155
-330 157
-350 167
-334 169
-362 193
-378 203
-402 213
-430 219
-418 217
-406 207
-366 195
-354 187
-342 183
-278 161
-322 169
-358 183
-302 155
-294 147
-286 149
-282 133
-286 127
-282 133
-290 153
-306 151
-298 149
-290 139
-282 125
-302 119
-274 119
-242 103
-234 111
-238 105
-262 129
-270 101
-266 107
-298 111
-282 129
-302 137
-294 129
-294 127
-306 133
-326 139
-306 141
-318 137
-302 141
-302 157
-298 151
-302 143
-286 147
-306 155
-370 191
-350 185
-358 187
-322 161
-322 167
-334 191
-350 193
-326 179
-342 183
-310 167
-338 171
-358 181
-338 163
-318 145
-290 139
-310 137
-358 141
-350 129
-330 115
-346 133
-306 113
-318 125
-326 131
-346 143
-342 117
-330 121
-334 125
-326 133
-342 143
-322 127
-294 117
-334 143
-302 145
-278 141
-290 149
-278 139
-330 169
-322 175
-350 181
-346 191
-318 177
-310 161
-318 171
-350 191
-366 201
-382 201
-358 199
-378 199
-362 189
-354 189
-346 191
-370 201
-382 205
-362 197
-402 211
-382 205
-338 193
-390 203
-386 205
-382 205
-390 209
-390 209
-370 197
-350 195
-342 185
-342 181
-338 187
-334 179
-330 177
-338 177
-370 181
-378 179
-354 177
-346 179
-350 173
-318 169
-334 183
-390 203
-358 197
-326 181
-310 171
-270 153
-322 173
-310 163
-294 153
-278 151
-270 131
-306 149
-314 149
-318 167
-302 163
-338 183
-342 177
-350 177
-306 153
-282 151
-302 165
-326 171
-278 163
-342 185
-386 203
-354 185
-306 163
-302 163
-314 183
-354 185
-338 183
-378 203
-378 203
-386 207
-418 217
-386 209
-402 213
-418 217
-402 211
-418 215
-398 211
-370 201
-378 203
-378 203
-378 207
-366 203
-354 201
-370 201
-370 201
-362 201
-298 175
-350 189
-322 165
-350 191
-346 183
-318 173
-346 189
-294 157
-266 147
-270 145
-310 145
-326 155
-338 145
-314 143
-306 145
-326 169
-354 187
-346 193
-394 207
-426 219
-426 219
-386 207
-402 213
-398 211
-374 203
-366 193
-362 189
-410 213
-394 205
-350 187
-350 191
-410 213
-398 211
-366 199
-358 199
-354 197
-362 201
-346 197
-350 191
-382 201
-334 187
-358 195
-346 187
-370 195
-330 187
-358 191
-374 203
-378 205
-354 185
-354 185
-366 191
-378 203
-374 203
-354 193
-374 205
-358 195
-350 185
-342 183
-338 175
-322 161
-310 151
-350 171
-330 171
-350 183
-338 185
-362 197
-406 213
-370 201
-346 189
-370 203
-398 211
-414 215
-398 211
-362 199
-398 205
-390 207
-390 205
-366 195
-350 185
-330 173
-326 175
-350 193
-342 187
-358 193
-358 193
-366 199
-346 195
-354 197
-334 189
-342 183
-350 179
-338 185
-286 155
-298 155
-302 155
-310 159
-342 169
-322 169
-334 157
-338 153
-338 159
-330 163
-334 165
-358 175
-310 163
-338 171
-358 183
-330 167
-346 173
-342 153
-306 145
-310 147
-298 155
-338 171
-314 165
-318 167
-330 169
-342 165
-338 159
-346 161
-366 161
-342 159
-330 147
-290 137
-294 129
-298 119
-322 141
-374 161
-382 195
-342 177
-370 193
-362 185
-378 203
-402 211
-406 211
-362 189
-298 165
-362 187
-370 193
-378 203
-394 207
-442 223
-374 203
-358 197
-358 197
-350 191
-322 169
-334 185
-318 177
-334 183
-370 201
-366 201
-326 173
-370 189
-338 185
-342 191
-370 205
-338 185
-330 181
-350 191
-358 193
-350 189
-342 187
-378 203
-354 185
-362 193
-382 205
-350 195
-366 199
-326 169
-338 171
-358 195
-366 197
-322 183
-334 191
-382 205
-378 199
-366 197
-358 197
-358 197
-374 197
-354 183
-334 177
-350 173
-318 171
-310 163
-330 175
-318 175
-318 157
-294 137
-334 167
-326 155
-334 147
-302 149
-282 137
-294 153
-310 155
-322 167
-350 175
-354 185
-330 177
-282 149
-322 173
-334 183
-366 201
-338 185
-326 169
-330 171
-330 183
-314 175
-274 161
-294 161
-362 179
-370 183
-382 197
-402 205
-358 191
-370 199
-350 191
-322 189
-338 191
-334 183
-390 197
-386 203
-326 185
-342 181
-290 157
-302 167
-302 171
-326 171
-350 187
-334 185
-346 189
-370 183
-346 185
-350 183
-358 193
-346 187
-346 181
-350 185
-370 195
-354 193
-402 213
-398 207
-386 209
-410 211
-378 201
-394 201
-378 199
-382 203
-378 195
-366 201
-354 195
-330 185
-286 159
-326 173
-330 169
-362 169
-326 165
-342 173
-318 143
-334 153
-294 153
-318 165
-290 153
-278 127
-298 107
-246 83
-238 59
-266 53
-250 53
-246 47
-230 43
-274 59
-278 41
-238 51
-246 77
-226 79
-210 63
-234 51
-310 69
-298 61
-286 51
-258 13
-230 11
-186 9
-206 11
-230 21
-282 43
-290 43
-306 47
-262 31
-282 39
-302 49
-278 25
-226 33
-242 29
-238 19
-254 7
-262 11
-270 11
-242 1
-258 3
-282 29
-242 39
-226 43
-286 77
-306 89
-286 73
-262 75
-246 79
-294 85
-286 91
-290 87
-322 113
-318 111
-306 107
-290 87
-286 81
-310 97
-266 79
-282 75
-262 75
-274 55
-274 37
-246 53
-230 33
-238 49
-222 53
-242 39
-246 35
-250 33
-250 27
-270 3
-282 15
-290 15
-278 33
-282 23
-254 15
-294 11
-282 21
-270 43
-238 43
-246 29
-226 13
-214 1
-222 7
-198 33
-222 23
-242 7
-238 9
-258 5
-270 25
-194 43
-218 55
-270 93
-274 73
-286 95
-254 73
-290 89
-258 63
-246 69
-266 75
-282 91
-266 71
-242 79
-234 69
-214 63
-250 53
-262 49
-246 61
-282 77
-258 63
-242 75
-242 71
-254 87
-250 91
-262 109
-266 117
-306 137
-314 135
-326 151
-294 153
-278 143
-302 143
-274 149
-262 133
-278 131
-278 123
-294 131
-262 137
-306 155
-298 153
-286 153
-310 167
-346 181
-298 165
-334 173
-342 169
-350 183
-314 177
-350 189
-326 185
-306 171
-350 189
-346 187
-342 187
-370 181
-358 183
-358 177
-350 165
-350 167
-338 177
-338 173
-338 179
-330 175
-330 185
-322 183
-354 195
-382 199
-350 191
-338 187
-370 197
-362 191
-326 175
-386 201
-402 201
-378 195
-398 203
-378 199
-338 189
-322 177
-374 195
-334 189
-342 187
-350 193
-362 195
-326 189
-314 173
-366 193
-354 191
-306 175
-306 163
-326 173
-302 161
-302 169
-330 179
-346 187
-330 171
-306 165
-378 191
-362 191
-358 195
-326 185
-330 177
-326 175
-322 173
-338 183
-314 173
-314 175
-250 147
-290 163
-298 159
-318 163
-330 177
-322 163
-330 169
-390 195
-358 183
-322 165
-266 153
-282 141
-290 125
-302 133
-318 129
-338 141
-318 143
-326 147
-334 157
-330 157
-326 139
-298 117
-266 115
-266 117
-270 111
-286 141
-282 143
-258 143
-282 147
-338 189
-386 203
-378 207
-402 211
-398 211
-398 203
-378 205
-362 197
-326 181
-342 179
-342 189
-374 197
-390 205
-382 203
-358 195
-362 199
-402 211
-382 205
-394 209
-406 213
-398 209
-394 207
-406 207
-386 203
-370 191
-354 191
-318 161
-358 193
-374 193
-386 197
-390 201
-362 187
-378 201
-358 195
-366 193
-370 191
-390 209
-374 203
-346 189
-386 203
-362 197
-374 201
-342 193
-394 209
-358 197
-362 197
-354 195
-350 193
-378 197
-386 201
-338 183
-366 199
-382 197
-342 181
-358 187
-362 197
-358 191
-366 193
-342 191
-378 203
-366 199
-322 183
-330 181
-342 185
-362 197
-374 197
-366 193
-338 183
-314 183
-306 177
-298 169
-298 173
-338 189
-378 199
-394 201
-374 203
-354 193
-334 183
-362 193
-382 201
-358 191
-402 205
-362 199
-346 193
-358 195
-366 201
-350 193
-370 195
-362 193
-318 183
-350 187
-326 175
-354 189
-338 179
-334 169
-322 157
-298 147
-298 145
-270 141
-286 137
-306 159
-322 151
-310 135
-326 147
-322 139
-326 153
-310 159
-310 171
-358 175
-374 197
-310 183
-318 187
-314 173
-326 169
-322 159
-350 171
-318 161
-334 177
-342 189
-374 193
-342 189
-350 189
-350 187
-350 185
-338 179
-350 181
-362 183
-366 191
-342 189
-322 173
-302 157
-282 157
-274 165
-306 163
-310 163
-318 161
-354 179
-334 173
-330 175
-318 175
-338 179
-326 169
-322 169
-318 169
-334 179
-346 191
-334 183
-366 191
-362 191
-386 203
-394 205
-370 199
-358 183
-378 199
-346 191
-358 185
-354 193
-350 197
-386 207
-386 203
-338 183
-406 211
-358 195
-322 187
-362 183
-386 191
-362 189
-354 193
-354 189
-370 197
-398 211
-362 199
-390 205
-366 195
-306 173
-322 173
-322 163
-330 163
-354 181
-306 171
-314 177
-322 185
-322 183
-366 197
-374 203
-370 203
-346 189
-374 203
-354 195
-358 199
-366 201
-394 209
-402 211
-378 205
-414 215
-402 213
-406 213
-410 215
-390 205
-414 215
-402 211
-398 209
-398 211
-382 201
-370 199
-382 207
-402 213
-386 207
-354 191
-298 173
-314 175
-294 153
-306 143
-278 147
-254 143
-266 145
-302 151
-342 171
-354 167
-322 169
-314 171
-374 185
-366 187
-342 177
-350 187
-334 189
-374 197
-374 201
-358 193
-366 201
-370 199
-374 203
-354 199
-350 191
-390 209
-370 203
-398 211
-398 205
-350 191
-310 173
-314 181
-282 161
-298 171
-318 165
-298 149
-270 141
-310 147
-298 139
-310 133
-298 137
-318 133
-318 131
-286 115
-230 113
-262 119
-326 151
-298 155
-354 169
-334 175
-342 191
-358 199
-386 205
-390 209
-366 201
-398 211
-386 203
-350 183
-362 191
-346 183
-298 157
-322 153
-286 151
-294 167
-306 161
-306 157
-330 161
-322 145
-322 145
-342 151
-302 137
-310 133
-334 145
-326 141
-354 125
-322 103
-278 93
-298 75
-286 109
-318 119
-310 123
-318 127
-326 143
-314 131
-314 147
-314 163
-306 141
-318 159
-338 175
-338 171
-346 175
-330 185
-346 181
-350 185
-406 205
-390 203
-362 199
-362 199
-358 191
-346 189
-398 203
-394 197
-398 195
-362 189
-370 197
-398 209
-346 195
-398 209
-382 203
-378 207
-370 201
-326 189
-306 175
-294 169
-330 167
-334 185
-318 179
-322 179
-314 173
-350 193
-374 195
-362 195
-346 185
-322 169
-310 175
-290 155
-298 153
-338 189
-366 191
-314 175
-306 173
-298 167
-294 153
-330 161
-342 175
-350 175
-346 177
-326 157
-318 163
-326 177
-294 163
-294 149
-306 153
-310 173
-358 187
-338 173
-338 185
-330 175
-310 163
-314 169
-326 179
-338 173
-350 169
-342 181
-342 183
-370 189
-326 179
-322 181
-370 187
-358 179
-342 181
-326 169
-346 185
-362 193
-346 179
-362 175
-358 183
-334 167
-342 171
-338 187
-358 193
-354 197
-334 181
-394 207
-398 209
-370 199
-366 195
-354 187
-370 199
-398 205
-402 205
-362 193
-346 191
-326 183
-314 179
-350 189
-306 167
-298 169
-338 189
-318 181
-338 187
-370 195
-370 195
-398 211
-382 205
-374 201
-386 207
-382 207
-366 203
-370 201
-410 213
-378 201
-370 201
-386 207
-358 197
-362 201
-342 189
-338 181
-342 189
-338 191
-350 187
-370 193
-354 193
-338 193
-334 193
-326 187
-306 175
-326 181
-354 185
-394 203
-398 209
-398 203
-362 187
-370 197
-390 207
-398 211
-374 205
-378 203
-298 169
-318 169
-330 173
-318 169
-302 167
-334 177
-298 175
-366 187
-362 185
-334 179
-338 177
-358 191
-358 185
-326 179
-330 183
-350 191
-394 209
-374 203
-354 189
-338 181
-346 193
-358 193
-358 193
-306 183
-278 161
-310 171
-286 155
-298 163
-298 159
-310 159
-350 177
-362 183
-354 187
-386 201
-374 199
-342 189
-382 203
-394 209
-390 207
-386 209
-378 197
-370 201
-362 195
-370 195
-390 199
-322 183
-342 191
-370 199
-394 207
-398 211
-398 205
-398 211
-386 205
-370 197
-346 181
-358 191
-346 191
-358 195
-390 205
-378 195
-370 199
-346 193
-358 197
-366 197
-350 193
-306 177
-382 201
-342 189
-350 181
-346 181
-322 179
-342 191
-350 185
-342 193
-350 195
-346 183
-322 159
-326 159
-334 181
-370 197
-378 197
-366 181
-374 197
-362 185
-386 205
-374 201
-370 199
-386 205
-378 199
-378 201
-346 187
-374 199
-394 209
-354 191
-350 191
-358 197
-322 183
-350 193
-378 203
-366 203
-358 201
-398 209
-398 211
-418 217
-398 211
-374 205
-358 197
-362 189
-370 199
-358 197
-346 189
-374 197
-338 177
-330 157
-358 177
-318 155
-290 139
-322 155
-306 147
-330 157
-338 165
-362 175
-338 171
-310 165
-294 145
-282 137
-286 131
-298 135
-310 147
-274 133
-246 99
-270 105
-234 127
-254 127
-266 113
-282 117
-310 133
-298 143
-310 147
-302 133
-302 119
-298 137
-278 149
-270 143
-286 157
-306 155
-330 163
-294 163
-318 153
-302 149
-282 159
-278 143
-290 151
-338 159
-358 171
-362 177
-346 181
-326 175
-302 161
-306 155
-298 165
-334 167
-258 145
-314 141
-334 149
-318 151
-342 153
-314 141
-322 149
-346 165
-342 159
-314 163
-314 133
-322 143
-294 127
-262 119
-286 119
-290 145
-298 155
-302 149
-314 151
-302 145
-350 171
-350 169
-342 175
-338 169
-326 169
-350 181
-334 183
-326 161
-314 169
-322 167
-350 181
-350 173
-382 187
-330 163
-298 159
-306 149
-318 153
-270 139
-306 149
-286 151
-314 153
-346 185
-362 189
-354 181
-374 193
-354 183
-338 185
-346 177
-370 185
-358 191
-358 193
-338 187
-378 201
-386 203
-374 203
-366 201
-390 207
-406 211
-382 205
-370 197
-338 179
-342 185
-362 197
-354 197
-350 193
-350 191
-382 205
-398 211
-378 203
-370 203
-330 177
-346 173
-350 173
-326 169
-334 175
-306 175
-326 175
-366 189
-390 193
-350 175
-350 173
-354 173
-342 169
-338 167
-346 151
-298 149
-310 135
-342 159
-318 159
-290 161
-298 147
-266 131
-278 121
-290 127
-290 135
-294 131
-310 123
-306 125
-294 123
-246 107
-270 111
-266 119
-290 111
-270 117
-270 115
-270 105
-274 133
-290 149
-318 159
-278 127
-290 139
-294 135
-274 139
-266 131
-274 131
-286 135
-334 159
-322 165
-290 151
-274 133
-330 187
-378 193
-366 199
-366 191
-394 207
-410 215
-418 215
-414 215
-398 209
-366 201
-318 181
-338 173
-330 179
-314 169
-370 191
-334 177
-346 187
-374 199
-362 201
-342 189
-318 173
-358 193
-322 185
-326 175
-342 173
-338 175
-326 167
-326 177
-310 165
-350 181
-402 197
-346 177
-314 155
-314 153
-338 171
-346 173
-350 175
-326 179
-342 181
-346 189
-366 197
-354 193
-370 197
-362 191
-338 181
-322 181
-378 201
-354 183
-330 179
-314 179
-330 175
-342 181
-310 183
-286 161
-346 177
-354 173
-362 193
-366 197
-358 185
-338 173
-370 195
-370 195
-346 189
-366 191
-398 197
-370 195
-366 187
-354 197
-394 207
-330 185
-330 179
-298 175
-330 179
-366 199
-354 195
-354 191
-390 209
-382 203
-358 197
-362 197
-378 203
-394 209
-382 207
-366 201
-358 195
-370 193
-386 201
-378 199
-390 209
-334 191
-338 181
-354 187
-362 193
-342 181
-334 177
-318 175
-334 173
-362 189
-362 195
-366 199
-374 199
-382 197
-374 197
-402 205
-362 199
-330 185
-366 197
-334 185
-346 177
-382 191
-386 195
-394 209
-394 203
-358 189
-350 193
-338 185
-334 175
-298 157
-318 153
-290 113
-298 93
-286 99
-254 89
-278 107
-270 79
-274 87
-286 79
-274 73
-266 55
-266 41
-270 39
-286 49
-270 49
-282 51
-274 41
-266 65
-278 83
-266 69
-298 97
-302 105
-306 109
-306 119
-306 113
-298 125
-302 143
-314 149
-294 135
-330 167
-346 181
-338 165
-366 199
-378 203
-378 199
-378 203
-378 203
-358 193
-330 183
-358 189
-374 201
-410 209
-378 201
-366 201
-390 207
-358 199
-326 187
-366 199
-382 205
-318 181
-386 207
-370 203
-366 199
-358 195
-374 197
-370 189
-386 203
-390 205
-410 215
-390 201
-354 193
-346 187
-294 161
-310 167
-330 169
-294 163
-322 163
-322 175
-302 165
-302 165
-286 141
-302 157
-330 167
-314 167
-326 177
-374 181
-326 159
-298 143
-274 139
-254 101
-250 81
-250 73
-262 97
-290 121
-302 115
-274 105
-290 133
-302 129
-306 139
-294 131
-286 127
-274 113
-282 135
-294 135
-306 157
-302 147
-310 137
-306 129
-258 121
-294 129
-282 139
-266 151
-334 167
-326 157
-322 161
-346 171
-338 165
-326 157
-330 135
-318 133
-350 147
-342 133
-310 123
-314 143
-306 133
-342 131
-358 129
-326 115
-338 107
-326 115
-290 121
-306 101
-310 99
-274 91
-282 95
-286 111
-318 133
-314 127
-318 141
-330 135
-298 137
-306 153
-294 145
-326 183
-302 175
-322 167
-338 171
-310 165
-326 177
-346 191
-370 201
-322 181
-318 181
-326 175
-326 179
-326 177
-350 191
-354 189
-334 181
-322 165
-318 173
-350 187
-330 187
-362 197
-398 209
-366 197
-314 183
-330 187
-342 189
-330 185
-342 183
-330 177
-350 183
-310 169
-338 173
-322 163
-310 151
-322 157
-346 173
-318 159
-354 173
-374 171
-322 169
-330 169
-330 175
-330 163
-302 157
-306 161
-290 121
-302 137
-302 143
-338 151
-342 165
-338 183
-350 183
-366 195
-394 205
-394 207
-390 209
-318 175
-318 169
-294 153
-310 173
-334 177
-354 183
-402 207
-390 209
-338 189
-398 195
-390 195
-382 193
-318 173
-350 193
-362 199
-390 209
-374 203
-350 187
-346 193
-322 183
-322 181
-302 175
-310 183
-330 189
-346 191
-334 191
-354 193
-358 197
-350 193
-366 199
-350 191
-378 203
-362 197
-342 187
-354 195
-382 207
-398 211
-354 191
-326 177
-330 167
-346 163
-350 179
-318 177
-314 173
-346 181
-350 179
-370 187
-370 187
-358 197
-402 213
-386 207
-382 205
-370 197
-370 199
-398 209
-378 205
-358 193
-398 211
-406 213
-410 213
-418 215
-402 211
-386 195
-334 179
-358 193
-378 201
-370 189
-322 161
-354 165
-334 169
-342 177
-338 177
-318 161
-314 167
-302 167
-330 173
-286 155
-306 167
-326 149
-322 153
-326 143
-342 177
-362 177
-342 173
-354 171
-350 167
-350 159
-346 169
-370 181
-366 191
-338 189
-330 187
-318 183
-354 193
-362 195
-366 193
-398 199
-394 187
-370 179
-338 165
-330 157
-326 163
-298 157
-326 175
-326 171
-362 191
-370 193
-374 203
-386 205
-382 203
-322 183
-326 171
-310 163
-338 183
-358 195
-406 213
-406 213
-382 203
-394 209
-354 191
-358 195
-358 193
-318 177
-362 201
-362 197
-402 205
-398 209
-346 195
-382 205
-418 217
-382 201
-358 191
-366 195
-370 193
-370 199
-386 201
-398 211
-390 209
-386 207
-390 205
-390 201
-382 191
-410 205
-378 193
-338 175
-358 179
-322 169
-306 165
-298 159
-302 171
-330 157
-286 147
-326 155
-342 153
-354 169
-390 169
-346 175
-338 169
-338 165
-350 173
-334 175
-314 153
-318 145
-302 129
-286 139
-310 147
-286 145
-302 147
-266 119
-274 113
-294 131
-294 123
-290 133
-278 143
-326 153
-346 159
-334 169
-330 171
-330 173
-298 147
-290 143
-318 157
-322 163
-342 175
-358 181
-338 171
-342 187
-346 189
-382 203
-386 207
-382 203
-374 195
-374 195
-334 185
-326 183
-322 183
-346 189
-374 187
-354 189
-354 191
-362 199
-374 203
-378 199
-346 195
-342 187
-354 195
-350 193
-334 181
-322 173
-350 175
-390 197
-354 191
-338 187
-318 181
-346 189
-286 165
-326 179
-306 177
-346 187
-366 201
-386 207
-370 199
-366 197
-338 191
-342 195
-358 199
-402 213
-346 191
-354 191
-370 193
-374 203
-398 209
-362 201
-358 193
-330 181
-310 161
