-16 14
-220 36
-308 2
-312 10
-364 16
-328 42
-344 42
-408 70
-396 68
-436 58
-452 86
-412 84
-400 96
-420 114
-400 118
-404 150
-460 138
-444 112
-492 80
-512 72
-500 28
-512 6
-464 12
-456 4
-440 28
-460 24
-488 56
-512 78
-504 98
-492 102
-496 126
-464 130
-456 90
-460 92
-452 106
-460 108
-436 106
-420 96
-452 106
-444 166
-456 152
-436 142
-460 140
-472 114
-460 68
-460 76
-528 52
-528 78
-552 72
-548 94
-524 96
-460 76
-504 68
-516 58
-496 80
-512 82
-512 50
-480 40
-516 56
-484 74
-460 88
-460 64
-492 88
-440 72
-452 50
-420 30
-416 52
-408 58
-472 56
-504 26
-480 36
-440 60
-436 40
-464 8
-508 4
-512 18
-564 28
-528 46
-552 48
-504 32
-528 18
-520 4
-536 6
-528 16
-484 8
-464 10
-484 34
-468 50
-432 46
-424 34
-424 48
-464 72
-400 48
-420 14
-400 4
-400 10
-384 6
-400 44
-400 30
-412 26
-440 34
-400 44
-356 70
-384 60
-348 86
-408 96
-396 112
-440 122
-500 140
-472 108
-504 138
-524 136
-508 118
-520 120
-548 120
-512 114
-520 120
-488 158
-468 160
-472 124
-448 112
-456 100
-440 62
-440 32
-432 44
-416 64
-444 74
-460 66
-440 68
-444 70
-468 100
-520 116
-440 142
-448 116
-496 134
-460 126
-464 76
-480 94
-504 110
-476 114
-500 144
-444 106
-432 98
-388 74
-384 70
-384 92
-396 96
-428 64
-432 30
-440 46
-452 90
-448 82
-432 90
-448 98
-472 46
-480 90
-432 62
-532 60
-504 64
-496 80
-416 106
-488 102
-456 112
-452 134
-452 126
-432 146
-428 174
-456 152
-440 120
-452 124
-424 104
-444 86
-420 84
-400 106
-404 92
-428 96
-400 94
-424 76
-460 112
-460 104
-528 120
-488 94
-508 114
-480 110
-468 128
-440 122
-436 126
-460 150
-416 120
-484 140
-456 134
-476 146
-488 160
-484 162
-476 170
-464 156
-496 168
-460 182
-504 200
-524 196
-524 190
-548 216
-524 200
-488 182
-524 206
-492 188
-480 186
-460 132
-432 114
-460 106
-432 110
-444 112
-468 132
-448 128
-428 132
-456 126
-392 92
-448 98
-424 106
-408 86
-448 66
-436 36
-480 44
-496 58
-452 54
-428 68
-476 58
-404 58
-436 82
-460 120
-476 138
-480 106
-444 118
-444 114
-472 136
-436 140
-436 132
-476 132
-476 136
-476 132
-496 126
-476 128
-520 138
-548 140
-480 148
-472 172
-464 196
-504 218
-516 212
-492 194
-452 124
-440 130
-472 154
-496 152
-512 158
-544 188
-492 180
-416 156
-436 158
-432 170
-416 188
-456 194
-488 198
-528 210
-544 238
-488 214
-512 220
-532 230
-548 224
-528 222
-576 242
-548 218
-540 216
-536 212
-516 218
-456 208
-496 222
-480 196
-496 208
-496 198
-500 182
-556 222
-564 228
-532 228
-516 216
-520 210
-476 198
-532 214
-536 220
-496 184
-484 156
-488 184
-476 174
-476 140
-496 142
-496 174
-528 206
-524 204
-560 206
-528 196
-508 168
-516 174
-556 178
-548 202
-520 178
-524 204
-484 178
-508 168
-512 168
-532 198
-560 182
-520 144
-532 132
-440 144
-488 180
-520 156
-524 154
-432 130
-432 122
-436 90
-452 88
-476 66
-476 84
-516 94
-440 68
-468 100
-468 126
-444 100
-388 56
-436 96
-388 82
-412 78
-460 104
-480 100
-448 110
-448 138
-444 148
-432 108
-420 120
-384 114
-416 154
-468 188
-428 180
-436 194
-476 190
-452 194
-464 214
-432 206
-468 220
-460 218
-460 242
-472 230
-496 214
-464 188
-460 220
-508 238
-528 244
-524 228
-468 216
-528 228
-524 238
-476 236
-484 242
-504 240
-528 250
-520 230
-512 206
-544 220
-516 238
-528 216
-488 208
-472 184
-484 160
-476 132
-436 98
-488 150
-496 156
-508 150
-512 164
-520 132
-536 118
-420 84
-480 86
-468 70
-500 26
-444 20
-448 10
-460 2
-428 4
-452 32
-464 34
-448 8
-424 18
-364 14
-404 38
-376 44
-484 62
-516 64
-444 64
-424 46
-416 50
-396 56
-408 64
-432 36
-368 84
-448 110
-444 70
-440 90
-392 66
-428 94
-424 118
-472 92
-464 104
-468 82
-440 86
-408 76
-368 20
-436 8
-444 16
-444 6
-424 20
-416 22
-388 14
-460 4
-428 10
-416 2
-412 36
-416 14
-420 4
-408 26
-412 32
-420 30
-404 28
-384 48
-368 70
-360 50
-468 26
-488 26
-488 40
-468 28
-492 34
-484 52
-456 34
-440 8
-452 48
-444 38
-452 46
-440 52
-468 46
-428 58
-380 26
-400 30
-392 16
-388 42
-384 62
-384 38
-440 86
-472 92
-436 100
-488 104
-464 130
-516 194
-504 178
-524 170
-428 168
-496 174
-500 174
-472 170
-368 150
-392 104
-440 110
-460 116
-452 122
-432 112
-452 136
-412 120
-392 130
-428 138
-400 148
-412 116
-404 104
-412 128
-444 104
-428 112
-400 90
-424 144
-392 154
-448 166
-436 176
-500 182
-492 176
-516 210
-528 232
-496 214
-516 228
-456 222
-508 252
-472 242
-504 250
-568 268
-532 250
-548 258
-568 274
-544 246
-524 260
-524 276
-536 284
-532 290
-512 292
-496 284
-584 328
-580 330
-620 344
-644 340
-620 332
-632 338
-676 342
-640 348
-588 324
-568 298
-568 306
-604 322
-572 296
-520 292
-548 306
-528 296
-564 312
-548 278
-556 274
-456 224
-544 266
-512 266
-504 236
-472 242
-472 252
-468 240
-468 242
-536 252
-528 256
-584 292
-592 298
-584 290
-572 306
-544 298
-540 264
-532 260
-540 266
-572 278
-600 306
-564 290
-556 306
-600 328
-584 314
-556 300
-572 308
-576 316
-564 306
-564 294
-516 292
-512 274
-548 276
-528 248
-548 284
-556 294
-556 286
-520 242
-564 278
-544 272
-568 288
-520 264
-496 258
-504 248
-540 290
-548 292
-524 274
-528 250
-468 228
-520 250
-520 248
-492 246
-476 224
-456 224
-468 202
-504 208
-528 256
-532 270
-504 276
-508 268
-484 254
-504 240
-536 228
-556 228
-528 206
-568 194
-544 164
-580 178
-540 190
-552 216
-544 184
-516 178
-472 152
-508 174
-500 150
-472 140
-448 110
-400 124
-348 120
-404 122
-444 128
-444 100
-452 116
-460 140
-520 138
-460 146
-504 168
-464 166
-488 178
-520 168
-492 152
-500 134
-492 124
-420 92
-448 112
-408 122
-416 132
-440 160
-464 148
-456 130
-488 146
-512 128
-512 136
-492 102
-468 124
-444 124
-440 120
-380 80
-404 60
-460 80
-504 108
-508 80
-436 38
-508 84
-492 88
-500 76
-480 64
-472 74
-484 70
-416 64
-424 84
-420 78
-456 86
-436 80
-496 96
-508 82
-524 128
-480 148
-484 116
-456 110
-448 112
-460 154
-452 144
-476 142
-492 152
-496 156
-484 170
-492 166
-548 156
-532 190
-492 172
-504 182
-484 168
-464 148
-472 128
-488 180
-508 194
-484 204
-504 188
-460 170
-448 162
-440 138
-440 118
-480 142
-460 180
-448 202
-480 180
-452 160
-448 176
-444 152
-440 150
-416 116
-400 80
-400 78
-400 24
-412 24
-420 8
-468 6
-436 18
-388 50
-400 68
-460 54
-432 34
-392 38
-480 6
-452 20
-436 40
-456 42
-424 36
-388 8
-424 6
-440 18
-388 26
-400 20
-444 28
-452 30
-440 4
-368 18
-380 48
-472 46
-520 62
-544 58
-492 70
-528 48
-500 24
-484 70
-456 76
-516 94
-500 80
-468 100
-476 90
-500 92
-464 64
-416 54
-452 32
-496 30
-452 40
-448 10
-460 22
-428 30
-488 32
-484 44
-472 56
-488 52
-448 18
-460 44
-416 66
-492 72
-500 86
-512 94
-528 90
-484 86
-532 64
-528 56
-544 62
-508 62
-548 68
-548 42
-532 74
-472 70
-488 80
-508 92
-508 90
-464 48
-484 64
-452 54
-472 86
-488 84
-472 96
-460 112
-492 78
-504 102
-464 76
-460 94
-480 86
-524 132
-512 132
-496 114
-452 126
-428 128
-440 152
-484 160
-496 192
-476 174
-496 172
-520 198
-532 192
-544 198
-532 232
-464 214
-516 218
-528 220
-540 202
-492 184
-504 180
-496 192
-480 210
-420 188
-444 176
-448 162
-408 146
-440 146
-440 130
-468 158
-480 144
-484 148
-484 156
-536 158
-512 180
-476 164
-444 174
-480 178
-524 206
-536 228
-528 250
-532 234
-520 224
-456 204
-468 202
-412 184
-492 230
-460 208
-436 194
-416 212
-436 194
-452 174
-480 216
-460 230
-448 192
-468 206
-416 154
-480 152
-420 176
-444 184
-424 174
-424 156
-460 158
-508 154
-456 136
-508 160
-488 184
-512 182
-488 158
-408 154
-488 148
-500 142
-504 140
-432 106
-432 98
-440 134
-452 142
-456 158
-476 182
-476 196
-452 182
-468 208
-436 220
-456 226
-480 242
-516 280
-572 300
-580 318
-512 264
-552 300
-540 286
-572 304
-564 296
-528 282
-536 288
-496 258
-480 246
-484 236
-512 264
-556 296
-540 300
-564 310
-524 292
-552 292
-536 292
-528 286
-540 282
-508 244
-536 256
-508 248
-476 240
-468 228
-496 242
-464 220
-468 218
-448 218
-424 212
-524 246
-484 246
-492 240
-444 216
-520 220
-492 238
-468 216
-472 204
-480 222
-532 258
-480 264
-484 282
-540 290
-520 286
-520 284
-500 268
-544 282
-568 286
-520 262
-540 256
-520 270
-516 274
-524 262
-488 232
-480 200
-448 210
-476 194
-480 202
-464 196
-456 198
-480 188
-560 234
-540 232
-468 226
-480 216
-444 184
-452 190
-424 192
-500 210
-476 132
-472 136
-464 136
-404 138
-464 194
-500 204
-500 192
-448 172
-452 148
-484 182
-512 218
-500 244
-504 240
-476 244
-524 262
-580 268
-536 246
-544 248
-560 282
-540 272
-524 268
-552 268
-508 248
-468 236
-476 246
-480 250
-504 240
-476 232
-468 234
-388 214
-432 228
-436 234
-520 262
-536 268
-512 262
-548 264
-560 274
-588 288
-564 298
-584 276
-632 296
-604 308
-604 306
-576 312
-552 296
-492 272
-528 302
-540 284
-572 298
-524 280
-496 258
-456 236
-452 224
-436 226
-436 238
-504 244
-476 220
-408 182
-436 182
-480 184
-460 216
-456 190
-456 182
-456 182
-464 180
-432 158
-432 160
-452 170
-492 170
-484 154
-452 174
-392 166
-428 184
-432 202
-524 232
-520 206
-528 184
-544 200
-480 178
-440 178
-476 200
-480 196
-400 126
-364 96
-384 88
-356 102
-440 118
-420 130
-460 146
-452 148
-432 156
-412 162
-424 152
-420 146
-412 146
-388 152
-420 162
-428 148
-460 166
-452 154
-488 184
-512 182
-436 148
-396 122
-344 100
-408 122
-412 68
-436 90
-380 94
-368 46
-356 44
-400 40
-328 50
-400 4
-400 20
-368 10
-380 20
-420 4
-404 10
-456 6
-412 20
-396 18
-392 10
-344 34
-336 4
-376 26
-388 30
-376 38
-328 40
-384 32
-348 28
-336 8
-432 0
-420 32
-444 44
-448 50
-476 56
-376 50
-400 54
-428 44
-448 18
-512 14
-504 32
-524 10
-580 58
-536 46
-552 28
-528 8
-508 2
-492 6
-516 26
-496 14
-500 8
-508 12
-472 26
-468 30
-412 2
-436 18
-468 18
-492 40
-524 58
-532 72
-496 72
-480 64
-416 56
-452 50
-464 82
-460 94
-464 112
-504 112
-468 96
-456 102
-484 140
-508 160
-476 144
-492 130
-464 142
-452 132
-432 68
-440 88
-448 76
-480 118
-448 124
-492 136
-464 112
-488 138
-468 124
-480 126
-488 132
-472 114
-444 100
-460 100
-524 110
-480 82
-456 80
-476 94
-484 76
-536 118
-492 116
-500 80
-480 82
-528 74
-512 96
-524 80
-464 66
-464 76
-440 84
-472 88
-452 86
-472 92
-472 54
-444 92
-448 106
-440 106
-456 118
-512 126
-452 122
-412 142
-436 150
-512 154
-464 136
-516 156
-480 152
-480 112
-460 126
-460 162
-476 140
-480 166
-528 174
-480 182
-436 152
-456 138
-432 70
-444 46
-420 12
-392 12
-428 8
-376 18
-400 18
-400 6
-400 44
-340 16
-376 54
-452 90
-460 120
-448 108
-452 110
-484 138
-484 128
-464 110
-448 100
-460 140
-464 138
-472 148
-516 140
-464 174
-452 170
-528 166
-500 172
-472 142
-468 166
-524 176
-460 154
-488 148
-472 158
-492 146
-532 148
-536 166
-540 188
-480 176
-444 168
-472 186
-484 196
-500 234
-520 256
-532 304
-544 298
-568 310
-556 302
-592 302
-568 288
-552 288
-576 312
-596 326
-604 332
-628 348
-616 334
-584 318
-520 286
-508 288
-560 312
-592 306
-592 314
-580 312
-596 318
-548 298
-540 302
-524 276
-564 300
-520 288
-540 286
-552 284
-520 280
-560 266
-528 246
-544 248
-480 240
-516 240
-536 282
-556 282
-556 286
-520 264
-520 276
-540 262
-520 258
-516 252
-532 230
-520 216
-516 250
-528 250
-548 280
-568 268
-568 254
-476 222
-576 242
-516 250
-540 244
-536 246
-548 262
-504 262
-500 246
-512 248
-540 240
-540 234
-536 246
-536 254
-516 246
-548 252
-536 258
-540 278
-592 278
-584 294
-572 294
-584 302
-608 318
-572 294
-540 284
-516 262
-488 266
-464 256
-540 284
-488 290
-504 292
-500 266
-508 266
-484 250
-508 268
-528 284
-556 292
-516 284
-528 258
-504 246
-516 258
-556 276
-516 258
-524 246
-476 248
-480 218
-472 214
-480 210
-452 220
-460 228
-512 250
-556 272
-548 252
-504 228
-492 216
-464 200
-512 236
-480 246
-536 254
-512 262
-516 248
-508 266
-584 284
-568 294
-584 298
-572 284
-552 288
-552 294
-524 270
-496 262
-520 276
-520 264
-544 272
-536 260
-512 264
-552 294
-568 304
-600 304
-588 302
-596 292
-604 304
-560 290
-572 312
-644 346
-636 332
-616 334
-580 328
-544 292
-564 298
-572 292
-540 274
-516 270
-472 244
-476 206
-468 206
-436 204
-416 198
-456 210
-516 220
-480 192
-480 194
-452 180
-456 178
-520 230
-524 226
-476 214
-516 200
-472 140
-492 164
-488 178
-512 146
-544 156
-520 160
-512 150
-448 172
-496 194
-508 222
-476 214
-496 200
-456 176
-464 170
-452 152
-436 134
-412 140
-380 110
-408 118
-380 136
-428 130
-436 116
-460 130
-468 164
-424 142
-412 150
-460 194
-444 194
-452 206
-440 208
-464 216
-520 222
-496 230
-544 240
-544 240
-508 234
-536 250
-528 240
-500 216
-516 236
-500 254
-556 248
-580 282
-548 264
-524 274
-508 262
-512 260
-528 260
-552 266
-552 278
-584 284
-572 282
-584 290
-568 266
-560 268
-544 274
-488 254
-468 232
-496 220
-520 242
-540 256
-568 248
-576 266
-556 256
-544 274
-572 276
-584 268
-528 284
-624 336
-584 312
-572 326
-568 302
-604 298
-552 282
-580 296
-568 308
-528 286
-516 282
-568 294
-536 294
-540 292
-536 292
-544 290
-540 290
-580 288
-476 252
-516 264
-548 276
-548 294
-528 284
-508 280
-520 280
-476 268
-460 250
-520 264
-468 258
-456 258
-528 298
-616 338
-632 346
-628 330
-592 318
-584 310
-548 306
-596 328
-560 308
-584 320
-604 318
-608 320
-608 320
-532 294
-500 282
-528 268
-524 248
-564 274
-588 262
-532 224
-548 212
-528 208
-492 158
-444 160
-444 200
-464 200
-536 244
-448 220
-456 240
-500 252
-476 230
-496 232
-456 214
-496 236
-536 268
-544 276
-512 282
-536 290
-520 274
-544 278
-564 276
-540 260
-484 242
-492 242
-536 260
-556 280
-524 274
-516 272
-496 246
-472 244
-488 232
-484 242
-512 248
-504 240
-484 206
-460 222
-476 234
-484 206
-432 194
-436 178
-504 214
-572 226
-572 246
-580 274
-548 262
-468 252
-528 262
-544 286
-588 312
-576 304
-568 294
-596 310
-600 298
-588 288
-564 282
-568 310
-564 308
-596 310
-544 316
-604 338
-596 332
-552 316
-580 318
-584 316
-508 292
-564 306
-580 320
-616 326
-588 332
-576 320
-596 336
-656 350
-564 314
-516 266
-508 246
-560 262
-596 278
-540 262
-500 250
-508 260
-528 266
-572 264
-552 270
-564 286
-572 278
-552 248
-548 266
-540 276
-592 288
-600 302
-652 324
-628 320
-620 312
-608 290
-584 292
-576 278
-552 258
-576 226
-548 200
-560 218
-564 212
-500 216
-524 236
-528 248
-580 288
-556 272
-504 254
-536 286
-568 304
-576 320
-616 336
-600 334
-608 332
-648 332
-600 328
-564 324
-584 330
-596 322
-600 316
-644 326
-524 286
-540 262
-568 250
-520 240
-512 244
-504 260
-548 286
-552 326
-580 322
-580 318
-548 300
-544 298
-556 308
-596 312
-636 324
-584 304
-592 306
-556 310
-568 304
-564 304
-508 276
-468 284
-508 278
-528 310
-456 262
-548 288
-512 292
-592 310
-572 322
-644 332
-536 298
-572 304
-608 318
-576 314
-528 304
-552 294
-604 314
-568 302
-644 328
-588 316
-620 308
-592 296
-560 294
-556 294
-536 262
-492 260
-544 256
-540 254
-500 250
-504 250
-576 300
-604 296
-576 302
-568 302
-524 298
-556 278
-576 280
-588 288
-596 304
-560 310
-576 304
-544 292
-560 308
-500 290
-508 274
-492 272
-532 280
-564 298
-512 276
-588 302
-568 294
-488 266
-532 262
-464 232
-476 236
-464 206
-444 174
-396 144
-436 188
-452 158
-480 170
-512 200
-520 198
-544 220
-492 208
-488 182
-472 188
-548 216
-528 220
-496 194
-464 198
-440 200
-420 174
-480 188
-504 206
-496 228
-488 226
-532 240
-484 212
-484 200
-516 216
-512 214
-476 218
-444 188
-424 210
-408 182
-444 210
-444 206
-436 218
-468 250
-492 268
-468 258
-516 290
-588 314
-580 306
-520 294
-540 304
-616 318
-596 322
-544 288
-564 294
-532 268
-552 282
-524 288
-508 292
-552 304
-492 270
-476 246
-508 230
-456 216
-452 176
-448 186
-464 192
-492 216
-472 206
-432 204
-448 214
-464 212
-456 210
-492 224
-448 202
-452 180
-460 198
-504 248
-516 256
-536 264
-536 270
-516 276
-560 302
-516 282
-560 282
-472 260
-492 244
-504 232
-532 246
-536 248
-508 250
-456 222
-512 220
-504 216
-484 192
-484 232
-476 274
-528 256
-568 278
-540 276
-516 266
-496 242
-460 250
-472 260
-456 234
-456 242
-504 258
-508 254
-512 252
-508 234
-484 240
-520 276
-504 276
-544 284
-564 294
-528 294
-536 292
-516 260
-552 278
-548 238
-524 232
-524 234
-472 214
-516 238
-516 268
-548 254
-520 266
-500 274
-480 248
-508 278
-456 266
-548 278
-532 272
-548 276
-472 240
-508 240
-536 268
-548 254
-540 242
-484 228
-452 200
-452 194
-460 186
-472 184
-444 166
-464 182
-504 196
-492 198
-500 212
-508 226
-500 224
-504 224
-492 222
-484 244
-492 270
-528 272
-508 280
-500 266
-520 246
-516 250
-508 224
-492 244
-496 210
-512 216
-456 208
-540 256
-536 272
-496 258
-528 280
-548 282
-524 252
-516 250
-508 252
-464 232
-492 250
-500 244
-512 272
-500 258
-460 236
-472 228
-524 228
-524 250
-460 246
-484 256
-476 228
-476 246
-496 230
-492 266
-516 248
-468 246
-488 228
-536 244
-528 222
-568 218
-588 236
-548 224
-544 224
-540 222
-516 186
-496 198
-512 202
-552 216
-460 210
-556 258
-528 238
-540 256
-512 236
-504 246
-552 262
-540 262
-552 262
-508 246
-548 268
-528 254
-524 240
-520 246
-512 250
-556 282
-540 280
-536 250
-528 260
-516 266
-532 280
-548 284
-540 286
-540 284
-540 272
-536 250
-536 238
-572 252
-580 246
-544 246
-524 242
-528 236
-520 228
-504 216
-468 206
-472 222
-512 262
-552 258
-552 274
-584 300
-576 304
-608 336
-612 334
-612 332
-668 352
-664 346
-636 340
-672 358
-648 352
-616 340
-612 342
-600 334
-560 304
-572 312
-568 324
-556 312
-624 334
-640 350
-636 346
-664 344
-616 328
-584 310
-576 314
-544 298
-608 328
-544 296
-532 302
-584 322
-544 306
-556 306
-524 300
-540 288
-536 286
-540 298
-552 296
-548 296
-532 296
-564 304
-612 330
-612 334
-632 340
-644 334
-588 312
-540 278
-560 278
-600 296
-588 296
-536 278
-520 272
-472 238
-524 272
-528 260
-548 282
-540 286
-500 242
-544 244
-532 260
-536 270
-564 286
-524 250
-540 260
-500 260
-508 272
-532 264
-508 276
-552 308
-552 290
-564 288
-504 292
-508 264
-456 232
-480 242
-488 242
-528 266
-456 230
-528 258
-496 264
-504 268
-492 262
-480 244
-492 254
-476 232
-452 232
-476 230
-508 236
-524 214
-516 246
-492 234
-480 196
-440 208
-460 202
-460 200
-484 232
-488 238
-504 266
-516 260
-548 250
-544 250
-528 260
-524 264
-528 276
-576 304
-560 294
-564 284
-516 246
-492 258
-520 262
-496 236
-456 192
-432 182
-488 200
-496 208
-472 202
-432 168
-428 190
-452 206
-444 200
-496 234
-476 232
-440 240
-448 250
-436 246
-476 262
-472 266
-468 270
-492 254
-488 268
-512 280
-564 290
-556 276
-592 304
-544 296
-580 304
-596 314
-584 316
-588 322
-544 300
-560 324
-560 298
-556 308
-592 332
-524 296
-564 304
-552 276
-552 278
-556 292
-600 314
-576 288
-536 274
-596 294
-556 290
-512 278
-456 234
-500 264
-472 246
-528 262
-548 288
-572 298
-556 270
-540 264
-492 256
-528 286
-508 260
-532 276
-512 262
-576 270
-552 272
-536 270
-556 266
-520 254
-496 250
-520 266
-552 242
-516 216
-492 228
-512 244
-516 250
-504 234
-512 222
-504 232
-460 220
-456 186
-404 172
-456 202
-484 208
-424 152
-464 176
-412 170
-420 172
-440 182
-424 148
-416 136
-460 164
-412 166
-400 160
-364 146
-332 104
-372 118
-456 100
-452 88
-464 82
-464 122
-476 122
-468 130
-452 140
-476 122
-492 80
-508 96
-504 100
-500 102
-492 102
-472 74
-432 98
-464 98
-456 134
-448 124
-464 132
-460 150
-452 122
-444 136
-432 122
-440 80
-448 76
-460 74
-508 70
-480 74
-492 70
-468 84
-456 82
-460 116
-416 138
-460 150
-452 86
-424 96
-420 114
-456 110
-432 68
-392 54
-436 54
-416 56
-456 20
-412 6
-388 12
-404 26
-432 50
-388 28
-392 8
-432 34
-400 18
-424 6
-472 22
-428 20
-440 28
-460 16
-472 30
-472 20
-480 26
-492 24
-436 38
-444 6
-448 28
-448 50
-484 52
-460 82
-432 50
-472 46
-472 26
-496 34
-516 8
-512 38
-508 48
-548 84
-540 86
-476 40
-444 8
-480 16
-476 26
-460 10
-416 24
-416 36
-416 18
-464 22
-464 6
-392 28
-420 58
-440 78
-524 76
-516 94
-476 80
-420 32
-388 66
-388 56
-412 68
-404 46
-460 64
-452 48
-468 28
-480 44
-488 38
-480 74
-484 32
-484 42
-500 80
-468 68
-504 74
-460 96
-472 110
-460 122
-460 138
-464 116
-452 116
-532 140
-488 160
-488 170
-492 132
-448 120
-472 76
-464 90
-500 80
-456 80
-472 116
-464 116
-424 94
-448 80
-440 110
-460 104
-456 82
-472 104
-448 76
-440 42
-432 46
-412 76
-420 38
-464 72
-424 68
-420 44
-436 40
-460 106
-424 86
-440 104
-484 102
-504 106
-480 100
-492 98
-476 84
-452 100
-408 48
-372 38
-380 22
-356 40
-436 16
-424 48
-416 16
-428 24
-444 54
-452 32
-468 38
-492 20
-428 0
-468 28
-508 84
-464 64
-428 86
-420 58
-408 38
-396 34
-420 62
-460 76
-468 92
-476 58
-508 86
-536 76
-544 100
-544 70
-504 52
-484 62
-472 110
-436 104
-412 46
-412 34
-508 22
-508 22
-480 18
-520 14
-464 18
-492 6
-520 0
-524 0
-512 26
-568 30
-560 2
-532 26
-540 2
-488 4
-448 6
-460 10
-484 0
-476 32
-460 64
-460 70
-440 76
-428 32
-436 56
-460 68
-444 70
-484 60
-472 40
-488 80
-520 70
-412 74
-448 38
-452 60
-456 50
-440 88
-440 78
-460 96
-432 58
-400 84
-384 94
-380 72
-428 46
-376 64
-412 72
-444 62
-456 70
-456 76
-520 84
-500 104
-512 118
-448 112
-468 104
-448 80
-508 102
-476 98
-460 78
-488 72
-492 52
-536 10
-528 48
-468 40
-456 10
-460 24
-448 18
-496 10
-492 8
-484 6
-484 20
-472 12
-448 20
-464 14
-448 32
-452 46
-460 44
-524 6
-484 32
-492 52
-488 50
-528 56
-516 54
-508 54
-508 42
-468 46
-444 0
-520 36
-460 18
-488 16
-496 14
-456 16
-408 34
-416 28
-392 48
-460 50
-480 34
-420 38
-376 34
-436 42
-428 24
-412 22
-428 8
-456 12
-364 12
-412 0
-416 14
-444 48
-448 80
-416 56
-396 72
-460 60
-424 58
-420 58
-336 56
-444 26
-472 68
-492 116
-484 122
-520 112
-496 128
-476 146
-384 114
-412 132
-452 126
-468 140
-464 114
-484 120
-476 126
-404 122
-380 76
-392 76
-424 66
-428 98
-448 80
-464 80
-544 108
-528 88
-520 56
-452 82
-452 98
-424 86
-384 84
-428 92
-416 104
-520 126
-480 140
-436 138
-456 126
-500 140
-480 120
-484 134
-404 114
-416 86
-472 112
-464 144
-484 132
-480 110
-496 94
-504 92
-532 92
-540 108
-532 140
-556 120
-524 122
-416 70
-448 58
-476 36
-472 74
-504 86
-468 102
-472 106
-484 96
-500 86
-528 72
-536 62
-516 82
-528 68
-516 82
-524 66
-544 48
-496 34
-504 50
-504 46
-488 22
-516 10
-456 36
-408 42
-432 50
-444 26
-472 44
-476 54
-444 58
-488 66
-480 32
-464 26
-452 32
-416 36
-400 2
-380 14
-368 8
-376 28
-424 22
-376 4
-404 18
-416 14
-444 18
-448 6
-476 22
-488 4
-512 18
-452 8
-492 12
-488 10
-448 24
-424 14
-468 38
-412 2
-428 18
-404 22
-436 36
-468 6
-448 8
-444 74
-464 80
-448 64
-408 14
-432 16
-440 28
-460 6
-464 18
-428 36
-436 34
-460 40
-464 64
-460 42
-464 40
-460 68
-460 70
-440 24
-472 10
-460 10
-516 12
-512 30
-500 22
-516 24
-504 28
-452 6
-408 6
-408 36
-440 52
-472 38
-456 72
-400 66
-440 74
-436 40
-416 42
-432 34
-428 20
-464 20
-428 74
-420 52
-388 52
-388 46
-380 58
-412 74
-448 88
-404 94
-424 114
-420 94
-408 70
-396 66
-424 90
-432 116
-468 120
-476 134
-544 170
-528 168
-496 188
-484 190
-488 174
-496 194
-536 202
-540 204
-476 186
-456 192
-440 194
-444 186
-476 216
-476 200
-488 182
-452 186
-504 226
-464 230
-552 272
-544 268
-588 284
-572 274
-560 276
-576 286
-512 252
-508 264
-592 288
-580 270
-568 278
-560 276
-580 284
-600 296
-580 284
-616 306
-596 296
-540 286
-552 266
-552 286
-516 256
-512 270
-484 248
-468 248
-480 226
-504 212
-460 182
-516 218
-500 206
-496 222
-536 242
-516 236
-528 230
-576 242
-520 212
-508 236
-484 202
-448 182
-408 166
-456 162
-432 152
-440 128
-452 142
-452 164
-476 184
-504 214
-480 226
-476 216
-412 172
-452 196
-460 186
-536 194
-528 188
-524 206
-536 224
-516 206
-504 174
-484 168
-504 174
-484 170
-480 188
-472 172
-448 154
-376 136
-372 110
-396 114
-428 110
-424 114
-492 112
-500 100
-528 104
-508 112
-504 122
-516 154
-496 128
-556 150
-516 160
-544 194
-576 210
-552 214
-532 248
-520 222
-544 224
-564 228
-536 238
-572 238
-492 220
-492 230
-512 204
-484 202
-480 216
-492 184
-524 200
-460 184
-456 186
-508 206
-516 216
-556 272
-516 254
-500 236
-492 246
-520 244
-536 270
-548 262
-544 246
-544 272
-564 310
-612 336
-620 324
-612 334
-548 302
-568 320
-580 322
-584 328
-604 326
-584 332
-620 336
-640 344
-608 318
-532 286
-548 304
-624 338
-640 346
-604 334
-612 340
-612 338
-576 320
-584 330
-592 332
-600 318
-604 320
-592 326
-588 312
-564 298
-536 306
-592 310
-616 338
-552 326
-636 352
-596 324
-596 320
-612 330
-572 306
-572 310
-552 288
-516 268
-528 266
-460 242
-528 248
-492 258
-448 248
-524 262
-504 262
-488 236
-508 234
-540 258
-564 284
-516 278
-532 286
-560 298
-580 302
-580 286
-588 292
-588 312
-588 302
-588 316
-576 316
-556 300
-560 294
-544 296
-532 288
-484 266
-528 294
-584 286
-584 290
-564 284
-524 268
-492 228
-504 254
-524 276
-552 258
-524 242
-552 250
-520 252
-544 260
-548 252
-544 262
-536 256
-544 270
-508 264
-496 234
-440 204
-448 204
-448 224
-492 220
-528 260
-508 248
-476 242
-556 262
-472 218
-488 218
-436 192
-452 198
-440 232
-460 222
-528 248
-488 254
-440 246
-416 224
-448 204
-468 198
-488 202
-500 208
-528 230
-468 196
-488 206
-508 244
-516 256
-552 274
-536 260
-524 262
-484 242
-472 232
-460 228
-464 210
-484 222
-440 200
-488 204
-480 212
-428 200
-488 196
-532 216
-564 236
-504 252
-480 234
-508 268
-560 300
-540 288
-532 288
-520 280
-544 294
-528 270
-572 278
-552 262
-560 246
-552 260
-548 252
-544 224
-528 236
-508 234
-508 250
-468 208
-520 210
-544 220
-500 200
-512 224
-484 220
-564 252
-544 244
-512 242
-532 280
-572 284
-564 266
-548 250
-504 252
-520 278
-552 284
-508 268
-564 292
-580 288
-552 276
-536 254
-592 266
-540 244
-496 232
-500 186
-496 202
-480 218
-448 186
-424 198
-452 218
-480 248
-456 248
-512 286
-524 296
-548 302
-616 332
-596 330
-664 358
-664 358
-684 358
-656 354
-620 344
-640 348
-680 362
-608 336
-600 328
-600 322
-564 314
-644 328
-616 324
-556 310
-548 302
-528 282
-540 280
-508 274
-536 284
-492 270
-440 264
-524 252
-508 266
-452 256
-504 266
-528 298
-576 314
-600 322
-564 298
-508 260
-548 294
-528 266
-508 268
-508 262
-524 250
-504 248
-584 270
-496 234
-524 256
-532 278
-496 262
-504 282
-580 312
-580 306
-564 288
-596 310
-576 318
-564 308
-524 294
-528 284
-480 268
-524 284
-536 284
-488 290
-544 274
-552 268
-504 260
-476 232
-500 250
-500 262
-468 224
-508 262
-556 282
-540 252
-552 256
-532 230
-532 208
-496 198
-488 182
-492 184
-500 192
-532 186
-480 154
-432 158
-476 168
-464 180
-448 180
-464 194
-452 174
-432 168
-440 164
-456 176
-468 188
-516 162
-468 118
-516 144
-440 160
-472 176
-436 180
-492 166
-460 162
-476 166
-464 158
-484 176
-452 196
-488 214
-512 212
-504 218
-488 232
-448 216
-452 238
-448 226
-508 228
-484 246
-456 250
-544 282
-544 282
-552 266
-544 276
-536 268
-516 274
-528 282
-512 286
-556 304
-576 312
-540 304
-556 312
-604 334
-608 340
-620 330
-588 320
-552 304
-548 300
-564 278
-604 308
-604 326
-632 336
-616 328
-592 318
-572 310
-580 300
-600 312
-560 310
-600 312
-596 308
-544 292
-544 270
-576 294
-512 280
-512 280
-476 246
-504 270
-472 252
-472 252
-508 256
-492 228
-452 210
-536 240
-536 208
-488 198
-420 160
-460 178
-424 160
-464 134
-492 134
-424 96
-396 90
-444 80
-444 96
-456 102
-428 92
-468 50
-440 28
-440 44
-464 74
-448 48
-420 90
-440 64
-448 94
-420 92
-396 106
-408 134
-396 146
-432 188
-500 174
-480 186
-440 184
-436 194
-488 184
-496 168
-500 180
-532 172
-448 124
-516 162
-516 156
-568 172
-544 168
-576 182
-500 188
-460 170
-440 174
-496 186
-456 182
-392 150
-404 136
-436 112
-496 162
-516 190
-536 192
-508 178
-496 168
-500 146
-464 90
-472 20
-432 46
-404 36
-424 24
-380 2
-424 2
-416 0
-452 8
-472 22
-460 46
-464 82
-484 98
-464 98
-412 80
-508 112
-532 102
-496 56
-448 44
-456 40
-476 4
-480 4
-508 16
-480 2
-516 0
-540 8
-500 8
-504 16
-484 26
-460 48
-448 30
-428 8
-424 56
-428 98
-464 114
-432 122
-504 104
-500 100
-460 98
-484 68
-552 78
-540 36
-500 46
-508 38
-552 26
-500 6
-504 10
-456 22
-476 4
-500 62
-520 48
-556 68
-496 80
-500 58
-472 76
-496 106
-524 174
-492 158
-508 124
-500 124
-456 114
-492 116
-448 146
