-12 56
-280 100
-400 88
-376 114
-376 130
-428 120
-464 110
-428 128
-448 136
-460 132
-468 174
-436 146
-476 176
-492 150
-480 150
-512 178
-564 184
-568 202
-580 234
-604 232
-632 270
-620 266
-640 304
-624 292
-628 304
-624 316
-672 314
-656 316
-624 302
-632 304
-660 316
-644 294
-632 300
-644 304
-672 332
-668 338
-700 356
-744 370
-684 358
-736 368
-712 360
-668 350
-672 356
-688 364
-672 360
-676 360
-640 334
-648 334
-684 346
-696 364
-716 360
-708 360
-724 366
-712 366
-740 382
-720 376
-748 382
-700 372
-724 378
-708 374
-728 380
-692 366
-664 358
-688 358
-720 376
-744 384
-720 376
-696 368
-744 382
-740 382
-708 372
-680 356
-724 378
-692 368
-672 358
-704 370
-656 348
-684 368
-684 362
-688 362
-684 368
-680 364
-720 374
-700 368
-732 378
-700 370
-704 370
-684 360
-728 378
-748 386
-744 384
-740 376
-740 382
-748 386
-752 386
-768 392
-764 388
-748 386
-708 372
-688 368
-648 344
-664 354
-688 364
-752 388
-744 384
-744 384
-744 386
-768 390
-740 384
-720 378
-728 378
-712 372
-700 372
-720 374
-708 370
-716 378
-696 368
-720 372
-700 368
-716 376
-688 360
-728 362
-696 350
-660 350
-640 340
-632 334
-684 348
-652 330
-584 302
-660 330
-688 346
-644 332
-668 348
-628 332
-668 350
-736 380
-700 366
-716 378
-740 384
-732 382
-760 388
-740 382
-712 374
-680 366
-696 366
-720 372
-732 378
-708 370
-680 362
-700 374
-680 362
-684 362
-740 382
-760 390
-772 392
-748 386
-756 388
-760 390
-752 386
-764 390
-756 388
-748 384
-764 390
-768 392
-752 388
-712 376
-716 372
-720 370
-700 368
-688 368
-636 340
-612 332
-636 340
-700 370
-680 364
-704 372
-696 370
-732 380
-712 372
-720 376
-752 384
-744 384
-720 374
-684 364
-676 364
-692 368
-732 378
-736 380
-736 382
-744 386
-712 376
-732 382
-704 372
-656 352
-680 364
-720 374
-716 370
-736 382
-700 366
-712 372
-728 376
-744 382
-696 370
-708 370
-692 368
-716 374
-704 366
-704 372
-696 370
-688 362
-692 368
-680 360
-692 366
-716 374
-712 372
-692 366
-684 362
-712 372
-728 380
-720 376
-732 382
-704 372
-700 372
-684 362
-648 348
-648 340
-680 346
-680 340
-692 350
-704 350
-720 372
-704 368
-684 364
-668 360
-716 376
-752 386
-740 384
-748 386
-768 392
-728 374
-688 370
-692 366
-680 360
-664 348
-632 340
-656 350
-660 356
-680 366
-704 374
-760 388
-728 380
-712 374
-716 376
-724 378
-748 386
-736 382
-696 366
-684 364
-708 370
-724 376
-720 376
-688 362
-724 380
-720 378
-740 384
-736 384
-700 370
-728 376
-724 380
-688 370
-744 386
-748 386
-768 392
-736 380
-700 372
-744 386
-748 386
-736 378
-732 380
-736 376
-704 372
-704 372
-716 376
-720 372
-728 380
-732 380
-712 374
-724 376
-752 386
-724 380
-716 378
-716 376
-700 370
-708 372
-720 374
-720 378
-668 360
-732 378
-668 354
-676 356
-668 362
-660 352
-672 354
-652 336
-652 336
-688 352
-688 364
-712 378
-704 370
-708 364
-700 368
-708 370
-696 364
-692 362
-700 364
-708 364
-720 372
-724 370
-676 352
-668 338
-660 328
-644 336
-668 344
-656 346
-680 354
-704 358
-704 362
-712 372
-700 372
-720 376
-728 380
-704 374
-728 376
-748 382
-724 374
-736 378
-720 378
-696 364
-676 358
-724 378
-724 378
-716 374
-728 380
-740 384
-696 368
-700 372
-736 384
-712 374
-704 374
-700 370
-716 376
-724 378
-760 390
-684 362
-692 368
-700 372
-676 362
-664 360
-648 352
-668 350
-636 330
-688 340
-636 322
-640 332
-656 326
-704 354
-724 372
-696 360
-708 372
-732 382
-712 374
-728 376
-700 370
-680 364
-704 368
-672 362
-672 350
-644 346
-696 366
-680 362
-668 358
-680 364
-704 372
-668 362
-644 350
-676 358
-696 364
-700 370
-680 364
-696 368
-684 364
-680 358
-656 346
-680 356
-684 362
-712 370
-672 360
-652 360
-660 358
-656 352
-648 352
-660 340
-664 338
-684 336
-648 338
-676 342
-664 342
-652 336
-648 332
-672 358
-688 370
-744 386
-692 370
-708 374
-740 384
-752 386
-708 370
-688 364
-660 352
-672 360
-648 352
-684 362
-708 366
-724 376
-716 376
-736 384
-716 374
-692 358
-724 374
-724 372
-704 370
-720 376
-752 384
-680 362
-692 366
-676 362
-676 356
-708 372
-700 372
-684 364
-688 364
-692 368
-704 374
-720 378
-724 378
-708 372
-700 372
-692 364
-696 356
-648 348
-676 358
-696 370
-708 374
-708 372
-712 376
-696 370
-692 364
-660 348
-688 338
-680 344
-656 342
-652 344
-592 324
-604 328
-660 336
-672 342
-672 350
-684 352
-672 342
-660 340
-648 338
-656 338
-676 352
-648 348
-660 358
-708 368
-688 366
-724 378
-696 368
-652 352
-628 348
-636 350
-660 340
-660 352
-668 360
-712 376
-688 360
-680 364
-712 370
-728 368
-720 372
-696 366
-708 372
-692 366
-660 354
-676 342
-704 370
-668 356
-680 360
-620 342
-672 364
-728 374
-708 366
-700 362
-708 362
-732 378
-704 366
-740 382
-756 388
-724 380
-684 368
-724 378
-688 366
-712 374
-724 378
-688 368
-712 366
-720 376
-728 380
-720 378
-768 392
-744 382
-756 388
-736 382
-760 390
-724 380
-724 380
-708 372
-732 378
-700 372
-748 386
-744 386
-692 370
-736 382
-728 380
-724 374
-724 380
-716 370
-724 378
-696 368
-724 380
-760 388
-760 390
-748 386
-712 374
-736 382
-740 382
-736 380
-732 382
-752 386
-776 394
-740 382
-708 376
-712 378
-672 360
-704 376
-716 376
-716 376
-712 372
-724 378
-700 372
-724 380
-724 372
-720 376
-736 382
-720 374
-692 370
-748 386
-724 374
-700 366
-692 360
-668 354
-668 358
-680 356
-716 372
-692 372
-716 378
-740 384
-744 386
-712 376
-716 376
-732 378
-732 378
-760 388
-724 378
-752 386
-740 382
-708 374
-708 372
-676 362
-692 366
-704 368
-680 364
-672 362
-700 368
-672 354
-684 362
-724 378
-708 372
-684 356
-712 372
-700 372
-696 374
-708 368
-668 358
-668 348
-672 354
-660 354
-664 354
-680 366
-696 366
-704 370
-660 356
-656 352
-656 356
-712 374
-732 382
-752 386
-716 376
-704 374
-736 376
-728 380
-712 374
-736 380
-744 384
-740 384
-724 380
-752 388
-728 380
-668 352
-692 370
-708 374
-744 386
-756 386
-732 378
-696 358
-688 360
-704 370
-688 360
-688 356
-664 352
-684 366
-732 382
-684 364
-704 368
-680 358
-656 354
-660 352
-668 354
-700 370
-728 376
-764 390
-764 390
-708 370
-728 368
-676 356
-700 368
-724 378
-680 360
-716 374
-716 378
-756 386
-716 372
-728 374
-700 368
-700 366
-696 368
-696 364
-728 374
-700 368
-684 362
-704 370
-708 374
-700 368
-704 364
-684 360
-736 380
-688 360
-680 364
-664 360
-688 364
-688 358
-692 358
-692 362
-720 378
-712 372
-672 352
-664 352
-692 360
-692 356
-672 362
-680 364
-656 354
-700 370
-704 372
-700 368
-708 364
-716 376
-676 360
-724 376
-764 390
-744 386
-728 380
-688 368
-712 372
-696 364
-716 374
-672 362
-688 362
-712 372
-688 366
-716 368
-692 360
-676 356
-644 346
-672 358
-688 364
-700 368
-660 342
-644 330
-688 364
-724 380
-664 358
-736 376
-744 376
-736 378
-736 380
-748 384
-716 378
-696 364
-708 364
-692 364
-680 362
-700 366
-736 382
-716 374
-752 388
-716 368
-672 354
-708 358
-676 360
-656 358
-708 374
-708 374
-728 378
-740 384
-708 370
-704 362
-680 358
-688 364
-672 360
-712 374
-688 366
-708 370
-644 348
-704 368
-704 372
-712 370
-728 378
-712 370
-724 372
-728 378
-724 374
-704 374
-716 374
-696 370
-700 374
-732 380
-712 372
-680 362
-688 364
-704 372
-732 378
-724 376
-732 380
-756 388
-740 382
-748 386
-724 380
-756 388
-744 384
-716 372
-696 368
-712 370
-724 378
-684 370
-684 362
-700 372
-700 366
-712 362
-676 348
-680 352
-704 368
-692 362
-704 372
-672 364
-672 348
-696 364
-732 376
-740 382
-752 386
-732 382
-712 374
-656 360
-676 366
-712 374
-692 366
-704 362
-736 370
-720 368
-692 362
-728 372
