14 11
-250 99
-218 113
-214 119
-234 123
-298 133
-314 151
-326 161
-342 161
-326 163
-322 155
-282 147
-298 151
-294 171
-322 185
-366 195
-314 173
-302 159
-290 159
-286 155
-246 143
-302 165
-270 155
-278 161
-274 157
-342 187
-310 161
-302 141
-318 135
-294 111
-290 107
-298 117
-274 87
-266 85
-306 81
-258 73
-254 81
-254 85
-278 91
-282 93
-234 89
-234 87
-238 77
-246 87
-214 55
-218 69
-270 113
-278 111
-270 115
-290 117
-286 129
-266 133
-282 137
-270 137
-302 153
-294 163
-366 189
-318 175
-282 171
-310 177
-326 187
-338 185
-334 171
-310 169
-306 155
-310 157
-302 147
-318 169
-298 129
-262 125
-286 131
-278 133
-290 139
-286 143
-290 155
-330 175
-298 143
-246 135
-326 167
-310 153
-322 153
-318 163
-262 161
-290 167
-294 173
-318 177
-382 203
-362 193
-374 199
-358 197
-350 185
-330 175
-350 183
-310 155
-282 135
-290 143
-274 121
-250 109
-298 131
-274 123
-266 107
-254 105
-254 79
-238 79
-222 87
-230 75
-242 81
-234 79
-242 91
-262 101
-254 105
-262 117
-262 117
-270 127
-226 91
-194 83
-230 67
-230 73
-214 77
-218 73
-194 75
-178 67
-174 75
-222 75
-250 69
-242 51
-274 101
-282 93
-234 97
-266 87
-262 95
-270 111
-254 119
-226 103
-250 77
-230 93
-262 89
-278 87
-254 87
-266 99
-246 85
-266 71
-238 49
-218 31
-226 25
-226 13
-238 9
-222 23
-202 5
-206 9
-194 15
-178 1
-182 19
-190 1
-186 25
-186 29
-190 37
-170 49
-222 33
-226 13
-210 17
-230 39
-258 25
-222 15
-246 37
-222 9
-250 1
-218 11
-242 27
-254 25
-290 25
-258 53
-266 39
-278 45
-274 37
-274 63
-282 61
-274 67
-278 49
-242 45
-238 41
-202 71
-218 57
-226 65
-266 99
-262 107
-274 119
-274 127
-298 141
-266 109
-266 115
-254 97
-238 83
-298 119
-338 119
-318 123
-310 137
-274 149
-310 149
-254 131
-258 115
-294 145
-330 161
-298 173
-318 179
-326 187
-322 183
-338 187
-322 183
-338 187
-314 159
-286 153
-282 135
-282 133
-294 149
-294 159
-274 141
-254 137
-290 163
-314 173
-322 181
-318 177
-306 167
-314 181
-326 175
-290 169
-314 175
-314 175
-362 189
-366 195
-330 185
-346 187
-330 189
-318 179
-354 189
-358 189
-338 187
-346 187
-350 189
-378 199
-374 203
-366 195
-366 193
-338 183
-282 165
-318 171
-330 171
-342 187
-358 193
-350 197
-370 199
-390 209
-406 213
-390 207
-346 195
-350 195
-350 191
-390 209
-346 193
-366 197
-334 191
-350 195
-358 189
-374 197
-374 203
-390 203
-378 195
-314 175
-318 173
-326 165
-318 173
-322 165
-346 161
-326 153
-342 161
-318 153
-334 161
-314 153
-302 163
-346 173
-306 167
-314 163
-286 153
-306 127
-294 115
-274 113
-282 107
-290 111
-278 107
-286 93
-254 107
-266 93
-258 89
-270 97
-302 123
-282 111
-290 103
-278 85
-250 77
-250 65
-258 61
-266 65
-270 55
-238 27
-230 23
-230 9
-262 17
-270 5
-246 21
-278 43
-226 41
-294 39
-286 37
-270 43
-286 15
-254 11
-282 7
-262 1
-210 5
-230 9
-278 37
-270 11
-266 25
-306 29
-258 49
-286 63
-278 61
-258 47
-246 27
-302 45
-274 53
-306 59
-286 57
-286 71
-250 57
-290 59
-258 29
-318 61
-266 25
-298 37
-254 35
-258 17
-258 3
-262 9
-306 23
-306 27
-254 11
-242 5
-266 25
-258 25
-246 17
-254 13
-270 3
-274 1
-274 7
-258 21
-242 3
-234 1
-262 13
-242 19
-270 27
-262 41
-266 57
-258 43
-270 31
-262 35
-258 21
-302 3
-274 7
-282 13
-278 21
-262 25
-270 7
-266 3
-278 3
-234 11
-242 11
-234 9
-246 9
-242 23
-254 7
-262 53
-286 85
-274 85
-254 79
-246 87
-226 75
-266 75
-302 75
-286 75
-294 93
-290 87
-270 99
-278 89
-298 119
-266 109
-274 99
-226 77
-258 99
-294 115
-278 111
-294 121
-326 131
-322 111
-326 127
-270 115
-282 117
-234 77
-234 93
-230 99
-210 73
-222 85
-258 95
-218 71
-226 61
-246 53
-262 27
-250 63
-230 75
-246 91
-246 111
-270 147
-254 127
-238 117
-262 127
-242 117
-194 105
-190 75
-242 91
-250 97
-278 91
-246 105
-230 85
-258 119
-250 121
-278 125
-266 93
-274 121
-278 121
-274 89
-242 109
-274 139
-250 119
-230 101
-310 123
-314 135
-322 135
-302 115
-298 93
-322 79
-282 85
-262 75
-290 81
-258 61
-234 57
-266 51
-258 53
-274 51
-270 47
-262 55
-254 33
-230 27
-214 27
-234 13
-186 11
-222 1
-282 25
-270 43
-234 67
-210 97
-230 61
-238 49
-218 63
-238 55
-234 61
-226 45
-254 81
-278 95
-290 93
-314 109
-286 119
-294 125
-314 151
-310 141
-330 129
-342 153
-346 153
-358 159
-334 157
-326 147
-306 147
-298 131
-310 135
-318 141
-282 141
-278 143
-274 133
-306 129
-246 123
-206 113
-210 109
-218 85
-254 87
-234 89
-230 95
-266 83
-234 73
-222 71
-246 89
-270 75
-274 65
-266 43
-274 33
-250 41
-242 13
-274 23
-266 19
-230 27
-262 45
-254 51
-250 63
-230 69
-230 43
-294 67
-242 53
-290 67
-258 35
-234 29
-266 47
-214 35
-222 35
-234 19
-226 15
-230 39
-230 37
-270 33
-286 13
-274 15
-266 9
-274 41
-274 79
-294 71
-298 61
-282 67
-254 65
-218 71
-250 63
-258 63
-278 73
-274 55
-238 17
-242 1
-226 11
-258 47
-262 61
-246 49
-246 51
-242 63
-258 47
-238 25
-282 43
-254 47
-238 49
-298 73
-310 69
-290 57
-250 33
-234 37
-238 35
-274 39
-254 23
-274 47
-262 45
-266 27
-294 21
-266 35
-254 27
-278 17
-262 5
-266 15
-250 7
-254 5
-250 19
-214 37
-262 55
-246 65
-246 77
-282 93
-306 105
-290 115
-286 109
-278 129
-290 135
-298 131
-258 123
-294 113
-342 117
-302 107
-306 103
-278 113
-278 131
-290 131
-322 127
-322 139
-342 149
-326 145
-338 149
-358 145
-326 145
-310 143
-326 129
-334 129
-298 127
-290 113
-262 121
-286 95
-262 79
-326 77
-266 93
-278 73
-274 59
-258 45
-254 53
-274 71
-258 91
-258 87
-278 111
-282 117
-282 135
-282 129
-266 131
-306 125
-278 97
-278 101
-286 117
-234 81
-266 81
-286 109
-238 101
-282 113
-294 135
-286 131
-302 117
-262 95
-250 111
-258 119
-274 141
-262 125
-226 97
-238 93
-234 81
-254 89
-266 85
-238 83
-254 105
-262 99
-266 103
-278 113
-258 93
-238 91
-254 99
-258 81
-266 91
-282 101
-246 93
-250 91
-242 97
-258 97
-258 99
-258 111
-262 121
-230 91
-266 115
-286 111
-262 101
-278 111
-286 105
-242 95
-262 97
-318 109
-286 105
-278 91
-262 73
-238 57
-282 87
-246 85
-310 95
-294 117
-258 103
-246 81
-230 69
-234 67
-238 95
-254 107
-254 109
-270 115
-246 109
-246 107
-234 93
-222 97
-234 93
-262 119
-270 121
-250 83
-298 101
-274 85
-254 87
-262 91
-222 59
-266 47
-270 49
-262 53
-262 87
-254 95
-258 93
-270 111
-282 109
-306 115
-294 125
-314 147
-274 139
-286 143
-282 135
-286 127
-246 115
-258 117
-298 117
-286 113
-298 109
-330 137
-318 121
-298 113
-286 117
-282 113
-294 121
-294 133
-318 153
-310 147
-302 153
-278 145
-254 123
-274 143
-282 135
-270 129
-266 123
-278 119
-278 101
-286 113
-306 131
-266 121
-270 115
-274 103
-254 77
-258 95
-270 95
-258 113
-270 111
-334 141
-290 141
-286 137
-298 145
-290 123
-286 111
-262 107
-310 123
-294 117
-258 95
-222 85
-230 89
-258 103
-274 91
-250 73
-262 97
-278 125
-274 129
-278 125
-274 129
-286 111
-266 127
-282 151
-306 173
-318 175
-342 173
-350 169
-342 171
-322 155
-346 183
-286 169
-318 179
-322 175
-358 187
-306 179
-318 177
-290 157
-242 155
-286 149
-302 161
-294 161
-310 161
-310 157
-282 149
-302 169
-310 167
-298 163
-334 185
-310 161
-338 181
-390 199
-374 199
-334 181
-282 161
-270 159
-282 155
-278 153
-306 177
-330 189
-378 201
-346 189
-350 199
-378 203
-402 211
-382 205
-394 209
-350 191
-298 173
-294 173
-298 165
-298 167
-286 153
-326 171
-378 201
-362 197
-370 203
-402 211
-378 203
-374 199
-330 187
-326 189
-354 165
-358 167
-346 165
-294 149
-342 173
-354 181
-346 181
-322 171
-246 133
-266 153
-270 161
-294 167
-342 185
-350 191
-338 193
-314 183
-326 185
-350 193
-338 187
-326 175
-326 169
-358 195
-370 193
-342 189
-334 185
-306 169
-310 161
-342 179
-322 157
-326 163
-290 163
-270 143
-290 163
-314 173
-318 173
-286 157
-274 163
-310 163
-290 149
-282 139
-298 155
-298 145
-322 139
-306 133
-282 113
-250 117
-218 85
-214 97
-230 85
-246 61
-230 59
-234 53
-214 53
-230 37
-282 57
-250 43
-262 71
-226 61
-270 63
-262 93
-250 85
-290 107
-286 125
-314 143
-326 145
-338 143
-322 131
-298 103
-294 97
-278 99
-266 109
-242 95
-294 109
-286 127
-298 111
-282 131
-258 125
-230 93
-238 107
-238 97
-250 83
-250 61
-230 101
-286 131
-298 129
-326 129
-310 139
-314 153
-318 141
-270 121
-298 105
-306 113
-262 101
-266 125
-294 135
-306 135
-278 125
-254 123
-294 123
-266 89
-286 105
-274 99
-278 105
-242 111
-270 107
-282 103
-278 101
-294 127
-262 103
-250 95
-278 125
-270 131
-290 145
-306 149
-298 151
-322 151
-334 127
-306 141
-266 143
-310 153
-310 157
-298 149
-278 141
-298 151
-266 147
-286 149
-274 143
-262 119
-270 103
-262 101
-286 101
-254 109
-258 121
-282 119
-286 139
-338 173
-334 169
-334 177
-314 167
-290 151
-270 147
-290 139
-290 135
-262 111
-246 111
-222 117
-282 115
-302 111
-314 113
-314 125
-274 125
-254 115
-310 119
-346 135
-366 149
-346 161
-350 157
-342 151
-326 145
-314 149
-346 153
-314 151
-322 163
-294 151
-294 153
-258 135
-282 147
-314 167
-318 159
-246 137
-258 119
-222 103
-250 105
-250 105
-218 97
-226 117
-250 123
-242 111
-222 97
-198 91
-234 91
-242 103
-254 63
-246 87
-218 69
-218 53
-250 67
-266 43
-254 3
-242 37
-238 75
-262 73
-282 79
-278 71
-278 77
-262 91
-202 63
-210 65
-250 57
-242 55
-242 53
-266 83
-274 69
-262 61
-266 65
-250 71
-286 87
-266 81
-282 73
-270 93
-230 89
-294 103
-278 95
-282 89
-242 69
-226 45
-222 67
-270 57
-234 51
-242 53
-218 47
-266 57
-238 51
-242 41
-210 23
-222 27
-238 27
-270 15
-254 25
-238 35
-254 39
-246 15
-210 17
-182 15
-198 21
-198 1
-202 19
-170 11
-186 61
-218 97
-258 113
-242 99
-266 103
-278 121
-286 107
-262 115
-286 133
-286 131
-302 145
-282 139
-322 153
-294 143
-314 159
-334 161
-294 135
-306 147
-306 145
-302 127
-250 77
-290 65
-286 55
-298 67
-294 67
-334 85
-310 81
-286 95
-302 109
-274 123
-302 141
-290 129
-282 123
-310 143
-294 129
-290 115
-270 115
-250 117
-310 135
-358 157
-334 149
-322 143
-314 153
-310 155
-314 153
-326 153
-298 133
-266 129
-278 147
-310 165
-290 169
-338 183
-322 175
-318 167
-346 181
-318 167
-350 185
-326 163
-330 171
-354 181
-342 189
-314 181
-330 177
-290 155
-318 153
-326 171
-322 155
-330 165
-306 163
-318 159
-310 165
-294 171
-326 179
-334 175
-338 185
-326 181
-346 165
-326 153
-306 147
-342 173
-310 171
-358 191
-342 189
-350 189
-398 201
-390 205
-366 199
-378 205
-346 193
-338 193
-358 195
-302 169
-278 147
-314 173
-378 197
-354 195
-334 187
-358 195
-294 173
-282 167
-338 183
-334 177
-338 185
-330 179
-326 181
-322 183
-334 183
-354 195
-362 197
-366 199
-358 193
-338 177
-322 167
-318 177
-326 179
-342 171
-362 185
-346 181
-354 183
-366 199
-346 191
-318 181
-322 177
-338 179
-326 179
-350 183
-338 177
-362 177
-358 189
-346 183
-334 179
-286 175
-326 181
-334 187
-366 193
-366 199
-402 211
-382 205
-394 207
-374 205
-362 195
-398 207
-370 203
-362 201
-358 193
-322 187
-306 173
-318 171
-326 173
-326 173
-334 183
-374 201
-334 185
-358 197
-342 185
-334 183
-290 155
-290 161
-294 157
-294 151
-330 167
-322 157
-334 163
-334 165
-338 169
-290 151
-282 145
-298 147
-278 133
-306 121
-306 135
-326 143
-282 133
-282 141
-306 153
-318 163
-322 169
-294 167
-258 143
-286 145
-282 141
-302 157
-278 153
-262 131
-262 119
-242 101
-242 81
-254 67
-266 57
-262 77
-246 45
-206 25
-230 17
-250 29
-234 55
-278 49
-286 77
-306 81
-322 79
-298 73
-262 73
-266 79
-266 73
-234 53
-234 59
-262 71
-226 69
-234 99
-234 97
-262 109
-226 83
-202 101
-270 137
-266 131
-270 129
-262 153
-266 151
-326 183
-306 175
-338 163
-326 171
-314 169
-290 165
-306 167
-294 159
-310 165
-318 165
-346 185
-370 195
-370 199
-318 173
-314 161
-334 173
-290 169
-302 175
-362 189
-314 173
-322 175
-358 197
-346 195
-370 199
-346 187
-358 195
-330 175
-342 173
-270 125
-262 139
-254 123
-254 137
-246 131
-250 125
-262 133
-266 149
-278 161
-270 151
-334 185
-334 181
-354 191
-350 189
-338 175
-306 177
-366 193
-330 173
-270 143
-278 145
-294 127
-286 127
-314 115
-290 133
-298 133
-274 141
-278 151
-294 151
-338 173
-350 191
-346 185
-350 181
-318 179
-346 181
-334 171
-310 163
-346 177
-350 195
-338 187
-346 195
-346 189
-342 181
-334 183
-354 193
-338 187
-354 191
-366 193
-326 175
-318 163
-350 185
-322 179
-314 183
-346 189
-302 169
-314 179
-346 181
-326 183
-314 173
-302 173
-314 175
-330 183
-346 185
-362 191
-330 181
-362 191
-326 181
-374 205
-342 179
-346 179
-338 187
-326 175
-326 177
-310 173
-306 175
-326 181
-358 193
-342 183
-354 175
-334 165
-310 157
-314 159
-286 139
-342 157
-326 161
-330 155
-318 159
-338 173
-358 187
-346 189
-346 191
-370 199
-330 185
-330 179
-306 167
-282 169
-262 143
-282 133
-270 143
-254 123
-274 139
-278 155
-322 159
-350 179
-354 191
-342 191
-350 191
-358 195
-334 177
-366 193
-382 203
-394 209
-366 199
-346 191
-366 199
-354 195
-334 179
-326 171
-310 173
-290 163
-314 175
-318 169
-314 171
-338 193
-330 187
-354 195
-346 189
-346 191
-366 199
-366 201
-382 203
-418 217
-386 207
-386 205
-398 211
-378 205
-390 207
-386 205
-362 201
-366 201
-354 191
-358 181
-350 181
-350 179
-314 169
-298 169
-306 177
-338 193
-306 175
-326 177
-298 159
-330 165
-290 133
-302 157
-234 109
-234 99
-258 105
-270 95
-242 77
-230 77
-286 125
-314 129
-294 141
-258 123
-278 125
-306 143
-302 143
-298 145
-290 139
-294 137
-278 139
-286 123
-254 93
-238 89
-238 109
-254 131
-274 133
-262 127
-306 147
-302 161
-258 133
-266 129
-222 115
-246 95
-274 115
-238 107
-266 99
-278 129
-294 153
-334 167
-350 187
-338 185
-334 167
-342 179
-342 173
-314 165
-334 183
-310 171
-378 205
-382 201
-354 195
-362 201
-378 205
-398 211
-318 181
-354 195
-346 187
-354 183
-322 169
-314 161
-302 153
-318 167
-330 173
-298 153
-326 155
-314 155
-290 141
-314 159
-302 161
-298 143
-294 131
-266 127
-266 137
-298 155
-350 171
-346 169
-306 153
-318 141
-318 127
-262 107
-274 123
-274 117
-262 121
-298 149
-286 137
-290 125
-278 127
-282 121
-314 131
-306 137
-302 147
-314 153
-314 143
-298 131
-262 115
-282 115
-310 115
-286 111
-286 117
-298 117
-270 113
-250 117
-294 131
-262 99
-266 105
-226 77
-230 93
-262 67
-250 65
-214 15
-238 9
-250 3
-282 7
-274 17
-266 11
-306 31
-242 43
-246 51
-234 69
-266 53
-270 53
-230 49
-250 45
-262 45
-322 81
-302 81
-298 85
-326 119
-334 139
-290 119
-266 117
-254 113
-230 109
-258 133
-262 125
-282 125
-266 127
-302 129
-282 127
-238 103
-246 113
-230 93
-310 133
-246 113
-282 113
-234 97
-246 93
-226 57
-250 65
-206 63
-226 93
-250 99
-266 87
-286 91
-238 95
-306 107
-314 121
-318 135
-246 121
-278 119
-270 133
-290 133
-338 141
-250 121
-238 123
-282 133
-250 141
-262 137
-262 135
-298 163
-354 189
-346 175
-330 175
-386 205
-358 193
-386 199
-334 179
-346 185
-314 163
-318 161
-334 181
-330 171
-306 165
-314 169
-346 171
-354 189
-326 185
-326 189
-334 183
-318 177
-290 163
-270 155
-338 183
-374 199
-362 199
-386 207
-386 203
-358 191
-382 207
-394 211
-366 199
-378 205
-366 201
-334 185
-310 175
-342 177
-342 181
-322 179
-394 207
-406 213
-394 209
-350 195
-362 195
-382 205
-358 197
-358 197
-354 197
-358 189
-382 205
-390 207
-358 197
-394 205
-394 209
-394 209
-370 201
-382 201
-354 191
-322 173
-326 171
-322 177
-346 187
-322 179
-306 169
-314 181
-286 155
-302 167
-298 163
-354 187
-314 167
-318 167
-346 189
-350 193
-378 203
-342 191
-378 207
-350 193
-358 191
-350 187
-334 187
-374 203
-370 199
-362 199
-338 193
-370 201
-318 179
-346 197
-318 159
-286 157
-314 167
-314 167
-290 153
-326 163
-318 153
-310 145
-294 121
-282 121
-286 147
-286 133
-274 131
-242 109
-230 111
-262 135
-290 149
-258 133
-318 151
-338 171
-314 173
-318 155
-302 147
-298 147
-298 139
-278 135
-302 151
-310 163
-318 169
-306 157
-274 135
-294 135
-306 137
-302 133
-282 133
-254 117
-282 127
-282 123
-302 121
-334 117
-290 131
-270 129
-254 113
-246 115
-254 105
-250 83
-242 57
-210 47
-218 37
-230 67
-238 69
-286 109
-314 125
-278 133
-282 139
-278 145
-262 139
-278 125
-278 121
-266 129
-274 137
-294 163
-282 149
-294 143
-322 177
-310 175
-314 171
-318 175
-310 161
-290 155
-282 147
-298 161
-334 179
-310 169
-314 177
-350 185
-306 169
-286 145
-298 157
-274 151
-318 173
-302 163
-318 153
-294 135
-230 93
-254 97
-254 85
-246 63
-274 43
-282 55
-274 89
-266 71
-206 57
-234 63
-194 71
-266 75
-262 61
-234 35
-198 25
-202 9
-190 17
-230 21
-214 35
-246 43
-254 23
-286 7
-266 7
-230 35
-234 59
-246 47
-242 75
-230 67
-242 69
-234 59
-214 67
-254 55
-254 59
-202 51
-210 33
-218 55
-190 55
-250 67
-258 31
-274 29
-254 27
-270 21
-246 23
-262 15
-250 7
-238 5
-250 11
-258 1
-270 13
-230 15
-226 1
-190 25
-206 15
-254 51
-246 47
-270 57
-270 71
-282 51
-254 75
-282 67
-282 79
-310 85
-290 85
-306 73
-286 67
-290 93
-294 83
-282 101
-254 85
-246 69
-238 79
-234 91
-242 103
-258 119
-310 157
-350 189
-346 187
-354 191
-350 195
-374 201
-366 199
-382 203
-394 207
-390 209
-350 193
-374 197
-382 193
-358 197
-362 197
-330 187
-322 179
-322 181
-310 179
-314 157
-326 175
-354 195
-342 175
-334 171
-346 183
-362 189
-350 191
-358 195
-370 197
-354 189
-370 195
-326 187
-366 197
-318 177
-318 165
-338 175
-350 173
-346 187
-294 165
-294 161
-258 149
-278 149
-302 165
-306 163
-286 143
-282 143
-274 129
-334 161
-330 143
-322 139
-310 141
-290 135
-298 119
-290 119
-290 117
-286 139
-282 137
-318 125
-318 107
-274 111
-282 113
-318 113
-322 115
-318 111
-326 133
-258 93
-298 107
-262 111
-286 129
-278 121
-282 119
-298 121
-294 109
-274 121
-306 129
-322 145
-298 131
-250 129
-282 145
-254 125
-290 127
-270 151
-274 125
-266 139
-282 147
-234 117
-274 111
-282 107
-314 111
-306 105
-274 93
-282 111
-330 131
-338 147
-302 133
-310 139
-334 159
-334 181
-362 199
-338 189
-270 157
-294 171
-322 185
-342 191
-310 173
-290 163
-254 151
-250 149
-326 187
-310 187
-314 171
-322 187
-314 171
-314 165
-338 193
-358 199
-358 199
-354 193
-334 183
-338 179
-310 165
-290 163
-326 175
-310 169
-286 155
-282 161
-290 165
-290 157
-290 131
-302 129
-302 137
-294 133
-334 167
-306 163
-334 167
-326 163
-326 163
-330 163
-302 153
-302 163
-338 183
-314 169
-374 195
-350 191
-334 193
-318 183
-354 193
-354 193
-326 181
-306 177
-306 177
-310 167
-294 153
-274 135
-250 123
-254 117
-262 129
-286 141
-298 143
-254 103
-290 103
-266 107
-250 99
-222 71
-218 53
-210 39
-214 39
-210 47
-226 71
-270 133
-270 139
-290 159
-314 179
-326 171
-322 175
-330 169
-298 157
-298 163
-262 143
-278 149
-306 161
-306 143
-294 147
-322 173
-306 173
-274 147
-290 145
-306 163
-278 157
-282 155
-322 153
-342 159
-362 177
-326 151
-270 119
-282 125
-282 109
-290 135
-234 99
-270 125
-246 115
-238 95
-234 115
-250 133
-270 145
-302 133
-270 137
-258 133
-278 151
-294 151
-262 153
-314 165
-302 153
-286 143
-286 137
-258 123
-286 141
-262 129
-258 131
-274 135
-254 127
-278 145
-282 149
-298 155
-326 175
-326 163
-306 145
-334 155
-314 145
-294 147
-298 141
-330 147
-290 109
-334 129
-314 125
-314 147
-314 139
-318 151
-290 147
-310 153
-318 155
-278 139
-294 131
-278 141
-274 107
-278 115
-270 127
-254 129
-262 139
-262 127
-318 147
-286 143
-282 151
-334 169
-342 177
-366 193
-394 201
-394 199
-402 209
-370 199
-362 197
-374 199
-358 201
-378 203
-398 209
-390 209
-398 209
-378 203
-346 193
-346 189
-342 185
-306 177
-302 171
-294 159
-306 169
-270 151
-310 169
-286 159
-302 141
-302 137
-306 161
-262 157
-254 133
-250 127
-250 141
-254 137
-282 145
-302 159
-234 145
-266 153
-278 157
-310 159
-330 173
-322 169
-342 185
-334 179
-298 167
-330 173
-314 165
-338 187
-350 183
-330 173
-354 185
-330 181
-362 189
-366 195
-358 189
-322 179
-346 191
-318 175
-334 183
-374 189
-314 179
-350 187
-354 187
-358 193
-366 195
-350 193
-334 183
-322 177
-334 183
-322 173
-294 163
-326 153
-322 159
-310 181
-306 179
-318 179
-342 191
-370 197
-374 199
-358 197
-338 185
-378 189
-354 185
-362 197
-310 179
-310 165
-334 179
-314 163
-354 187
-342 181
-290 161
-314 157
-290 165
-322 173
-286 171
-290 167
-294 163
-278 149
-286 143
-278 153
-286 151
-278 153
-310 165
-310 163
-302 157
-282 129
-294 125
-258 99
-238 73
-250 87
-262 109
-250 81
-270 87
-234 85
-218 99
-258 125
-274 125
-278 131
-270 137
-298 127
-330 133
-314 131
-322 145
-322 157
-314 153
-314 161
-250 139
-262 123
-278 129
-294 101
-286 83
-274 79
-298 89
-278 87
-226 77
-286 125
-278 123
-270 135
-266 137
-306 155
-322 171
-290 163
-338 189
-334 187
-382 205
-378 203
-402 209
-386 203
-382 207
-346 193
-350 191
-362 197
-358 191
-354 189
-362 197
-374 203
-338 183
-322 177
-310 169
-302 163
-326 179
-366 195
-378 205
-366 197
-394 209
-366 201
-338 189
-366 197
-354 191
-314 179
-342 187
-354 189
-362 193
-370 197
-378 203
-334 193
-350 187
-350 187
-350 185
-330 183
-274 157
-282 159
-282 141
-318 163
-274 141
-334 155
-358 173
-342 177
-326 175
-330 185
-346 189
-358 193
-322 185
-286 163
-318 167
-270 155
-294 155
-274 137
-298 127
-318 155
-310 137
-266 135
-278 135
-270 129
-298 147
-306 145
-302 151
-322 149
-330 169
-330 173
-330 175
-370 193
-370 185
-322 171
-290 163
-322 169
-330 169
-326 173
-326 177
-338 181
-342 181
-370 199
-342 187
-358 191
-334 189
-302 171
-266 151
-290 153
-330 177
-338 189
-346 189
-322 181
-278 159
-286 153
-294 163
-274 165
-298 171
-294 147
-298 159
-318 171
-270 157
-274 151
-282 159
-270 153
-250 145
-238 129
-242 113
-242 81
-270 99
-266 105
-294 119
-262 109
-242 109
-242 113
-270 125
-282 125
-266 119
-278 131
-246 99
-230 89
-274 125
-254 109
-290 113
-314 125
-310 137
-270 143
-278 145
-342 181
-314 165
-330 171
-326 177
-302 177
-338 175
-322 169
-282 157
-262 135
-262 141
-258 123
-306 141
-274 131
-250 135
-278 161
-318 153
-306 161
-322 171
-330 169
-330 175
-334 181
-326 187
-330 179
-322 169
-338 181
-322 175
-334 177
-338 181
-330 177
-354 183
-370 197
-358 195
-330 189
-326 179
-334 181
-318 175
-314 175
-274 165
-302 171
-322 175
-298 165
-354 189
-374 199
-378 203
-374 195
-378 199
-342 191
-314 175
-326 179
-338 183
-374 203
-362 197
-374 201
-374 195
-366 201
-374 205
-378 203
-366 199
-370 201
-334 189
-314 175
-322 181
-354 189
-346 189
-370 197
-334 177
-302 155
-322 165
-346 173
-330 175
-322 169
-366 187
-350 187
-330 179
-330 177
-330 183
-354 193
-350 187
-386 203
-394 205
-366 199
-330 187
-318 177
-318 181
-346 191
-354 187
-358 193
-362 191
-362 193
-346 177
-318 183
-382 189
-346 185
-326 183
-326 171
-326 177
-322 181
