14 11
-262 117
-270 131
-274 121
-270 149
-262 137
-266 131
-302 147
-338 165
-306 157
-286 129
-290 125
-250 101
-250 85
-282 101
-258 93
-258 99
-218 85
-246 103
-294 93
-258 99
-266 85
-246 83
-246 89
-250 101
-270 119
-214 79
-246 95
-262 123
-270 117
-254 113
-266 117
-238 83
-246 81
-242 107
-282 121
-290 153
-282 141
-254 143
-254 113
-282 115
-302 137
-298 133
-326 139
-346 165
-362 187
-334 185
-306 173
-326 191
-302 177
-342 187
-366 195
-370 203
-350 195
-350 187
-390 207
-378 201
-358 191
-326 183
-294 161
-302 165
-306 171
-294 161
-282 141
-266 145
-286 133
-278 129
-318 147
-302 141
-274 127
-290 131
-270 129
-262 133
-314 145
-294 143
-342 185
-366 179
-358 185
-362 173
-354 177
-330 161
-306 163
-330 171
-346 179
-334 167
-270 141
-294 145
-290 123
-294 113
-302 133
-290 137
-278 127
-282 131
-318 147
-282 139
-266 139
-310 155
-286 159
-286 153
-310 183
-322 189
-318 175
-314 169
-314 167
-314 175
-330 179
-326 179
-306 173
-306 177
-282 159
-306 175
-322 179
-326 173
-366 193
-354 189
-358 181
-370 193
-354 187
-330 185
-338 183
-322 179
-370 195
-354 191
-326 177
-378 205
-362 199
-338 189
-350 195
-350 187
-330 181
-322 173
-298 167
-302 155
-326 177
-274 147
-262 147
-286 147
-310 173
-322 179
-366 201
-418 217
-410 215
-422 217
-390 207
-354 199
-334 185
-322 185
-346 189
-270 139
-278 143
-266 109
-242 103
-246 117
-266 119
-254 109
-254 109
-294 129
-270 111
-254 129
-298 149
-286 159
-262 143
-270 127
-254 109
-270 85
-262 83
-282 97
-282 95
-274 89
-298 87
-290 85
-282 101
-270 117
-278 117
-286 115
-318 127
-314 127
-338 145
-282 115
-266 115
-278 123
-238 109
-278 111
-282 115
-238 95
-246 83
-262 97
-278 131
-230 125
-246 113
-282 115
-270 121
-270 121
-302 129
-242 133
-230 131
-282 169
-318 175
-294 155
-282 171
-294 167
-322 163
-338 179
-314 159
-318 167
-290 151
-286 157
-350 185
-338 185
-374 195
-358 191
-370 193
-326 175
-310 169
-258 137
-306 169
-318 181
-358 193
-386 195
-362 187
-338 179
-302 171
-298 161
-262 149
-290 169
-338 177
-330 177
-318 177
-294 163
-254 151
-250 133
-274 153
-310 169
-306 165
-294 155
-282 137
-314 165
-350 183
-370 193
-330 183
-334 189
-358 197
-366 199
-294 171
-270 159
-318 173
-302 161
-306 165
-350 189
-370 195
-338 175
-366 167
-346 151
-306 155
-310 147
-298 145
-306 145
-326 153
-306 157
-286 149
-338 173
-322 163
-322 167
-302 167
-302 171
-342 183
-298 171
-306 165
-318 177
-286 149
-298 163
-302 157
-314 161
-350 165
-342 165
-274 143
-266 145
-282 141
-302 129
-294 133
-290 129
-298 131
-314 141
-302 129
-302 143
-306 165
-302 143
-310 137
-294 135
-306 159
-330 165
-334 177
-302 171
-342 187
-342 191
-318 185
-326 181
-306 179
-322 177
-354 187
-334 175
-302 149
-282 151
-278 149
-262 145
-290 161
-282 129
-306 151
-302 137
-286 129
-306 143
-302 145
-286 139
-282 151
-270 145
-326 169
-334 169
-366 187
-370 189
-398 201
-370 189
-342 173
-330 173
-298 157
-326 161
-314 135
-298 129
-326 153
-298 143
-274 129
-302 129
-302 145
-302 145
-314 139
-306 131
-294 119
-302 129
-282 119
-294 115
-250 99
-250 99
-282 145
-318 163
-306 165
-322 181
-354 197
-354 185
-334 177
-366 195
-374 199
-346 187
-354 187
-330 169
-290 159
-310 163
-338 189
-358 191
-326 183
-350 187
-350 189
-370 199
-366 195
-378 201
-382 197
-366 201
-382 201
-390 209
-394 209
-370 199
-366 197
-354 195
-330 183
-306 173
-310 173
-326 169
-306 149
-290 135
-298 137
-278 119
-314 151
-274 117
-302 117
-258 125
-290 123
-242 119
-226 99
-230 75
-250 59
-218 33
-218 35
-262 57
-218 53
-218 39
-202 73
-262 79
-246 77
-274 87
-250 95
-294 127
-270 131
-278 119
-314 131
-286 145
-322 163
-330 175
-310 163
-322 169
-294 159
-286 155
-302 163
-310 165
-350 185
-366 197
-338 185
-330 179
-322 175
-318 179
-322 185
-322 187
-310 185
-382 205
-374 203
-386 207
-426 219
-386 209
-402 211
-370 203
-342 191
-338 187
-374 199
-350 193
-334 187
-290 167
-302 171
-322 161
-286 153
-266 153
-298 163
-318 165
-306 155
-230 109
-202 91
-186 95
-254 107
-238 103
-226 113
-218 99
-274 133
-294 143
-326 155
-322 155
-310 163
-322 151
-326 161
-350 159
-278 139
-290 137
-266 137
-290 135
-278 111
-310 127
-294 145
-306 161
-306 173
-302 165
-302 157
-298 157
-314 175
-338 181
-402 197
-378 201
-366 203
-354 195
-346 193
-338 191
-354 195
-326 173
-278 161
-270 149
-230 127
-258 107
-218 115
-262 109
-290 99
-278 89
-234 85
-214 97
-266 91
-254 107
-306 125
-298 115
-318 139
-318 155
-318 155
-270 151
-278 113
-302 121
-282 119
-254 107
-266 125
-278 153
-290 163
-306 157
-330 171
-334 165
-298 167
-310 167
-302 155
-274 147
-306 155
-290 165
-266 161
-274 145
-294 145
-302 137
-306 149
-314 141
-286 131
-306 145
-298 125
-246 115
-258 95
-290 107
-306 109
-282 117
-302 127
-298 135
-334 151
-366 141
-346 153
-298 129
-290 147
-270 131
-270 135
-262 131
-290 145
-286 129
-310 119
-258 119
-238 117
-246 123
-258 117
-238 117
-254 121
-246 117
-214 105
-250 113
-282 127
-254 107
-238 95
-206 79
-234 91
-206 107
-246 129
-222 99
-242 101
-282 135
-266 121
-318 119
-266 99
-294 109
-302 123
-282 107
-290 111
-250 113
-258 129
-258 121
-238 121
-222 105
-266 117
-282 133
-274 133
-278 137
-266 113
-302 125
-290 109
-282 87
-278 73
-190 45
-166 47
-206 51
-218 87
-270 107
-306 121
-290 125
-286 133
-302 133
-298 133
-338 125
-314 103
-270 87
-274 59
-266 47
-282 49
-290 75
-294 75
-254 59
-322 85
-314 93
-294 91
-334 95
-286 93
-302 115
-298 127
-334 139
-354 153
-362 161
-342 165
-366 173
-326 151
-306 157
-318 151
-298 131
-314 143
-350 155
-326 133
-270 127
-270 111
-254 83
-286 97
-266 99
-258 91
-258 81
-254 63
-234 57
-254 37
-294 41
-278 43
-270 75
-246 71
-218 55
-226 61
-242 71
-274 67
-274 49
-294 61
-274 63
-266 75
-290 87
-254 105
-258 109
-234 101
-254 75
-266 75
-258 83
-238 73
-230 51
-258 67
-258 57
-282 57
-274 71
-258 57
-286 93
-282 87
-282 77
-290 97
-294 107
-302 109
-290 117
-290 105
-278 117
-298 121
-298 151
-298 151
-294 145
-318 143
-302 149
-326 161
-294 161
-374 193
-394 205
-414 215
-374 201
-362 195
-366 199
-386 201
-370 201
-298 167
-286 149
-322 155
-334 161
-338 157
-294 133
-298 139
-278 119
-298 145
-290 131
-270 139
-278 129
-254 145
-258 127
-282 117
-310 147
-298 137
-314 153
-310 153
-326 169
-318 175
-282 165
-346 185
-338 179
-322 163
-310 159
-326 171
-314 169
-298 177
-338 179
-298 181
-290 167
-306 163
-306 157
-298 155
-250 135
-258 135
-246 139
-226 135
-278 159
-290 153
-338 179
-342 181
-306 165
-302 165
-270 145
-298 151
-318 159
-302 175
-342 187
-330 177
-334 187
-358 201
-350 199
-334 191
-322 185
-310 183
-362 197
-342 189
-334 177
-318 163
-354 179
-354 183
-346 195
-374 195
-350 191
-366 201
-418 217
-422 217
-358 195
-338 187
-354 195
-366 191
-350 193
-334 185
-318 183
-322 181
-394 209
-374 199
-390 203
-366 197
-386 199
-350 193
-294 157
-310 165
-326 173
-310 169
-350 181
-326 173
-342 179
-362 189
-334 171
-330 177
-358 189
-354 181
-362 179
-370 193
-362 199
-370 203
-386 203
-382 205
-390 197
-362 187
-318 181
-366 199
-374 195
-362 195
-358 191
-338 193
-326 183
-322 173
-314 163
-306 153
-354 167
-370 187
-354 187
-346 183
-362 195
-326 187
-282 169
-306 151
-286 137
-258 127
-254 131
-230 111
-242 115
-266 127
-254 107
-290 129
-298 147
-250 137
-286 155
-298 157
-306 169
-294 177
-294 161
-310 167
-318 181
-318 163
-274 139
-318 145
-330 145
-314 121
-274 119
-290 115
-278 113
-254 99
-246 91
-274 87
-286 99
-302 117
-298 133
-278 119
-274 113
-254 97
-270 99
-286 131
-306 137
-286 163
-286 159
-286 145
-286 141
-270 133
-278 131
-278 133
-298 145
-282 137
-286 125
-302 145
-306 147
-298 147
-298 153
-258 131
-262 131
-254 129
-222 99
-222 97
-266 115
-278 101
-262 95
-302 127
-282 115
-294 89
-298 77
-294 73
-258 57
-230 25
-226 45
-230 49
-262 65
-282 65
-258 71
-270 87
-278 103
-314 103
-274 103
-242 87
-290 109
-258 101
-274 111
-310 131
-330 149
-302 113
-310 133
-314 119
-294 103
-270 99
-258 91
-266 89
-266 93
-222 43
-266 53
-254 57
-246 51
-222 41
-250 43
-218 37
-246 57
-250 55
-266 69
-238 71
-266 105
-278 113
-290 117
-262 125
-270 131
-282 149
-258 135
-250 125
-282 131
-270 119
-262 137
-278 145
-282 141
-282 129
-270 115
-250 115
-274 143
-266 137
-294 161
-314 155
-310 159
-330 171
-302 175
-378 205
-374 201
-350 185
-310 165
-338 173
-338 169
-342 171
-358 173
-338 167
-302 161
-326 169
-306 171
-290 161
-290 149
-310 155
-278 137
-282 143
-290 121
-290 115
-298 123
-286 117
-274 121
-306 129
-298 129
-282 143
-294 135
-286 135
-286 131
-258 99
-270 107
-270 109
-262 95
-234 85
-258 69
-238 51
-230 65
-278 63
-226 69
-214 55
-274 53
-238 47
-278 71
-286 77
-262 73
-274 99
-270 105
-266 95
-294 101
-306 99
-318 95
-274 87
-214 75
-234 77
-246 73
-266 87
-250 99
-234 79
-250 73
-230 71
-222 55
-198 35
-154 25
-190 7
-198 7
-198 7
-198 3
-210 11
-206 43
-218 27
-214 13
-246 29
-258 1
-266 3
-218 3
-226 7
-222 13
-230 15
-230 17
-226 21
-226 15
-226 11
-266 9
-302 3
-282 15
-266 11
-250 5
-234 19
-210 31
-190 19
-218 5
-226 7
-202 29
-214 25
-218 43
-266 77
-254 53
-266 91
-266 83
-226 89
-254 107
-246 113
-270 99
-254 89
-258 103
-270 109
-226 71
-282 55
-242 49
-226 61
-198 41
-214 25
-210 31
-254 43
-242 65
-206 89
-242 103
-242 119
-282 123
-294 143
-326 165
-334 163
-310 161
-322 171
-274 135
-262 121
-258 131
-298 153
-294 157
-278 161
-214 137
-242 147
-286 153
-298 151
-318 155
-346 171
-326 167
-302 157
-286 155
-278 149
-290 159
-270 153
-278 125
-286 135
-286 149
-286 129
-286 147
-302 153
-210 127
-262 133
-306 149
-290 137
-302 143
-278 135
-322 133
-318 133
-342 137
-350 163
-306 175
-322 183
-318 187
-318 183
-346 191
-370 191
-358 201
-370 195
-354 187
-342 191
-362 199
-370 197
-302 173
-338 175
-282 163
-294 161
-286 155
-266 149
-270 121
-258 105
-250 107
-242 113
-242 125
-234 109
-262 125
-246 127
-286 151
-306 167
-330 171
-290 141
-302 147
-306 139
-286 149
-290 149
-298 153
-278 141
-298 135
-334 139
-302 143
-342 179
-338 183
-374 193
-370 185
-338 179
-294 163
-270 135
-266 105
-274 117
-290 131
-294 139
-306 167
-310 161
-314 171
-326 179
-314 177
-326 181
-358 189
-342 183
-318 173
-326 169
-318 181
-298 159
-302 163
-290 157
-278 139
-294 153
-334 173
-282 161
-306 149
-294 139
-278 147
-314 147
-318 145
-310 159
-302 161
-326 157
-310 143
-306 135
-306 129
-318 135
-306 135
-326 135
-322 127
-338 139
-298 125
-302 121
-274 111
-286 135
-318 149
-330 165
-326 161
-346 179
-374 197
-326 183
-350 193
-290 165
-306 171
-290 153
-342 175
-362 179
-346 189
-346 187
-330 167
-314 165
-358 177
-366 167
-358 165
-338 165
-342 171
-314 163
-294 143
-262 151
-306 165
-310 151
-290 143
-314 157
-294 161
-294 159
-294 151
-310 165
-286 149
-302 165
-314 179
-318 177
-318 187
-358 197
-354 189
-326 173
-350 183
-330 179
-370 185
-326 181
-298 169
-350 191
-382 205
-402 211
-378 205
-382 205
-398 207
-406 209
-382 203
-382 203
-378 203
-370 191
-326 173
-298 177
-358 189
-366 193
-374 187
-338 181
-322 181
-334 181
-358 189
-342 185
-350 183
-314 155
-274 133
-282 137
-270 147
-298 165
-346 175
-374 193
-350 187
-326 193
-326 185
-354 185
-350 183
-294 159
-298 153
-258 119
-310 133
-306 111
-306 91
-250 83
-270 89
-250 71
-246 73
-242 71
-282 83
-266 63
-274 75
-246 51
-242 63
-238 81
-254 113
-202 101
-254 101
-282 97
-322 129
-342 143
-342 141
-354 145
-366 161
-370 161
-338 153
-334 151
-314 131
-306 127
-326 119
-298 119
-290 103
-270 103
-262 93
-238 91
-250 111
-238 109
-258 135
-238 131
-242 131
-214 113
-258 139
-282 149
-346 175
-350 179
-318 161
-318 171
-278 149
-334 173
-302 167
-298 161
-306 161
-322 171
-322 181
-314 173
-298 149
-266 135
-270 131
-258 141
-262 143
-294 157
-282 163
-282 157
-306 173
-338 181
-342 185
-326 183
-366 199
-350 191
-350 187
-342 191
-378 205
-358 195
-370 199
-326 179
-334 171
-330 167
-338 183
-310 169
-278 159
-314 173
-330 181
-318 181
-310 161
-298 147
-326 155
-322 163
-278 163
-302 179
-310 173
-366 199
-374 205
-370 199
-378 201
-354 193
-362 187
-354 187
-342 179
-350 163
-318 151
-314 149
-342 165
-350 175
-338 173
-318 163
-298 161
-298 141
-246 137
-282 135
-302 127
-306 131
-310 133
-282 129
-294 145
-282 129
-286 143
-298 157
-290 159
-342 187
-342 179
-278 147
-266 127
-278 139
-326 141
-330 147
-350 155
-322 163
-290 149
-374 197
-362 193
-334 183
-358 189
-318 173
-254 155
-294 161
-338 171
-270 125
-262 123
-246 119
-262 111
-254 113
-242 87
-242 79
-250 85
-246 69
-266 53
-246 43
-266 49
-294 57
-262 47
-242 51
-270 27
-274 39
-294 43
-254 25
-238 25
-242 35
-278 63
-254 61
-290 57
-270 43
-258 49
-262 17
-238 21
-246 35
-258 33
-242 65
-250 61
-214 55
-206 19
-206 39
-206 27
-262 17
-282 5
-298 11
-250 3
-270 13
-266 21
-266 3
-262 25
-258 31
-254 45
-234 59
-258 77
-266 87
-238 57
-230 55
-222 73
-262 69
-266 67
-262 79
-218 53
-210 47
-214 87
-202 33
-202 17
-210 1
-258 23
-242 7
-214 13
-222 5
-230 45
-234 51
-238 81
-262 91
-258 85
-298 97
-302 133
-310 161
-310 159
-274 145
-294 143
-282 133
-314 143
-330 153
-306 153
-290 145
-306 143
-254 147
-258 133
-302 163
-322 171
-302 145
-306 147
-314 161
-314 155
-318 147
-302 147
-318 165
-334 173
-314 173
-310 159
-278 153
-302 165
-334 163
-326 167
-358 165
-350 149
-350 173
-306 163
-338 179
-390 199
-398 207
-390 207
-382 203
-382 207
-330 185
-338 187
-378 195
-326 173
-322 177
-342 189
-338 191
-290 173
-286 159
-322 179
-318 175
-314 173
-342 175
-334 191
-314 181
-294 169
-262 151
-242 135
-266 123
-290 139
-266 135
-274 137
-270 137
-310 159
-298 153
-342 175
-338 165
-306 153
-302 143
-302 159
-282 147
-314 161
-310 157
-298 129
-274 125
-262 103
-298 85
-302 79
-278 91
-274 75
-250 93
-262 81
-258 87
-234 79
-250 81
-270 67
-286 61
-250 83
-270 71
-226 53
-218 35
-210 29
-238 5
-254 17
-318 9
-286 3
-262 23
-258 5
-262 19
-258 17
-294 33
-306 47
-290 73
-266 79
-254 65
-282 43
-222 31
-210 63
-210 75
-222 87
-254 115
-262 109
-290 113
-282 121
-230 117
-250 115
-286 139
-290 141
-302 121
-290 141
-294 153
-282 137
-302 135
-318 161
-306 145
-306 159
-302 169
-306 167
-286 159
-322 167
-338 185
-338 187
-342 185
-326 175
-314 167
-298 151
-290 155
-370 183
-374 189
-370 183
-358 171
-326 171
-302 165
-314 153
-302 145
-326 173
-246 135
-246 133
-286 139
-302 157
-334 183
-326 173
-374 197
-350 181
-362 191
-378 197
-382 203
-382 201
-334 187
-334 185
-370 203
-390 203
-366 197
-342 193
-366 197
-346 193
-342 191
-374 195
-390 205
-350 195
-374 203
-370 203
-358 197
-334 177
-374 197
-410 215
-374 197
-390 203
-362 195
-354 195
-354 191
-354 189
-326 187
-334 185
-354 197
-370 201
-346 191
-358 197
-330 185
-310 159
-282 151
-258 137
-306 153
-350 157
-342 171
-330 177
-342 189
-326 175
-294 167
-346 187
-362 195
-294 169
-262 161
-274 137
-246 113
-262 127
-258 139
-286 143
-274 157
-298 163
-334 175
-326 173
-338 177
-334 167
-330 169
-350 183
-342 181
-374 201
-378 205
-374 201
-370 201
-346 189
-326 189
-346 195
-330 189
-338 189
-314 175
-326 181
-322 173
-294 175
-286 163
-290 165
-334 175
-330 173
-322 175
-326 181
-338 175
-294 153
-318 153
-306 137
-322 161
-346 167
-330 183
-310 179
-302 161
-302 165
-366 191
-362 189
-350 187
-350 195
-318 169
-298 169
-298 161
-306 147
-242 129
-266 121
-254 129
-290 145
-270 133
-254 141
-294 153
-278 139
-274 137
-250 147
-286 139
-330 165
-334 179
-338 185
-354 197
-350 193
-382 201
-342 189
-342 179
-318 183
-310 181
-366 201
-370 199
-378 195
-366 193
-346 183
-374 199
-354 195
-362 193
-322 173
-306 147
-298 149
-302 157
-314 163
-334 183
-330 177
-346 173
-306 171
-314 171
-306 155
-318 173
-314 179
-326 189
-334 175
-318 185
-346 193
-330 179
-330 179
-274 149
-250 121
-262 135
-266 125
-238 131
-250 113
-246 111
-278 115
-254 113
-262 117
-234 101
-282 131
-274 107
-266 119
-270 123
-286 157
-294 167
-298 147
-322 163
-334 157
-290 145
-298 151
-310 135
-286 119
-294 111
-270 101
-282 107
-314 109
-302 109
-278 91
-278 105
-242 83
-262 105
-254 115
-266 129
-274 141
-278 125
-274 109
-230 101
-286 115
-298 125
-274 131
-302 155
-330 177
-318 175
-302 175
-338 171
-270 149
-286 137
-290 141
-274 153
-286 159
-318 171
-290 163
-282 163
-326 173
-334 173
-362 187
-318 171
-302 157
-330 165
-358 181
-302 159
-318 177
-318 183
-350 179
-354 177
-342 181
-314 167
-326 177
-334 177
-290 169
-318 171
-330 187
-326 175
-342 187
-346 189
-338 187
-346 191
-346 191
-354 193
-338 177
-326 171
-310 167
-358 189
-334 189
-358 195
-334 185
-354 185
-338 181
-322 183
-334 193
-342 191
-334 191
-342 195
-374 205
-386 205
-390 207
-378 203
-370 201
-358 197
-330 181
-342 185
-342 179
-326 179
-326 179
-330 177
-342 189
-330 179
-318 185
-334 189
-282 159
-346 187
-330 185
-306 167
-318 169
-330 175
-310 175
-306 173
-290 153
-322 159
-302 155
-334 173
-318 157
-318 159
-306 169
-306 155
-306 145
-234 131
-250 139
-266 159
-290 161
-294 163
-294 145
-290 119
-274 143
-306 169
-310 171
-326 177
-278 163
-270 159
-198 125
-242 133
-282 151
-282 143
-298 155
-346 179
-374 191
-354 187
-314 177
-354 187
-358 181
-354 181
-342 171
-322 169
-318 161
-314 171
-294 163
-278 141
-298 129
-286 99
-278 93
-290 101
-294 101
-270 75
-226 57
-230 65
-262 51
-282 73
-306 113
-302 125
-302 141
-322 153
-330 165
-318 163
-346 163
-298 137
-290 143
-338 159
-314 153
-330 149
-290 151
-306 153
-274 135
-286 149
-246 113
-246 121
-246 93
-246 95
-270 125
-278 113
-302 119
-278 139
-306 143
-282 119
-230 101
-226 129
-214 93
-222 85
-246 89
-246 69
-246 87
-242 75
-242 77
-246 87
-226 79
-246 47
-242 67
-266 55
-246 49
-254 51
-274 37
-290 53
-242 53
-246 61
-222 49
-206 27
-242 37
-222 63
-218 93
-242 101
-290 131
-290 131
-302 167
-314 173
-282 163
-306 163
-318 169
-286 169
-290 161
-258 153
-282 121
-274 143
-314 155
-326 157
-354 167
-322 169
-310 177
-326 185
-314 181
-278 151
-286 143
-270 121
-266 133
-250 105
-270 123
-262 117
-230 101
-214 101
-270 117
-278 139
-250 131
-250 135
-226 109
-254 127
-258 117
-274 131
-306 123
-302 125
-298 113
-318 135
-314 129
-310 113
-270 105
-314 125
-306 117
-290 119
-254 107
-286 119
-290 127
-278 127
-286 137
-278 135
-326 161
-290 149
-326 155
-322 161
-310 165
-330 177
-306 159
-318 157
-370 179
-342 173
-338 173
-302 165
-306 167
-278 145
-266 137
-298 139
-302 153
-306 151
-330 157
-326 151
-322 151
-322 145
-314 149
-342 169
-330 165
-330 159
-294 137
-294 133
-290 153
-314 171
-290 163
-322 159
-326 157
-306 167
-322 169
-330 183
-334 187
-362 193
-342 187
-342 185
-294 165
-282 165
-282 171
-310 177
-286 149
-274 155
-334 175
-322 167
-310 167
-346 153
-294 149
-262 123
-254 123
-262 131
-254 145
-318 177
-326 177
-298 165
-314 177
-282 161
-338 187
-334 181
-310 155
-314 155
-318 173
-306 153
-330 165
-318 163
-298 143
-274 127
-266 119
-258 105
-266 109
-226 65
-206 47
-242 41
-250 29
-226 33
-258 37
-282 71
-258 41
-242 41
-262 57
-278 51
-314 75
-310 83
-290 75
-294 97
-306 107
-298 121
-266 99
-270 97
-246 103
-274 83
-254 99
-230 81
-282 103
-310 101
-286 95
-298 97
-294 107
-294 127
-306 137
-310 151
-310 161
-354 161
-358 153
-318 147
-282 141
-282 151
-306 141
-266 129
-262 101
-270 113
-270 111
-242 87
-250 77
-270 103
-282 111
-258 99
-254 93
-230 107
-206 81
-194 65
-250 85
-298 97
-282 77
-282 83
-258 89
-258 61
-258 81
-230 87
-258 75
-242 79
-274 91
-266 107
-306 135
-298 135
-298 123
-278 129
-270 143
-306 155
-286 153
-334 175
-362 175
-370 181
-322 167
-334 183
-334 177
-314 173
-346 189
-310 179
-306 179
-318 173
-314 177
-310 175
-322 187
-318 171
-286 161
-302 167
-294 165
-366 191
-386 207
-358 193
-366 195
-374 193
-374 201
-398 209
-326 185
-314 179
-314 181
-358 191
-390 199
-366 189
-334 187
-310 163
-274 157
-298 163
-322 163
-338 157
-270 139
-302 157
-318 155
-314 157
-330 163
-334 155
-302 145
-286 151
-270 155
-286 157
-306 167
-326 163
-318 155
-346 149
-330 137
-310 133
-298 129
-286 135
-242 119
-242 133
-290 119
-282 109
-282 111
-278 111
-286 103
-242 77
-238 87
-218 83
-238 87
-254 109
-262 101
-270 95
-262 101
-282 111
-258 119
-242 119
-306 141
-286 149
-282 129
-266 147
-278 141
-234 139
-302 175
-278 165
-322 187
-346 193
-374 201
-366 199
-354 189
-338 185
-318 183
-370 195
-330 179
-354 189
-358 199
-378 203
-374 197
-354 195
-338 189
-346 193
-342 189
-378 203
-382 207
-354 197
-430 219
-442 223
-406 211
-382 205
-370 199
-374 197
-358 193
-386 199
-370 193
-322 169
-270 141
-254 129
-278 147
-294 141
-262 125
-266 141
-342 171
-326 171
-322 157
-318 165
-330 175
-342 185
-378 201
-374 203
-338 183
-346 187
-318 155
-322 163
-302 173
-350 189
-362 193
-362 201
-350 189
-362 191
-366 195
-342 183
-310 175
-306 173
-354 185
-342 189
-326 191
-374 203
-370 197
-390 207
-358 193
-302 175
-314 167
-326 181
-302 177
-330 185
-358 197
-322 189
-342 189
-322 163
-286 157
-326 179
-310 167
-310 173
-286 151
-294 147
-330 161
-274 147
-298 149
-314 163
-298 153
-262 127
-250 99
-250 125
-278 119
-278 141
-274 147
-282 143
-302 161
-278 145
-282 149
-230 117
-286 131
-294 157
-294 151
-250 143
-270 153
-314 177
-294 161
-302 179
-282 165
-318 177
-322 175
-366 201
-346 191
-334 191
-338 189
-314 179
-302 163
-302 163
-334 183
-330 189
-338 187
-386 207
-374 195
-350 177
-322 167
-290 151
-318 157
-330 159
-302 153
-290 137
-330 143
-350 155
-342 147
-330 145
-322 159
-334 151
-314 139
-266 117
-282 141
-258 147
-286 153
-290 173
-346 191
-342 191
-306 171
-290 165
-350 197
-370 197
-382 201
-362 177
-350 189
-314 163
-254 131
-294 155
-310 169
-330 169
-306 155
-250 123
-250 113
-286 117
-266 103
-242 93
-286 109
-262 83
-270 89
-274 115
-262 121
-242 117
-290 123
-306 135
-262 123
-298 157
-290 153
-310 163
-338 177
-358 179
-310 161
-282 163
-322 183
-338 177
-310 161
-350 179
-346 183
-386 203
-366 191
-322 181
-338 177
-330 179
-274 157
-286 151
-278 147
-298 127
-310 135
-266 107
-286 131
-314 127
-286 125
-314 117
-274 109
-286 129
-314 163
-334 177
-350 187
-342 189
-370 197
-330 173
-314 175
-310 177
-250 147
-254 115
-306 129
-246 89
-266 89
-286 117
-302 111
-310 115
-330 123
-306 111
-286 109
-274 103
-278 117
-286 129
-286 125
-230 111
-226 95
-238 99
-262 107
-286 117
-290 121
-254 115
-230 101
-278 127
-306 133
-294 141
-282 129
-278 121
-302 141
-234 109
-218 93
-254 97
-274 103
-254 111
-302 129
-322 149
-274 103
-294 101
-270 61
-274 65
-290 67
-246 75
-274 89
-246 85
