20 26
-268 50
-392 66
-428 86
-456 138
-480 154
-488 184
-540 206
-540 218
-576 218
-576 206
-548 228
-604 254
-628 286
-628 286
-620 288
-604 288
-648 312
-648 318
-664 318
-636 304
-660 324
-668 324
-676 330
-640 314
-620 302
-588 294
-652 322
-656 330
-668 324
-644 332
-668 348
-704 358
-712 372
-728 378
-696 364
-704 366
-652 342
-684 352
-688 364
-652 358
-660 358
-700 374
-720 376
-728 380
-724 380
-732 380
-732 382
-728 378
-708 370
-720 374
-712 368
-700 372
-652 348
-688 358
-728 368
-708 360
-692 358
-684 354
-688 356
-688 354
-664 344
-644 346
-632 348
-668 362
-664 354
-668 358
-684 364
-640 348
-676 364
-660 350
-660 352
-628 344
-668 362
-720 376
-728 380
-704 364
-700 364
-708 362
-684 352
-644 348
-636 344
-712 364
-720 372
-716 372
-688 358
-688 366
-704 368
-684 366
-720 376
-716 374
-744 380
-740 384
-700 372
-732 382
-740 384
-740 378
-728 380
-736 382
-728 382
-732 380
-752 386
-696 368
-680 358
-672 358
-676 350
-624 326
-636 332
-660 346
-672 338
-712 368
-704 370
-688 364
-688 364
-728 380
-680 362
-692 356
-684 354
-696 360
-668 342
-644 332
-628 328
-624 334
-644 346
-692 366
-696 364
-684 358
-684 364
-696 366
-704 370
-736 382
-748 386
-696 364
-744 380
-720 378
-720 372
-684 364
-728 374
-732 380
-764 390
-732 382
-776 394
-752 388
-736 382
-700 370
-744 384
-752 388
-732 382
-760 390
-716 376
-732 376
-728 372
-704 366
-672 354
-700 368
-708 370
-736 384
-688 368
-720 378
-696 372
-680 364
-700 368
-704 372
-728 380
-732 380
-752 388
-752 388
-708 372
-696 350
-700 362
-672 348
-700 366
-716 378
-728 382
-724 376
-720 378
-744 386
-732 376
-668 356
-688 364
-736 380
-720 370
-716 374
-716 376
-644 354
-716 374
-696 370
-712 372
-704 374
-696 372
-720 376
-712 374
-680 364
-684 358
-680 354
-676 356
-680 366
-720 374
-724 378
-732 380
-760 390
-716 374
-768 392
-744 380
-712 372
-732 374
-736 378
-700 356
-692 358
-716 368
-692 366
-752 384
-724 376
-728 380
-704 370
-720 376
-764 386
-740 382
-684 362
-668 360
-676 358
-688 364
-672 352
-716 364
-684 368
-712 372
-724 380
-716 378
-696 368
-712 372
-740 380
-724 376
-708 374
-696 362
-680 346
-704 358
-676 348
-688 358
-680 358
-732 374
-732 382
-712 376
-680 356
-740 384
-732 380
-712 374
-716 376
-688 370
-692 366
-696 358
-672 350
-684 362
-688 362
-732 380
-720 372
-760 388
-740 378
-724 376
-732 380
-704 360
-680 356
-716 366
-668 354
-716 368
-688 338
-696 346
-724 364
-708 352
-636 334
-672 354
-700 362
-672 340
-676 352
-704 368
-696 366
-712 370
-680 358
-704 370
-692 370
-708 376
-724 380
-700 366
-664 360
-656 354
-688 368
-676 366
-692 370
-640 348
-676 362
-680 360
-664 350
-664 356
-668 356
-688 362
-680 352
-664 352
-696 352
-672 338
-680 344
-684 350
-696 354
-652 338
-660 342
-716 360
-716 360
-732 366
-704 352
-676 344
-648 332
-660 338
-648 340
-648 340
-640 328
-616 324
-652 346
-684 356
-632 346
-652 348
-680 364
-724 378
-756 386
-724 378
-688 364
-720 374
-680 366
-704 374
-680 352
-676 346
-636 334
-636 332
-684 344
-704 358
-712 364
-764 386
-720 374
-704 370
-712 370
-724 376
-720 376
-728 382
-700 370
-692 368
-704 368
-664 362
-652 350
-704 370
-696 366
-700 364
-728 378
-720 374
-704 372
-688 368
-700 374
-724 378
-732 380
-740 382
-696 368
-652 354
-668 350
-672 354
-644 342
-620 330
-632 332
-636 336
-672 348
-700 362
-696 366
-668 364
-700 368
-712 372
-660 346
-636 340
-640 342
-696 366
-700 362
-700 364
-708 374
-704 372
-744 384
-668 362
-732 380
-744 380
-752 388
-760 388
-712 376
-680 368
-716 374
-668 350
-696 362
-708 374
-744 386
-724 380
-752 388
-736 382
-756 388
-740 384
-736 382
-732 380
-752 388
-760 388
-760 390
-768 392
-756 386
-716 374
-696 372
-696 370
-688 368
-664 362
-644 342
-656 344
-664 352
-656 348
-656 344
-660 346
-684 358
-684 360
-692 366
-680 362
-720 372
-712 374
-708 368
-692 366
-704 366
-748 386
-732 380
-748 384
-748 386
-716 372
-712 374
-688 366
-668 350
-696 370
-720 378
-776 394
-740 382
-704 370
-704 362
-684 356
-676 344
-648 346
-660 354
-660 358
-700 358
-680 360
-664 348
-696 356
-668 344
-648 338
-588 320
-652 350
-680 360
-696 362
-696 366
-712 372
-700 368
-700 366
-684 368
-728 380
-700 370
-712 374
-728 378
-740 382
-728 380
-712 376
-700 372
-688 364
-728 382
-740 384
-764 390
-672 360
-652 338
-600 316
-616 316
-632 326
-668 344
-648 342
-664 362
-720 372
-720 370
-760 388
-748 382
-720 376
-748 376
-736 380
-744 384
-744 384
-752 386
-712 370
-692 354
-684 346
-636 318
-656 334
-656 342
-696 350
-680 354
-676 344
-684 352
-680 344
-700 356
-752 386
-744 384
-740 382
-708 374
-776 394
-708 372
-648 354
-676 366
-688 368
-724 376
-728 380
-684 364
-668 350
-640 346
-676 358
-684 362
-716 374
-728 380
-700 372
-692 360
-688 370
-696 370
-656 358
-668 360
-708 366
-716 374
-716 376
-744 382
-716 366
-676 368
-736 382
-684 370
-736 382
-688 364
-716 372
-744 382
-728 380
-724 376
-712 376
-708 374
-732 378
-740 380
-712 370
-660 352
-672 360
-692 360
-712 366
-680 366
-724 376
-700 372
-732 378
-752 386
-692 368
-676 364
-680 356
-676 364
-724 380
-664 358
-692 370
-728 380
-696 362
-692 360
-644 348
-716 376
-756 384
-728 378
-744 384
-740 376
-712 374
-700 372
-700 370
-724 376
-740 380
-776 392
-764 390
-752 386
-708 370
-708 374
-692 368
-692 360
-684 362
-708 374
-708 374
-736 382
-732 378
-696 370
-692 370
-724 380
-728 376
-716 376
-720 376
-716 370
-708 366
-700 370
-716 376
-688 366
-668 362
-684 368
-640 346
-684 360
-744 384
-736 382
-732 376
-700 368
-700 370
-740 382
-724 372
-708 370
-688 364
-728 380
-732 380
-700 370
-752 388
-724 378
-724 380
-700 370
-728 378
-696 366
-688 364
-664 358
-668 358
-712 372
-692 366
-660 354
-640 354
-676 366
-672 362
-696 362
-700 370
-704 370
-684 364
-688 366
-676 364
-680 362
-696 362
-680 352
-684 354
-688 354
-712 374
-720 378
-716 360
-700 364
-720 370
-700 372
-712 374
-688 364
-704 360
-644 344
-696 368
-716 374
-688 366
-684 366
-732 380
-748 384
-760 390
-720 376
-664 358
-656 358
-680 366
-712 362
-724 374
-680 358
-704 370
-720 366
-708 364
-680 358
-700 360
-732 374
-712 370
-732 376
-736 382
-708 374
-720 378
-736 382
-732 382
-712 370
-676 348
-636 336
-604 340
-668 350
-684 366
-684 352
-672 346
-696 358
-720 378
-720 378
-660 354
-664 360
-620 342
-672 360
-676 356
-648 350
-652 352
-672 362
-720 370
-752 388
-740 382
-740 384
-708 366
-724 374
-712 370
-768 390
-740 382
-776 394
-752 388
-760 390
-736 382
-704 372
-744 384
-716 374
-704 374
-676 364
-728 378
-712 366
-716 368
-696 364
-708 366
-664 344
-660 344
-656 346
-668 348
-696 348
-684 348
-668 344
-700 358
-696 368
-704 366
-760 386
-684 358
-712 374
-636 346
-652 350
-692 354
-720 366
-740 380
-700 366
-724 372
-664 348
-660 350
-676 358
-704 372
-700 368
-740 378
-708 372
-656 356
-660 354
-696 370
-716 372
-688 368
-700 368
-688 360
-676 354
-644 346
-632 338
-648 344
-620 338
-668 342
-720 366
-700 366
-712 372
-700 372
-672 362
-688 366
-708 374
-688 368
-736 382
-740 384
-764 390
-748 384
-716 376
-720 376
-688 362
-756 388
-752 386
-716 374
-672 360
-664 344
-704 358
-644 328
-636 336
-648 340
-672 350
-696 352
-704 364
-652 344
-660 344
-664 350
-688 364
-716 372
-716 378
-724 368
-676 350
-688 362
-628 340
-640 344
-696 368
-720 374
-696 356
-684 344
-664 358
-668 364
-648 348
-676 358
-684 362
-660 354
-668 360
-704 368
-708 374
-688 360
-672 352
-664 356
-692 362
-708 360
-684 346
-664 342
-676 358
-720 378
-696 368
-692 366
-684 368
-676 360
-732 376
-716 372
-704 368
-696 368
-696 368
-720 378
-724 380
-728 376
-716 378
-712 374
-716 376
-712 374
-728 380
-736 384
-720 374
-712 372
-692 364
-696 370
-696 370
-684 364
-668 362
-656 350
-652 352
-660 350
-716 376
-708 366
-684 360
-692 364
-612 338
-608 342
-668 362
-648 352
-676 364
-740 382
-700 372
-748 386
-772 392
-720 378
-716 376
-688 366
-672 360
-652 354
-652 350
-668 354
-696 352
-724 362
-680 354
-684 344
-660 332
-640 338
-580 308
-620 314
-604 314
-580 310
-608 330
-640 348
-656 344
-660 350
-684 354
-684 354
-704 368
-684 360
-680 366
-652 354
-668 358
-696 366
-716 376
-740 380
-724 376
-732 378
-724 374
-720 378
-720 378
-712 378
-716 376
-696 366
-644 348
-700 362
-688 356
-672 358
-608 338
-620 342
-636 346
-672 356
-620 338
-616 332
-632 330
-664 344
-672 342
-672 350
-668 352
-656 354
-660 354
-664 336
-652 342
-692 356
-692 358
-664 348
-688 352
-672 356
-676 342
-672 334
-688 340
-672 332
-684 340
-700 350
-680 356
-688 362
-724 378
-728 378
-736 380
-720 372
-736 378
-712 376
-684 358
-684 360
-684 354
-648 344
-648 346
-684 360
-680 366
-660 352
-688 366
-732 382
-704 372
-696 372
-748 386
-760 388
-756 386
-756 388
-748 386
-732 374
-684 356
-688 362
-708 370
-704 364
-688 358
-680 342
-704 352
-704 370
-652 344
-664 346
-648 336
-700 368
-696 366
-672 360
-760 390
-744 384
-720 376
-696 370
-672 364
-712 374
-704 374
-720 374
-668 356
-672 350
-648 330
-640 326
-616 300
-596 296
-636 318
-648 332
-676 328
-676 348
-692 354
-696 358
-700 366
-720 368
-740 376
-728 366
-716 374
-736 378
-704 370
-668 360
-688 366
-680 366
-756 388
-744 382
-728 380
-752 386
-728 380
-760 384
-744 374
-732 374
-740 382
-732 378
-700 362
-712 364
-684 366
-680 364
-700 366
-728 380
-744 384
-724 376
-724 376
-720 374
-756 388
-736 380
-700 372
-736 382
-696 370
-716 376
-716 376
-716 376
-704 370
-692 366
-732 382
-700 372
-740 382
-672 360
-684 364
-712 374
-720 376
-704 372
-680 368
-648 354
-676 360
-712 374
-652 352
-636 342
-632 338
-704 360
-732 378
-748 384
-764 390
-736 380
-732 378
-740 384
-676 356
-704 366
-696 364
-692 368
-668 360
-672 362
-716 370
-688 362
-676 358
-680 362
-692 366
-700 372
-656 336
-684 350
-672 334
-672 344
-652 342
-696 370
-744 378
-696 368
-692 366
-724 378
-764 390
-768 392
-756 386
-752 382
-728 372
-716 370
-712 374
-716 376
-732 380
-724 378
-704 370
-712 372
-680 362
-664 342
-688 360
-676 364
-664 354
-704 366
-676 350
-712 358
-684 354
-620 328
-688 364
-664 358
-672 344
-704 366
-684 358
-684 354
-684 348
-688 354
-720 366
-724 374
-736 382
-760 388
-712 376
-728 378
-680 362
-696 368
-720 378
-692 366
-692 366
-720 370
-696 368
-696 358
-708 372
-700 366
-712 370
-736 378
-752 386
-784 396
-740 382
-756 388
-724 376
-728 374
-728 378
-708 374
-736 382
-708 372
-688 366
-700 368
-708 372
-756 386
-748 384
-736 380
-700 368
-736 378
-708 372
-728 378
-736 378
-708 366
-676 358
-656 354
-652 352
-636 352
-684 366
-712 374
-740 384
-736 384
-712 376
-712 368
-672 360
-696 370
-716 376
-748 386
-716 374
-728 376
-728 380
-712 374
-712 372
-724 376
-660 352
-700 366
-684 360
-684 362
-692 362
-708 374
-728 380
-712 372
-688 358
-648 346
-700 364
-748 386
-684 364
-688 368
-692 368
-660 350
-680 354
-688 358
-704 372
-656 356
-712 374
-696 370
-688 364
-700 368
-660 354
-688 360
-708 372
-712 372
-728 378
-676 362
-720 376
-720 376
-720 376
-700 366
-688 364
-716 376
-668 354
-688 360
-680 366
-684 360
-708 366
-724 376
-728 378
-732 380
-732 380
-732 380
-716 370
-676 362
-700 366
-716 376
-672 352
-700 362
-652 348
-676 348
-692 358
-648 328
-636 340
-640 344
-708 364
-716 366
-692 362
-660 358
-672 358
-668 362
-712 376
-688 372
-700 370
-724 376
-744 384
-712 368
-648 346
-692 370
-680 366
-684 366
-700 368
-728 376
-712 374
-656 356
-724 378
-684 360
-668 354
-652 356
-644 352
-704 370
-700 370
-700 366
-700 364
-720 374
-712 368
-704 364
-696 368
-728 380
-704 370
-712 378
-732 382
-732 380
-736 382
-772 392
-776 394
-748 384
-716 376
-752 388
-732 376
-720 374
-700 364
-672 356
-644 342
-604 328
-640 328
-672 322
-636 322
-656 334
-620 334
-636 344
-640 338
-632 342
-688 362
-716 370
-684 364
-672 356
-692 360
-676 354
-660 348
-636 332
-624 314
-668 344
-660 346
-672 358
-652 348
-644 342
-704 370
-732 380
-728 374
-744 378
-744 382
-704 370
-744 382
-748 384
-740 382
-736 382
-748 386
-692 364
-672 356
-656 342
-668 348
-688 358
-712 374
-712 372
-652 354
-644 342
-672 358
-680 356
-704 370
-732 382
-720 376
-716 372
-688 364
-704 372
-712 374
-704 370
-716 370
-692 366
-740 384
-700 374
-692 364
-668 360
-660 354
-652 356
-676 356
-640 326
-648 332
-644 318
-644 304
-612 286
-620 290
-620 288
-632 306
-648 328
-664 336
-664 332
-680 338
-664 326
-652 336
-688 348
-688 346
-692 340
-664 342
-612 328
-600 328
-568 306
-604 322
-636 340
-564 316
-628 334
-656 350
-688 360
-688 364
-684 360
-692 370
-712 370
-684 362
-732 376
-744 378
-720 376
-692 370
-708 374
-708 370
-628 344
-644 348
-640 344
-668 354
-652 346
-696 342
-648 340
-680 356
-676 360
-696 356
-692 348
-688 354
-656 354
-672 358
-664 358
-680 360
-684 368
-660 352
-652 346
-692 366
-696 368
-660 346
-664 358
-716 376
-744 386
-696 368
-688 368
-676 366
-752 388
-752 386
-732 380
-760 390
-732 382
-732 382
-688 366
-704 374
-692 370
-708 374
-688 368
-696 370
-688 362
-700 364
-684 354
-644 344
-664 346
-684 356
-672 358
-712 354
-668 348
-672 356
-656 344
-632 334
-624 338
-656 356
-656 348
-688 364
-692 362
-704 368
-672 364
-656 358
-636 354
-716 378
-748 386
-692 364
-668 360
-716 364
-728 376
-704 374
-728 382
-728 380
-728 378
-716 372
-720 376
-728 380
-684 360
-720 372
-756 388
-752 388
-672 362
-676 364
-676 356
-716 368
-720 368
-656 356
-664 354
-696 370
-668 354
-672 356
-700 366
-704 368
-732 378
-720 376
-716 376
-696 372
-692 370
-692 370
-716 378
-732 380
-756 386
-692 366
-700 368
-732 378
-716 374
-720 374
-688 360
-700 370
-700 370
-724 376
-756 388
-756 388
-732 380
-716 370
-720 376
-724 370
-740 382
-684 362
-680 362
-668 362
-708 370
-692 362
-696 362
-708 368
-688 362
-688 368
-692 372
-688 352
-668 342
-652 350
-596 328
-592 316
-612 322
-648 334
-616 336
-672 354
-684 364
-692 366
-720 372
-648 344
-700 360
-692 354
-696 358
-704 364
-672 362
-652 354
-696 370
-620 348
-636 340
-620 338
-628 344
-636 332
-644 338
-620 318
-648 330
-600 310
-648 334
-652 334
-688 348
-704 342
-688 340
-652 332
-672 352
-680 360
-684 360
-696 368
-688 368
-676 364
-700 368
-704 370
-704 372
-724 378
-736 378
-700 368
-664 358
-668 366
-672 360
-644 352
-692 366
-716 376
-752 388
-736 382
-700 362
-696 362
-644 346
-624 328
-624 328
-636 342
-656 356
-680 360
-704 372
-716 372
-704 370
-708 376
-692 370
-700 370
-664 348
-652 344
-660 356
-664 360
-664 358
-620 344
-596 336
-572 322
-640 344
-648 350
-660 362
-656 358
-668 360
-648 354
-664 354
-700 370
-676 360
-640 344
-644 332
-684 354
-696 358
-736 382
-744 384
-680 364
-732 382
-744 384
-704 372
-688 358
-652 342
-640 332
-672 342
-652 340
-680 350
-676 348
-692 356
-732 378
-752 386
-748 384
-744 384
-728 380
-660 356
-680 360
-640 352
-652 354
-680 350
-692 364
-696 360
-656 348
-660 346
-680 358
-676 360
-676 354
-680 358
-692 366
-700 370
-712 374
-716 370
-728 380
-724 378
-708 372
-704 370
-748 384
-724 378
-676 352
-700 362
-688 364
-700 372
-684 360
-688 364
-656 356
-716 374
-740 384
-708 374
-696 364
-692 358
-684 360
-676 354
-664 344
-684 360
-696 368
-700 368
-708 370
-736 382
-740 384
-716 374
-708 374
-692 372
-708 374
-728 380
-696 368
-708 370
-716 374
-716 378
-744 384
-744 384
-712 366
-732 382
-732 380
-740 382
-748 386
-716 376
-708 370
-724 378
-736 380
-712 374
-724 378
-752 388
-752 388
-708 374
-692 370
-684 366
-744 386
-724 378
-716 374
-680 366
-680 368
-664 356
-668 356
-704 372
-720 374
-728 380
-736 382
-748 384
-752 384
-784 396
-732 378
-712 374
-672 366
-680 364
-684 364
-656 346
-656 354
-660 350
-704 368
-708 370
-668 348
-664 352
-672 352
-648 346
-668 354
-688 366
-708 376
-732 380
-740 384
-736 382
-740 384
-708 372
-724 376
-696 368
-696 364
-684 348
-668 350
-704 360
-684 354
-624 338
-640 346
-636 338
-692 350
-648 344
-620 340
-648 336
-656 334
-672 352
-672 352
-648 346
-644 342
-668 358
-692 362
-712 374
-684 364
-724 376
-692 362
-680 366
-696 370
-712 376
-760 390
-748 384
-692 368
-688 368
-704 374
-720 380
-728 380
-720 378
-732 382
-704 374
-704 374
-736 380
-716 374
-688 366
-720 376
-724 372
-732 370
-676 348
-684 348
-640 340
-652 344
-640 342
-696 356
-672 346
-660 326
-648 328
-612 308
-652 326
-636 320
-672 338
-704 356
-676 354
-624 340
-672 358
-720 370
-760 382
-724 376
-760 390
-760 388
-760 388
-700 368
-696 368
-672 360
-668 356
-716 362
-708 372
-704 364
-712 370
-700 366
-688 366
-676 364
-688 366
-664 354
-700 364
-696 370
-692 368
-724 376
-684 362
-688 362
-740 384
-756 388
-740 382
-732 378
-688 360
-652 350
-696 368
-660 350
-676 358
-720 372
-716 366
-644 346
-676 358
-672 356
-688 366
-660 360
-656 360
-660 358
-668 358
-688 360
-736 372
-736 370
-660 352
-704 366
-716 372
-712 374
-740 384
-760 390
-700 370
-728 378
-680 364
-672 362
-696 368
-724 378
-708 374
-712 376
-708 374
-664 362
-672 354
-648 338
-632 330
-616 326
-580 312
-620 314
-620 322
-648 318
-676 338
-668 342
-648 334
-660 338
-668 328
-700 334
-692 332
-644 332
-668 342
-648 342
-644 350
-664 356
-696 370
-728 380
-708 370
-716 374
-680 366
-708 374
-744 384
-740 382
-748 386
-756 388
-716 376
-712 368
-716 372
-688 366
-660 350
-680 354
-620 330
-676 360
-692 364
-700 366
-712 370
-748 386
