-12 6
-600 302
-592 316
-612 328
-656 348
-644 338
-624 322
-636 334
-568 306
-556 294
-584 306
-580 304
-584 316
-552 296
-572 310
-604 322
-600 318
-592 314
-584 328
-592 320
-612 316
-592 306
-588 312
-552 302
-612 324
-616 330
-568 314
-564 304
-576 314
-552 294
-544 282
-520 254
-520 262
-520 252
-504 240
-500 242
-516 256
-508 262
-596 290
-536 284
-560 294
-628 332
-600 308
-536 272
-560 274
-548 276
-512 266
-568 266
-544 270
-540 268
-516 262
-496 256
-516 256
-528 244
-520 274
-544 272
-584 278
-524 284
-552 288
-584 300
-588 298
-560 286
-540 288
-604 310
-612 324
-592 300
-572 294
-560 294
-592 298
-592 302
-608 318
-616 324
-608 312
-560 302
-552 296
-544 274
-596 282
-556 280
-576 296
-612 316
-632 316
-584 288
-556 280
-524 276
-520 274
-480 240
-532 262
-512 248
-524 252
-556 276
-564 294
-512 280
-524 278
-548 276
-540 276
-568 300
-556 294
-580 310
-580 308
-556 306
-524 256
-540 282
-584 298
-604 306
-572 284
-512 256
-572 278
-568 280
-556 284
-564 258
-548 244
-540 252
-464 236
-548 234
-532 224
-500 186
-484 186
-464 182
-432 154
-500 162
-436 170
-488 164
-488 156
-468 158
-496 196
-424 176
-432 202
-516 216
-504 204
-488 198
-492 196
-504 216
-556 244
-560 252
-532 258
-520 268
-528 252
-564 268
-552 284
-604 296
-544 282
-544 268
-556 282
-580 284
-592 288
-552 270
-568 264
-572 290
-568 290
-548 290
-564 304
-540 302
-584 314
-624 332
-576 316
-644 350
-612 328
-556 306
-572 312
-600 314
-584 320
-608 322
-548 304
-568 310
-580 298
-604 316
-616 338
-636 348
-656 358
-676 354
-660 348
-632 342
-660 352
-648 352
-692 364
-628 338
-660 354
-672 354
-632 342
-596 324
-600 328
-596 332
-648 354
-628 344
-616 346
-632 336
-648 348
-660 358
-584 320
-592 314
-572 296
-520 298
-512 268
-520 276
-504 290
-584 320
-608 308
-588 294
-620 304
-612 308
-556 304
-620 336
-636 338
-624 342
-644 350
-672 358
-636 348
-640 350
-580 328
-568 312
-616 342
-600 322
-612 322
-540 300
-548 288
-584 284
-556 278
-548 256
-520 268
-528 286
-500 260
-544 274
-564 278
-536 268
-552 278
-564 256
-584 280
-552 262
-548 244
-552 250
-512 234
-536 238
-616 270
-600 284
-596 294
-632 320
-564 272
-584 276
-576 262
-564 268
-556 262
-548 274
-532 254
-580 254
-576 236
-548 232
-568 238
-540 212
-468 192
-520 200
-540 210
-576 212
-564 236
-544 240
-500 222
-480 222
-456 208
-496 216
-552 238
-548 238
-552 242
-560 284
-564 304
-588 318
-624 336
-644 348
-676 350
-660 332
-636 318
-600 316
-588 294
-620 288
-604 294
-564 294
-548 258
-544 266
-540 258
-492 252
-536 272
-524 278
-540 256
-548 260
-544 270
-524 242
-492 228
-504 212
-492 224
-500 206
-464 198
-444 186
-524 196
-508 214
-480 238
-508 222
-476 192
-496 202
-468 182
-488 186
-496 184
-584 178
-568 180
-548 166
-568 180
-528 190
-544 174
-500 190
-492 198
-460 150
-524 162
-516 158
-468 146
-440 110
-448 140
-508 180
-500 196
-512 204
-448 170
-512 226
-512 222
-496 202
-420 168
-484 172
-524 178
-540 208
-540 234
-512 242
-520 268
-516 266
-496 256
-524 246
-540 248
-568 276
-560 254
-616 276
-576 264
-528 224
-512 230
-492 236
-540 234
-540 218
-524 220
-516 246
-532 266
-532 270
-488 246
-492 228
-500 210
-512 252
-540 238
-588 250
-584 252
-588 262
-532 248
-560 240
-560 234
-576 240
-536 246
-560 262
-564 276
-556 280
-548 258
-540 248
-576 272
-588 266
-564 266
-564 274
-560 276
-568 294
-564 306
-556 302
-544 282
-548 276
-504 260
-476 252
-508 272
-488 254
-564 268
-548 272
-556 262
-612 300
-588 316
-592 302
-616 274
-540 250
-576 250
-576 246
-580 270
-580 262
-620 270
-548 244
-528 218
-576 238
-560 244
-564 230
-548 228
-504 228
-508 236
-460 212
-488 212
-508 206
-496 202
-500 204
-496 218
-492 218
-524 246
-564 282
-500 266
-572 286
-532 264
-520 256
-540 260
-540 262
-572 236
-540 246
-584 276
-576 274
-596 280
-560 256
-572 252
-588 264
-544 250
-564 260
-584 280
-552 284
-532 276
-456 270
-532 278
-620 330
-608 330
-592 330
-572 320
-648 348
-712 370
-652 356
-680 360
-680 358
-620 334
-600 324
-596 338
-676 362
-692 362
-664 358
-640 346
-688 356
-684 362
-660 360
-708 370
-732 378
-672 364
-644 352
-648 340
-656 342
-656 344
-632 328
-572 298
-596 310
-600 314
-556 284
-536 290
-532 304
-560 310
-576 320
-584 316
-628 344
-608 328
-588 322
-572 316
-528 286
-616 314
-640 330
-608 314
-564 306
-552 292
-552 288
-536 276
-552 270
-548 294
-484 250
-512 262
-468 238
-512 268
-552 286
-604 294
-580 284
-536 262
-536 254
-492 230
-496 234
-532 262
-552 268
-580 262
-576 258
-540 250
-524 264
-472 246
-460 240
-480 210
-460 210
-488 216
-488 212
-496 224
-496 214
-556 252
-544 286
-504 270
-508 256
-520 274
-524 270
-564 284
-624 296
-636 316
-604 318
-508 268
-540 288
-532 298
-532 302
-524 284
-576 306
-508 264
-556 276
-528 288
-560 284
-516 274
-568 298
-604 320
-576 308
-580 296
-612 294
-560 274
-548 252
-608 286
-596 282
-604 282
-572 276
-564 278
-588 272
-552 254
-528 250
-528 268
-476 224
-512 240
-432 220
-508 246
-572 270
-560 280
-528 270
-528 278
-568 304
-552 280
-568 284
-544 282
-532 286
-552 294
-512 272
-544 304
-600 322
-628 336
-656 352
-604 336
-604 326
-636 338
-648 326
-624 342
-620 334
-632 318
-692 344
-688 340
-664 350
-668 348
-616 332
-632 350
-592 328
-552 314
-620 338
-616 336
-624 334
-596 340
-628 346
-648 350
-596 328
-628 336
-632 340
-640 332
-572 300
-564 308
-612 324
-636 338
-568 306
-536 286
-576 300
-568 296
-576 294
-608 300
-628 308
-652 326
-572 312
-568 312
-556 302
-520 258
-528 262
-540 250
-540 250
-528 232
-536 250
-584 278
-608 298
-596 288
-584 284
-572 282
-600 280
-584 260
-560 232
-596 274
-636 280
-612 278
-608 278
-596 290
-580 254
-564 266
-568 226
-528 236
-476 224
-552 274
-516 260
-528 236
-564 244
-516 212
-556 198
-564 218
-532 230
-536 256
-548 258
-580 248
-560 234
-552 248
-484 224
-492 224
-476 238
-480 244
-472 250
-524 306
-532 298
-532 292
-540 284
-532 284
-532 290
-524 282
-552 292
-564 290
-592 280
-568 274
-548 266
-556 264
-560 256
-536 226
-492 220
-460 176
-448 172
-476 184
-500 208
-476 186
-480 168
-468 168
-484 170
-420 174
-420 166
-432 178
-468 198
-476 200
-444 194
-456 162
-476 172
-472 170
-464 154
-496 154
-500 170
-500 186
-520 202
-500 218
-488 216
-528 234
-512 236
-464 258
-496 288
-544 286
-548 284
-580 284
-560 294
-600 314
-628 326
-656 326
-580 324
-516 300
-564 292
-552 298
-580 326
-592 332
-600 336
-624 346
-628 338
-600 328
-584 332
-616 340
-564 308
-576 328
-632 348
-628 334
-628 324
-592 320
-600 338
-608 338
-652 346
-640 344
-632 342
-648 346
-596 324
-644 328
-620 330
-612 314
-596 326
-608 336
-592 318
-568 304
-572 312
-612 320
-580 310
-620 334
-600 324
-572 324
-628 336
-600 330
-628 328
-604 324
-636 332
-628 328
-624 334
-580 316
-580 292
-592 296
-616 292
-580 282
-556 284
-608 288
-604 286
-648 312
-640 294
-628 286
-624 306
-580 296
-544 310
-584 308
-572 298
-576 296
-548 298
-556 286
-564 288
-552 266
-572 276
-640 300
-636 316
-592 306
-600 290
-580 290
-592 308
-628 308
-636 312
-672 318
-632 314
-632 316
-616 316
-600 300
-568 286
-572 258
-588 262
-532 250
-536 250
-536 274
-516 268
-516 276
-588 306
-616 328
-632 344
-668 356
-704 370
-684 356
-652 346
-636 326
-588 316
-560 300
-560 306
-560 304
-632 338
-664 354
-644 346
-644 344
-552 300
-572 314
-564 302
-608 320
-576 310
-612 326
-552 294
-560 302
-580 314
-592 304
-628 330
-628 328
-604 322
-568 292
-580 310
-596 316
-596 302
-588 296
-548 292
-516 284
-484 252
-484 264
-556 298
-608 320
-536 288
-552 290
-568 276
-576 310
-556 302
-600 292
-540 290
-544 266
-552 276
-540 262
-564 284
-556 280
-540 270
-584 298
-496 266
-512 288
-504 268
-528 288
-524 286
-496 260
-500 270
-516 246
-488 266
-552 282
-576 296
-580 310
-552 308
-604 330
-636 318
-600 316
-616 316
-564 318
-592 306
-548 272
-568 284
-556 284
-556 274
-532 274
-524 292
-536 286
-608 302
-644 334
-660 346
-624 318
-636 326
-572 300
-636 332
-584 294
-536 280
-572 282
-600 302
-628 318
-620 320
-632 318
-616 310
-580 296
-516 252
-504 226
-520 258
-520 262
-476 248
-492 232
-508 204
-512 190
-488 184
-500 240
-540 270
-480 256
-536 296
-556 288
-540 258
-564 274
-580 288
-620 310
-596 296
-608 294
-588 304
-588 302
-628 320
-632 328
-616 306
-556 298
-536 300
-548 284
-580 302
-564 296
-568 294
-604 316
-604 328
-608 318
-604 324
-616 332
-664 356
-632 344
-596 324
-616 336
-656 354
-612 338
-580 318
-508 304
-572 318
-596 326
-640 342
-628 328
-636 340
-600 332
-620 338
-624 320
-616 316
-592 322
-580 318
-596 314
-568 292
-580 300
-580 300
-572 284
-568 294
-524 258
-572 280
-568 290
-600 304
-560 306
-636 306
-640 308
-624 304
-576 276
-612 280
-584 286
-616 312
-636 336
-656 346
-652 344
-688 356
-680 348
-704 362
-644 348
-684 358
-672 364
-640 350
-620 346
-628 342
-636 348
-612 338
-632 346
-668 354
-636 334
-600 334
-656 352
-664 358
-652 342
-612 322
-588 312
-544 296
-608 326
-584 312
-608 328
-592 318
-600 330
-608 336
-608 332
-588 318
-592 318
-528 294
-612 336
-628 346
-616 348
-636 344
-604 332
-608 336
-608 330
-588 308
-584 308
-572 306
-588 316
-616 332
-620 338
-604 318
-580 312
-612 314
-656 348
-636 334
