-40 48
-256 84
-316 116
-332 114
-392 132
-436 116
-436 110
-420 72
-396 112
-372 96
-412 96
-400 106
-476 168
-472 152
-472 126
-456 92
-456 80
-388 92
-392 54
-464 66
-428 70
-408 64
-436 50
-408 64
-400 106
-364 118
-368 98
-392 86
-380 100
-416 130
-428 114
-432 138
-408 84
-432 74
-508 86
-528 94
-532 96
-536 110
-508 110
-472 88
-468 94
-416 102
-368 72
-396 94
-424 60
-452 66
-464 96
-456 66
-524 150
-516 176
-468 168
-432 150
-440 142
-468 154
-492 204
-484 172
-488 172
-444 162
-432 142
-408 132
-440 146
-480 152
-520 186
-504 190
-472 186
-488 194
-484 170
-480 180
-464 176
-448 124
-428 106
-428 72
-452 102
-352 82
-396 64
-392 74
-360 42
-376 46
-392 72
-432 90
-456 98
-372 66
-392 44
-444 66
-484 70
-480 68
-408 74
-424 82
-468 130
-512 98
-504 100
-512 108
-500 102
-508 92
-496 104
-524 100
-416 100
-396 88
-424 106
-420 100
-440 86
-432 86
-424 90
-396 126
-400 166
-420 172
-444 160
-428 152
-436 146
-484 160
-452 160
-492 174
-484 184
-464 186
-476 230
-456 206
-512 244
-512 252
-560 296
-528 290
-556 304
-564 306
-564 296
-560 304
-552 294
-560 292
-528 278
-512 274
-588 304
-560 308
-608 336
-604 340
-568 316
-592 328
-588 314
-644 330
-620 324
-568 308
-520 274
-496 228
-444 226
-452 198
-460 208
-436 188
-428 138
-404 160
-472 206
-460 202
-460 210
-500 228
-476 240
-440 218
-452 202
-480 222
-488 222
-472 202
-460 222
-428 206
-504 210
-480 222
-508 244
-524 232
-552 232
-560 260
-532 266
-508 262
-512 252
-536 280
-568 290
-568 304
-548 268
-512 276
-492 250
-504 228
-484 216
-484 222
-536 218
-448 198
-480 204
-456 164
-436 162
-420 152
-472 198
-476 184
-468 182
-456 182
-476 162
-440 156
-524 184
-504 194
-488 164
-472 174
-476 162
-436 168
-468 178
-432 160
-404 156
-464 188
-576 222
-536 214
-520 214
-508 188
-536 186
-508 178
-492 178
-540 184
-552 206
-484 178
-484 200
-468 214
-500 222
-512 206
-508 210
-500 240
-508 224
-548 244
-508 232
-452 198
-428 202
-464 224
-408 224
-528 264
-520 264
-544 244
-572 264
-552 246
-528 248
-540 260
-580 286
-580 298
-560 292
-556 288
-560 290
-592 284
-560 284
-568 302
-548 292
-584 318
-548 296
-528 280
-520 282
-492 260
-528 280
-532 292
-576 292
-568 288
-520 274
-524 266
-512 262
-564 274
-556 286
-572 288
-544 286
-560 288
-560 298
-572 306
-536 284
-544 302
-608 316
-588 306
-616 336
-596 322
-616 344
-632 338
-540 290
-536 298
-560 304
-588 310
-580 312
-580 314
-584 296
-592 294
-600 288
-540 284
-552 270
-528 252
-568 296
-560 316
-544 300
-560 316
-560 322
-520 300
-520 292
-584 316
-528 292
-620 328
-588 306
-568 280
-508 264
-568 286
-536 276
-508 270
-560 280
-584 280
-556 270
-564 286
-604 326
-572 304
-560 304
-540 294
-540 276
-512 264
-500 256
-508 276
-552 306
-544 310
-544 294
-584 312
-564 312
-568 306
-600 316
-600 326
-568 306
-588 330
-600 336
-548 306
-596 318
-572 318
-540 292
-532 288
-520 298
-524 280
-536 274
-480 212
-404 196
-460 182
-460 160
-464 184
-492 196
-496 212
-480 214
-540 252
-536 256
-564 274
-568 294
-532 278
-468 274
-496 298
-592 310
-552 296
-512 268
-608 306
-560 292
-552 278
-540 264
-460 226
-592 266
-544 242
-508 224
-516 226
-472 230
-488 252
-508 258
-596 310
-544 302
-536 288
-504 262
-512 262
-516 250
-496 238
-504 214
-476 206
-436 204
-428 180
-424 202
-480 234
-484 264
-532 266
-516 248
-536 250
-516 218
-460 206
-472 192
-420 182
-416 172
-452 198
-432 224
-472 252
-528 282
-508 270
-528 264
-540 292
-456 232
-448 212
-468 218
-464 206
-476 222
-464 220
-508 234
-484 210
-484 198
-488 214
-472 206
-420 186
-492 218
-528 230
-480 220
-528 222
-536 210
-484 218
-520 200
-480 194
-420 186
-468 218
-432 180
-428 158
-472 140
-484 160
-524 170
-512 174
-476 154
-476 160
-524 154
-540 142
-516 114
-476 110
-516 104
-500 110
-476 138
-492 168
-416 160
-448 132
-444 138
-484 150
-440 178
-468 188
-496 208
-480 208
-456 178
-444 166
-448 142
-424 148
-424 148
-424 170
-416 186
-448 200
-488 192
-456 138
-436 134
-472 130
-480 134
-436 118
-440 100
-460 66
-448 58
-504 32
-480 64
-488 96
-508 110
-520 114
-472 110
-452 74
-460 70
-484 98
-480 118
-500 136
-540 188
-544 202
-520 190
-488 210
-472 220
-508 224
-508 216
-544 214
-588 206
-628 226
-528 228
-536 256
-520 226
-516 202
-504 218
-500 202
-428 216
-476 200
-440 192
-444 174
-476 178
-476 182
-444 164
-496 206
-508 220
-492 216
-488 216
-480 222
-512 242
-512 234
-516 240
-512 238
-504 234
-456 226
-508 200
-532 242
-556 276
-524 284
-588 330
-568 316
-592 322
-552 312
-596 328
-612 340
-668 360
-668 360
-668 360
-612 340
-632 344
-644 356
-636 344
-620 344
-644 354
-644 346
-608 342
-620 346
-632 352
-640 350
-612 342
-628 346
-616 334
-624 338
-620 340
-632 344
-664 354
-640 346
-588 328
-520 290
-500 288
-564 302
-496 272
-548 290
-588 300
-544 282
-588 294
-556 266
-564 284
-560 240
-504 202
-428 180
-440 212
-524 262
-536 276
-508 274
-500 254
-532 290
-496 274
-472 260
-520 256
-560 274
-524 260
-492 248
-508 244
-520 246
-524 248
-532 254
-536 282
-540 290
-584 306
-588 326
-664 342
-680 354
-620 342
-608 332
-628 336
-628 334
-596 338
-664 362
-624 348
-660 360
-680 366
-632 348
-644 344
-632 344
-616 342
-540 302
-556 316
-608 328
-580 328
-640 332
-632 326
-636 328
-616 330
-564 290
-580 306
-624 322
-564 304
-528 280
-512 278
-524 298
-548 300
-524 294
-556 286
-564 308
-600 326
-564 308
-628 324
-584 314
-528 292
-516 286
-532 286
-552 288
-588 288
-536 272
-532 264
-528 266
-584 288
-540 294
-560 288
-532 282
-476 240
-484 230
-492 248
-468 238
-480 250
-552 280
-552 266
-560 276
-576 302
-564 274
-480 266
-540 298
-568 286
-560 286
-588 286
-572 302
-576 304
-564 300
-480 290
-600 316
-656 340
-628 336
-624 328
-620 324
-576 308
-572 308
-536 290
-580 292
-544 282
-540 272
-532 260
-548 262
-540 260
-548 208
-520 226
-492 210
-476 216
-464 230
-516 246
-488 250
-512 254
-516 228
-492 232
-496 230
-512 238
-544 244
-540 260
-576 278
-548 286
-520 252
-492 250
-516 272
-484 254
-512 256
-508 254
-460 230
-532 274
-568 308
-600 324
-552 298
-540 294
-572 308
-492 274
-532 284
-560 302
-580 314
-488 262
-464 256
-444 224
-520 276
-512 232
-464 220
-476 206
-512 252
-524 280
-560 284
-584 322
-628 312
-612 318
-612 310
-580 300
-560 288
-576 292
-576 294
-624 334
-588 312
-520 284
-512 264
-492 228
-484 204
-528 220
-488 206
-484 212
-496 204
-440 212
-484 234
-452 218
-492 220
-520 210
-488 200
-496 226
-544 260
-560 274
-560 284
-524 266
-500 244
-528 250
-548 232
-520 266
-472 238
-520 250
-564 262
-516 224
-544 222
-468 224
-464 186
-476 166
-468 130
-464 142
-472 178
-480 172
-412 156
-476 182
-428 182
-476 196
-524 206
-556 234
-560 236
-500 224
-412 186
-476 194
-508 192
-464 140
-484 150
-468 162
-468 154
-520 168
-524 194
-540 180
-516 170
-516 178
-432 154
-440 134
-444 132
-440 134
-396 112
-392 134
-432 172
-400 162
-428 124
-456 142
-424 134
-408 110
-380 158
-432 174
-388 156
-400 136
-476 178
-444 138
-472 164
-428 146
-416 142
-460 184
-524 194
-540 204
-496 188
-484 180
-492 216
-504 220
-472 206
-472 224
-528 224
-484 214
-464 194
-516 208
-460 190
-444 174
-464 160
-536 184
-548 210
-536 190
-536 190
-512 168
-436 164
-472 166
-524 202
-508 188
-504 180
-480 160
-464 164
-440 146
-492 166
-424 180
-448 184
-452 166
-424 168
-488 188
-480 154
-480 154
-460 126
-428 76
-432 90
-448 96
-464 84
-484 144
-472 128
-424 148
-416 134
-408 112
-416 82
-460 90
-476 186
-444 170
-516 172
-524 204
-508 178
-572 212
-544 188
-492 190
-480 174
-468 190
-496 222
-500 212
-528 240
-488 210
-492 212
-496 202
-496 212
-420 176
-404 146
-488 154
-448 174
-424 156
-416 130
-468 112
-476 106
-500 106
-412 132
-480 118
-488 116
-480 84
-432 42
-412 30
-368 4
-372 4
-392 18
-400 34
-372 50
-388 52
-432 52
-400 26
-452 20
-476 52
-488 42
-472 38
-456 78
-420 48
-428 56
-452 112
-392 84
-440 98
-440 54
-428 38
-388 30
-444 26
-412 8
-380 20
-416 24
-412 40
-428 58
-460 70
-464 58
-496 66
-500 56
-492 58
-436 42
-488 56
-440 44
-392 62
-396 56
-396 54
-444 62
-416 88
-424 76
-436 44
-412 16
-428 50
-468 66
-388 68
-392 56
-416 48
-420 10
-344 6
-360 8
-400 14
-464 30
-480 2
-476 26
-428 16
-440 32
-476 28
-420 12
-448 2
-456 44
-404 12
-388 10
-396 6
-372 18
-436 64
-468 88
-472 92
-480 54
-440 44
-464 32
-448 50
-476 104
-500 114
-436 56
-456 58
-492 58
-464 40
-500 36
-524 22
-476 24
-452 2
-408 6
-408 0
-424 28
-436 34
-464 28
-468 48
-452 22
-444 36
-448 68
-480 24
-480 58
-540 54
-520 78
-496 108
-452 110
-464 118
-492 108
-496 86
-508 60
-492 88
-488 58
-508 84
-488 78
-460 44
-396 38
-460 82
-496 110
-500 94
-536 112
-520 130
-480 112
-504 122
-520 108
-532 96
-472 60
-480 56
-504 24
-520 34
-512 12
-460 32
-436 26
-456 32
-464 30
-508 54
-464 58
-488 54
-544 70
-532 60
-440 28
-424 14
-472 26
-468 50
-456 64
-492 92
-472 108
-488 90
-504 98
-512 72
-456 106
-460 74
-428 64
-504 86
-480 92
-476 92
-488 84
-472 72
-520 52
-440 16
-504 2
-460 20
-460 2
-460 30
-448 32
-476 50
-444 12
-440 20
-396 8
-436 28
-480 22
-412 8
-460 14
-452 38
-408 8
-428 4
-444 14
-432 38
-432 40
-464 44
-508 50
-476 64
-456 70
-452 78
-408 54
-400 56
-384 42
-428 36
-388 10
-404 56
-464 76
-456 68
-440 88
-500 120
-488 82
-420 68
-456 108
-504 102
-500 60
-480 104
-476 90
-472 78
-400 82
-484 110
-504 98
-540 104
-520 62
-480 44
-460 32
-468 8
-480 28
-468 24
-488 10
-488 48
-500 42
-468 30
-520 18
-464 52
-496 36
-468 22
-516 0
-560 2
-512 2
-536 26
-436 2
-508 0
-496 22
-480 30
-444 8
-468 6
-468 18
-464 2
-472 10
-496 38
-440 58
-428 76
-436 70
-416 80
-444 100
-436 140
-492 136
-484 156
-452 142
-440 176
-504 190
-520 208
-496 186
-548 192
-496 160
-464 146
-508 140
-472 110
-496 146
-532 146
-544 188
-528 188
-492 200
-500 214
-560 220
-552 222
-540 238
-568 264
-520 274
-452 234
-528 250
-524 256
-480 260
-504 242
-488 220
-476 226
-508 214
-504 214
-528 224
-536 236
-484 238
-488 238
-504 252
-496 244
-476 230
-496 224
-508 242
-516 270
-560 274
-516 242
-512 242
-492 246
-548 260
-560 254
-568 254
-524 238
-516 220
-492 204
-488 188
-468 190
-524 202
-568 216
-524 216
-516 222
-488 226
-516 248
-596 286
-628 300
-664 326
-624 314
-652 324
-608 328
-604 326
-588 330
-604 320
-636 320
-648 314
-628 290
-572 272
-600 282
-552 264
-556 290
-552 260
-500 242
-508 230
-476 218
-440 190
-508 206
-516 218
-552 224
-528 246
-540 256
-544 268
-520 258
-488 182
-496 174
-484 172
-496 174
-488 174
-424 118
-492 142
-516 158
-476 134
-444 152
-440 94
-448 96
-452 76
-448 80
-420 44
-460 88
-452 66
-452 68
-520 64
-512 68
-456 58
-532 66
-456 42
-456 16
-460 8
-436 0
-388 22
-416 34
-404 36
-396 40
-388 50
-400 52
-440 54
-448 24
-472 36
-508 26
-528 4
-504 16
-456 58
-420 76
-436 90
-456 118
-468 136
-480 168
-480 170
-520 188
-476 158
-480 176
-492 172
-512 170
-500 202
-412 178
-432 190
-480 196
-424 160
-436 118
-464 124
-424 106
-444 92
-400 110
-464 110
-440 116
-460 88
-452 108
-416 82
-432 88
-432 82
-460 102
-416 92
-452 102
-484 148
-460 126
-432 128
-440 154
-460 144
-444 134
-420 136
-452 148
-432 122
-448 66
-492 88
-484 64
-492 68
-496 72
-536 66
-536 100
-484 88
-496 114
-500 140
-512 144
-464 130
-432 98
-516 140
-508 154
-488 154
-508 136
-500 120
-532 132
-580 152
-540 200
-536 206
-544 208
-492 204
-484 220
-476 206
-508 220
-508 206
-540 228
-516 174
-448 130
-472 136
-464 158
-464 174
-488 206
-536 218
-548 228
-484 220
-440 194
-392 192
-424 190
-412 204
-380 210
-452 200
-456 216
-428 214
-516 230
-564 262
-532 258
-520 264
-444 224
-472 210
-432 204
-480 236
-512 236
-484 228
-496 252
-540 246
-508 242
-556 242
-592 238
-556 234
-528 226
-504 236
-448 242
-472 226
-460 206
-492 238
-496 230
-480 256
-404 204
-404 180
-428 190
-476 218
-468 212
-432 196
-460 206
-504 216
-484 228
-540 246
-524 242
-536 254
-488 244
-552 276
-540 264
-548 274
-536 268
-516 230
-500 208
-500 200
-532 212
-504 202
-540 230
-536 230
-464 192
-460 206
-484 242
-484 250
-544 282
-604 302
-580 304
-568 294
-588 322
-560 286
-516 258
-544 260
-536 254
-552 254
-536 250
-472 240
-500 238
-460 230
-476 218
-536 236
-496 228
-540 248
-524 262
-532 258
-520 260
-544 278
-576 288
-588 282
-512 272
-556 278
-592 312
-604 320
-608 334
-588 322
-604 330
-592 322
-608 320
-592 316
-616 332
-568 320
-584 322
-592 312
-592 312
-592 312
-592 302
-548 274
-516 268
-488 264
-496 246
-492 238
-500 238
-532 272
-512 266
-528 256
-564 274
-500 248
-488 236
-488 252
-464 246
-472 226
-460 234
-484 246
-540 278
-540 278
-520 270
-516 264
-508 238
-476 200
-436 160
-440 134
-404 132
-352 112
-420 108
-396 142
-444 116
-432 148
-432 164
-456 178
-444 178
-432 150
-416 182
-480 190
-496 212
-508 242
-488 244
-532 264
-512 268
-504 254
-504 254
-556 258
-560 276
-512 272
-500 264
-524 244
-480 224
-476 224
-468 236
-480 234
-552 246
-508 212
-504 220
-540 232
-516 224
-460 228
-480 216
-540 240
-600 282
-592 258
-572 260
-528 248
-564 264
-540 236
-472 224
-468 224
-452 214
-444 184
-444 180
-448 174
-500 188
-500 186
-480 186
-500 190
-472 194
-440 194
-468 170
-408 144
-456 140
-480 142
-472 142
-468 142
-460 162
-440 114
-476 124
-496 96
-472 114
-528 166
-476 150
-464 148
-476 146
-444 118
-436 136
-440 144
-416 148
-480 170
-544 170
-504 164
-516 188
-544 184
-552 180
-540 176
-572 162
-524 144
-532 130
-520 146
-516 138
-476 162
-508 180
-552 198
-504 196
-484 166
-484 164
-512 146
-444 128
-548 112
-464 104
-500 150
-504 152
-520 172
-532 156
-504 144
-568 196
-540 196
-512 182
-488 164
-480 178
-436 166
-472 162
-436 156
-488 162
-476 154
-440 146
-440 120
-488 134
-488 162
-484 148
-480 144
-460 172
-508 218
-492 200
-524 202
-516 202
-496 210
-496 198
-564 210
-524 194
-500 206
-484 198
-528 212
-476 210
-468 210
-512 214
-504 226
-500 240
-512 244
-532 256
-516 262
-472 218
-480 224
-452 196
-460 214
-432 184
-444 166
-452 166
-496 190
-468 172
-488 186
-488 218
-552 236
-524 232
-504 226
-524 240
-512 216
-564 222
-552 232
-536 238
-600 260
-584 282
-556 256
-528 258
-520 260
-556 268
-544 252
-532 244
-508 240
-532 250
-520 250
-484 220
-444 180
-440 184
-380 180
-440 212
-460 212
-480 206
-480 218
-536 236
-540 238
-532 210
-476 212
-460 170
-420 178
-484 208
-456 220
-520 246
-552 264
-544 254
-524 280
-520 276
-524 292
-596 326
-636 346
-624 342
-648 338
-584 316
-592 318
-592 324
-600 318
-564 314
-564 308
-580 328
-524 310
-552 316
-624 342
-584 324
-616 338
-588 336
-644 338
-632 346
-588 318
-584 316
-568 312
-556 302
-560 298
-568 306
-556 302
-576 298
-524 266
-536 280
-556 322
-608 338
-640 342
-588 326
-656 340
-588 330
-512 290
-580 314
-564 312
-524 294
-536 290
-548 292
-532 288
-584 302
-584 300
-544 282
-496 258
-464 268
-552 274
-556 278
-536 298
-532 292
-580 330
-528 284
-516 286
-560 294
-580 312
-644 326
-652 320
-648 314
-624 308
-576 294
-604 314
-556 284
-588 310
-644 330
-604 306
-588 310
-568 312
-600 330
-544 306
-560 312
-536 294
-500 280
-476 286
-496 278
-480 262
-460 246
-532 282
-528 282
-496 262
-520 284
-556 306
-580 306
-624 328
-580 320
-580 304
-560 308
-616 326
-568 300
-584 298
-536 262
-576 268
-492 266
-504 244
-508 268
-520 268
-524 280
-568 284
-564 266
-512 240
-524 266
-488 258
-532 296
-524 276
-516 268
-516 268
-528 272
-540 274
-464 240
-532 252
-516 224
-492 202
-420 186
-408 170
-448 190
-412 182
-452 190
-464 210
-436 232
-488 250
-556 272
-552 252
-564 262
-528 260
-484 248
-524 238
-476 218
-504 242
-496 244
-508 250
-484 252
-504 260
-484 242
-472 228
-436 224
-460 240
-464 238
-456 222
-464 224
-564 264
-556 262
-552 248
-564 300
-552 294
-560 294
-576 302
-520 274
-552 298
-572 306
-552 298
-560 296
-588 310
-528 290
-540 290
-504 288
-572 314
-572 314
-552 308
-596 306
-564 306
-580 316
-536 310
-592 334
-628 338
-584 312
-572 306
-568 310
-588 326
-608 330
-556 310
-608 332
-596 338
-648 344
-592 326
-560 310
-504 290
-520 286
-504 268
-508 252
-480 268
-472 252
-476 218
-480 226
-496 244
-544 266
-460 248
-432 244
-508 258
-432 258
-512 282
-560 286
-552 294
-508 272
-568 306
-516 274
-604 316
-616 322
-608 306
-612 336
-648 350
-620 326
-552 304
-560 300
-548 298
-560 296
-556 290
-592 306
-536 278
-528 262
-580 266
-508 262
-432 244
-476 236
-460 214
-484 176
-468 160
-484 172
-440 148
-436 198
-416 200
-448 206
-444 218
-496 250
-508 238
-532 266
-488 232
-440 206
-484 190
-488 218
-548 214
-540 194
-572 198
-536 192
-528 178
-508 194
-472 192
-488 202
-456 182
-456 202
-524 222
-528 212
-520 198
-472 208
-488 182
-464 152
-500 166
-468 158
-496 154
-440 130
-432 136
-424 144
-460 162
-480 150
-448 130
-464 136
-488 162
-440 164
-460 132
-476 152
-488 152
-448 152
-476 166
-528 190
-488 170
-512 190
-520 208
-524 214
-524 224
-556 236
-588 216
-532 218
-524 238
-540 236
-548 248
-580 254
-632 280
-604 292
-576 296
-528 282
-528 260
-524 258
-516 258
-472 208
-468 208
-496 242
-484 238
-540 236
-460 206
-464 226
-496 214
-500 234
-404 190
-460 192
-432 174
-436 168
-416 142
-420 142
-464 178
-512 204
-452 194
-444 178
-488 188
-472 164
-468 168
-504 150
-528 154
-592 176
-512 174
-500 160
-492 148
-484 116
-428 124
-404 136
-448 144
-472 180
-504 188
-512 188
-512 174
-484 178
-504 164
-472 148
-460 140
-436 138
-428 124
-444 148
-480 140
-500 142
-468 166
-528 182
-488 166
-472 188
-452 182
-496 210
-452 210
-540 244
-528 224
-564 230
-576 252
-544 246
-544 232
-512 226
-540 230
-504 200
-496 188
-540 220
-556 190
-508 206
-516 210
-524 192
-480 182
-504 206
-476 180
-500 210
-524 224
-468 164
-456 160
-404 146
-408 144
-448 166
-432 140
-388 128
-408 126
-440 126
-444 136
-444 128
-480 176
-416 130
-460 164
-528 188
-500 226
-520 218
-500 206
-536 218
-556 246
-488 212
-484 198
-476 208
-520 216
-540 218
-552 192
-496 186
-504 206
-504 186
-440 160
-476 178
-456 176
-504 188
-496 162
-460 142
-436 116
-420 74
-368 48
-388 32
-356 46
-392 38
-368 16
-380 50
-400 72
-412 70
-412 38
-348 32
-384 10
-372 20
-416 20
-400 32
-388 4
-428 12
-416 24
-424 38
-452 46
-488 42
-424 46
-436 46
-436 40
-444 46
-432 32
-440 14
-484 12
-480 46
-480 42
-488 60
-464 68
-440 68
-424 46
-440 12
-424 16
-472 10
-456 26
-412 6
-376 38
-412 84
-452 78
-472 70
-452 36
-476 8
-480 26
-440 36
-424 24
-460 34
-436 68
-436 24
-440 64
-460 60
-476 90
-464 88
-456 86
-440 72
-432 68
-412 28
-380 26
-368 8
-400 20
-416 26
-436 24
-424 52
-476 94
-460 74
-440 42
-400 26
-364 48
-344 24
-356 18
-368 16
-428 22
-420 14
-404 14
-400 4
-412 6
-396 8
-440 4
-440 6
-464 4
-448 2
-452 0
-496 30
-428 2
-444 34
-436 44
-504 76
-532 78
-468 68
-444 70
-468 66
-432 62
-480 92
-476 104
-468 86
-472 86
-452 56
-476 68
-476 56
-496 70
-504 32
-496 38
-480 50
-480 42
-468 56
-472 70
-444 96
-392 80
-396 100
-404 118
-380 118
-416 146
-376 82
-376 102
-404 146
-452 172
-532 212
-528 184
-540 182
-508 148
-528 154
-492 164
-480 158
-520 176
-524 140
-572 152
-568 174
-500 180
-492 176
-500 172
-464 144
-452 168
-456 174
-508 168
-468 144
-488 164
-524 182
-472 170
-452 150
-440 186
-508 250
-560 274
-580 272
-536 252
-568 252
-536 232
-512 240
-540 242
-512 224
-488 216
-524 246
-548 248
-472 220
-504 222
-520 232
-484 192
-480 200
-452 194
-412 172
-472 152
-488 168
-472 150
-424 100
-404 104
-428 96
-428 82
-408 70
-436 84
-472 102
-432 104
-432 120
-412 130
-396 106
-420 150
-420 142
-472 152
-456 142
-416 132
-432 114
-348 92
-424 122
-484 166
-492 184
-496 162
-452 152
-464 126
-456 166
-528 154
-508 152
-476 158
-512 146
-508 188
-492 186
-512 208
-548 238
-504 214
-556 210
-548 220
-552 238
-524 238
-512 250
-496 234
-440 216
-468 222
-488 228
-456 196
-496 204
-492 208
-476 212
-492 224
-520 246
-528 270
-528 274
-576 298
-520 246
-488 254
-568 298
-588 312
-600 318
-576 312
-556 304
-584 314
-580 328
-516 292
-484 262
-496 258
-520 250
-556 230
-520 234
-456 226
-476 228
-536 242
-536 246
-508 232
-520 258
-568 272
-600 288
-560 282
-572 304
-520 276
-576 298
-596 322
-552 304
-524 282
-496 268
-580 294
-516 270
-476 234
-540 264
-544 292
-560 296
-544 274
-536 274
-508 266
-528 258
-496 268
-544 300
-572 304
-540 288
-540 306
-540 288
-572 300
-512 280
-568 302
-568 306
-604 322
-552 310
-532 288
-528 278
-512 276
-552 302
-600 300
-584 304
-588 308
-600 310
-624 330
-600 322
-580 322
-620 320
-532 284
-584 304
-560 298
-564 284
-560 288
-544 290
-552 292
-584 298
-560 284
-560 280
-508 236
-500 224
-516 230
-552 260
-532 274
-444 214
-512 234
-496 212
-440 224
-472 254
-528 264
-552 270
-564 260
-556 242
-532 230
-520 234
-508 258
-568 278
-516 262
-460 238
-456 226
-496 256
-480 262
-500 252
-516 258
-496 252
-500 272
-488 260
-536 278
-524 282
-464 276
-416 240
-436 234
-548 228
-528 242
-548 254
-556 266
-544 250
-560 262
-592 296
-584 282
-592 308
-564 302
-528 288
-548 300
-544 290
-516 280
-464 248
-516 264
-476 238
-484 242
-532 254
-488 254
-532 282
-460 266
-508 270
-592 294
-572 276
-496 266
-512 256
-536 272
-532 264
-488 242
-504 242
-524 260
-536 292
-636 316
-572 282
-480 270
-496 260
-512 266
-544 282
-568 278
-544 258
-500 222
-532 226
-508 242
-540 218
-536 200
-476 168
-488 174
-528 202
-536 188
-540 180
-544 176
-532 170
-508 168
-492 170
-460 168
-472 170
-448 178
-488 188
-524 190
-456 184
-500 196
-500 190
-488 202
-512 204
-564 220
-576 216
-528 204
-500 194
-524 194
-560 212
-536 182
-548 154
-472 146
-448 114
-448 136
-460 120
-448 120
-512 146
-452 132
-436 184
-472 200
-488 200
-484 196
-492 160
-488 154
-476 144
-452 174
-492 180
-492 204
-476 222
-524 246
-532 262
-552 254
-536 276
-452 246
-560 300
-492 266
-468 244
-484 248
-516 290
-540 298
-556 306
-588 322
-604 330
-660 344
-656 338
-672 354
-588 330
-580 310
-552 306
-548 300
-572 310
-556 302
-580 320
-520 288
-576 314
-608 338
-548 282
-564 290
-592 306
-564 300
-536 310
-524 302
-572 318
-596 330
-636 330
-548 294
-584 316
-568 318
-540 308
-564 300
-640 340
-600 324
-584 322
-568 306
-552 298
-488 244
-488 276
-500 272
-504 298
-536 298
-536 300
-548 294
-512 294
-552 294
-540 300
-512 298
-520 272
-500 278
-480 272
-512 256
-528 280
-536 278
-532 286
-520 282
-532 292
-504 284
-584 306
-584 318
-588 312
-556 296
-512 280
-536 256
-504 264
-552 276
-548 272
-572 260
-572 276
-532 272
-528 272
-492 252
-524 280
-584 282
-564 294
-596 312
-596 306
-560 300
-592 310
-568 300
-588 302
-568 290
-608 304
-584 296
-560 298
-560 304
-600 328
-608 310
-628 344
-604 322
-616 334
-644 340
-600 322
-584 326
-552 304
-552 298
-572 300
-600 318
-572 280
-584 290
-560 270
-540 260
-544 262
-504 268
-468 250
-468 224
-488 256
-484 254
-460 204
-444 192
-428 202
-424 210
-408 172
-440 180
-508 194
-484 166
-528 160
-460 132
-456 176
-460 180
-516 192
-496 184
-496 202
-500 192
-480 198
-488 168
-524 178
-480 164
-516 196
-524 182
-512 206
-500 198
-468 178
-512 186
-500 178
-504 200
-556 214
-532 198
-528 204
-512 188
-536 200
-528 202
-576 240
-608 256
-568 258
-468 210
-412 172
-428 180
-448 152
-452 168
-488 190
-488 208
-460 186
-472 190
-484 182
-492 218
-488 218
-484 208
-448 198
-460 218
-460 210
-464 190
-420 190
-488 198
-528 240
-504 214
-504 228
-536 224
-528 226
-564 232
-540 242
-472 202
-500 210
-524 196
-468 178
-500 182
-524 184
-532 214
-488 210
-460 222
-472 230
-516 254
-492 240
-512 258
-528 290
-520 290
-524 278
-568 308
-580 308
-476 268
-584 308
-552 294
-560 308
-564 300
-572 310
-508 286
-504 256
-536 250
-504 220
-476 218
-480 214
-440 194
-436 182
-448 146
-464 126
-468 102
-464 70
-464 66
-472 74
-492 46
-444 26
-464 26
-472 24
-472 22
-416 22
-408 18
-400 20
-388 36
-380 42
-324 44
-412 52
-440 6
-388 28
-408 50
-416 60
-428 64
-468 94
-420 78
-408 80
-404 82
-440 54
-532 88
-512 82
-504 56
-472 78
-468 72
-464 84
-456 118
-480 136
-480 146
-480 162
-508 198
-504 212
-476 172
-408 138
-436 134
-432 116
-396 124
-456 186
-408 156
-428 196
-452 226
-452 238
-432 192
-432 188
-456 194
-496 204
-488 194
-456 206
-448 178
-460 210
-444 194
-452 194
-464 210
-456 228
-480 230
-456 234
-484 232
-492 258
-476 232
-500 240
-520 258
-532 264
-548 248
-500 268
-560 274
-580 268
-596 294
-576 290
-552 264
-528 264
-564 282
-564 286
-544 296
-588 296
-532 284
-540 306
-504 272
-484 236
-456 208
-484 224
-516 240
-524 232
-476 200
-448 194
-484 226
-496 196
-504 210
-556 232
-540 234
-560 244
-500 222
-460 226
-484 226
-492 248
-572 286
-572 294
-532 262
-472 246
-504 268
-528 274
-480 256
-528 280
-548 292
-512 276
-536 268
-528 298
-568 286
-592 296
-576 298
-548 300
-544 290
-552 282
-544 294
-544 272
-560 280
-600 300
-588 298
-648 320
-624 310
-600 310
-572 294
-592 302
-552 290
-508 282
-500 286
-524 298
-592 326
-592 316
-620 328
-612 320
-616 316
-552 284
-532 268
-512 272
-472 256
-544 270
-544 266
-540 260
-560 288
-532 282
-552 290
-572 300
-572 284
-560 290
-600 312
-580 322
-608 318
-564 308
-572 318
-608 332
-528 312
-552 304
-548 300
-528 288
-512 288
-496 272
-500 262
-536 276
-508 262
-592 280
-536 280
-536 290
-592 302
-604 308
-556 294
-528 276
-528 286
-536 278
-532 266
-460 262
-504 280
-508 278
-524 278
-556 298
-524 280
-572 300
-584 306
-604 308
-532 298
-560 288
-568 286
-552 248
-556 240
-564 250
-564 264
-504 248
-516 214
-504 242
-476 224
-496 246
-512 252
-484 222
-496 236
-508 252
-476 256
-472 226
-416 186
-448 172
-448 160
-432 182
-480 198
-452 188
-464 194
-460 172
-420 148
-428 178
-400 148
-428 146
-400 176
-472 212
-444 170
-472 178
-488 208
-484 208
-444 198
-420 180
-412 152
-404 164
-384 162
-416 180
-440 202
-448 224
-484 262
-532 292
-548 284
-540 280
-560 296
-532 272
-504 242
-520 256
-496 260
-544 284
-584 298
-544 282
-524 274
-504 262
-500 266
-456 234
-468 218
-476 216
-440 216
-496 210
-532 244
-516 262
-548 286
-564 276
-556 286
-540 276
-504 266
-528 270
-544 282
-564 280
-560 290
-596 328
-548 302
-540 306
-576 298
-548 286
-512 282
-480 260
-516 266
-536 280
-512 262
-548 274
-568 264
-540 254
-552 250
-508 246
-544 240
-624 276
-572 274
-588 286
-600 298
-572 292
-576 292
-560 290
-580 280
-584 278
-552 262
-560 262
-572 270
-576 268
-544 250
-496 256
-528 268
-480 250
-444 226
-520 278
-464 262
-504 274
-544 266
-504 256
-524 268
-520 282
-416 214
-428 188
-368 176
-432 206
-416 164
-372 140
-408 164
-412 156
-412 154
-428 182
-428 196
-500 218
-560 262
-544 272
-532 262
-524 278
-556 300
-584 286
-560 280
-552 268
-584 286
-540 274
-508 272
-484 242
-460 250
-496 222
-472 208
-432 198
-452 210
-540 250
-520 260
-556 258
-584 258
-532 230
-476 182
-568 208
-512 198
-528 206
-524 208
-532 202
-548 216
-536 208
-548 222
-552 240
-552 254
-548 258
-524 238
-560 238
-556 240
-556 228
-548 220
-524 202
-492 184
-432 170
-388 160
-436 152
-488 150
-504 158
-472 128
-448 126
-420 132
-460 124
-424 122
-416 124
-388 136
-448 140
-448 128
-476 142
-472 160
-460 144
-400 122
-488 152
-460 184
-492 168
-508 172
-508 178
-512 176
-504 158
-556 162
-556 164
-568 160
-516 138
-484 88
-480 128
-472 144
-488 140
-444 136
-492 120
-468 128
-436 156
-436 178
-468 210
-488 200
-488 208
-500 200
-468 144
-504 160
-524 164
-468 160
-484 154
-472 168
-504 192
-456 172
-472 190
-500 202
-508 178
-476 164
-528 190
-540 212
-460 216
-448 206
-464 204
-468 202
-460 198
-488 160
-472 154
-460 150
-472 132
-480 128
-528 130
-516 84
-556 60
-508 76
-516 118
-500 98
-512 128
-472 130
-472 88
-504 86
-460 74
-484 80
-496 92
-496 122
-456 72
-404 58
-452 64
-444 44
-444 68
-452 58
-440 82
-432 66
-408 48
-408 10
-444 16
-456 14
-404 22
-452 42
-488 10
-460 22
-444 4
-436 14
-472 8
-468 2
-496 24
-476 20
-400 6
-468 20
-456 14
-412 20
-412 36
-420 20
-408 4
-388 4
-400 2
-396 28
-456 22
-404 10
-348 18
-356 22
-400 34
-380 52
-396 10
-424 24
-460 26
-468 4
-364 0
-400 8
-400 60
-424 68
-468 46
-464 58
-460 56
-500 74
-496 78
-420 66
-472 62
-476 62
-500 64
-500 50
-492 48
-512 56
-464 40
-432 48
-456 50
-456 56
-480 62
-476 56
-468 44
-452 44
-464 54
-460 78
-396 36
-372 60
-400 92
-392 116
-492 140
-464 140
-504 156
-488 126
-500 134
-488 118
-472 118
-492 124
-500 112
-500 98
-460 74
-456 58
-488 36
-540 20
-496 38
-428 6
-464 24
-416 12
-464 4
-488 22
-508 38
-504 18
-436 24
-432 32
-412 18
-416 66
-468 88
-476 70
-460 78
-460 68
-432 64
-396 68
-416 70
-428 94
-476 88
-464 84
-476 62
-464 46
-492 38
-460 36
-464 58
-456 34
-460 16
-444 22
-416 30
-396 58
-452 76
-364 80
-420 106
-428 76
-404 60
-448 16
-412 16
-456 52
-464 14
-436 50
-436 32
-448 30
-436 0
-432 40
-444 52
-468 72
-460 60
-432 26
-376 30
-368 28
-360 2
-416 6
-428 6
-412 28
-428 22
-432 8
-456 10
-416 14
-404 10
-444 6
-392 38
-408 68
-396 54
-424 76
-452 84
-440 70
-500 100
-456 104
-420 142
-400 136
-408 126
-464 138
-468 138
-492 138
-464 140
-480 164
-444 134
-436 150
-424 156
-480 182
-456 174
-512 178
-492 120
-464 118
-472 132
-432 114
-432 134
-412 118
-452 114
-440 108
-452 116
-432 114
-452 126
-384 120
-420 114
-472 124
-460 152
-476 154
-496 132
-464 146
-496 150
-536 154
-532 166
-544 186
-524 180
-504 166
-548 164
-528 148
-488 126
-508 140
-504 164
-480 166
-512 156
-508 158
-512 166
-500 166
-452 136
-456 136
-520 140
-476 146
-440 122
-408 102
-408 90
-408 80
-400 98
-412 102
-368 86
-420 84
-376 74
-368 100
-420 118
-416 118
-452 120
-464 136
-504 172
-532 212
-544 216
-524 188
-540 202
-504 184
-524 166
-552 178
-516 180
-560 198
-504 192
-460 178
-480 200
-500 190
-484 188
-472 222
-484 222
-520 234
-520 260
-572 300
-516 256
-552 268
-532 222
-516 226
-508 196
-512 174
-496 198
-436 164
-500 186
-516 204
-456 186
-468 216
-540 254
-524 244
-508 210
-524 198
-524 180
-516 192
-528 174
-532 180
-524 188
-504 184
-480 142
-456 128
-440 116
-436 128
-408 132
-364 76
-352 46
-372 50
-404 56
-432 66
-424 68
-460 56
-468 82
-468 118
-468 96
-440 130
-468 180
-528 182
-520 176
-496 202
-528 238
-536 228
-480 204
-512 216
-504 194
-544 200
-552 196
-552 182
-536 166
-512 150
-540 174
-488 152
-472 136
-484 168
-464 160
-516 164
-476 132
-468 136
-444 148
-504 166
-500 152
-516 164
-512 160
-504 152
-464 124
-488 128
-448 140
-492 134
-496 146
-468 146
-480 136
-472 126
-408 124
-468 120
-516 110
-460 102
-444 94
-460 106
-436 76
-480 58
-440 76
-444 56
-484 24
-496 24
-508 42
-488 14
-456 36
-468 36
-504 54
-516 38
-500 46
-440 54
-480 38
-416 38
-428 46
-460 52
-448 64
-480 76
-496 108
-428 70
-392 42
-400 68
-468 68
-428 88
-412 82
-396 84
-392 74
-380 72
-400 86
-380 78
-364 50
-396 26
-392 28
-408 4
-460 18
-460 26
-452 48
-496 70
-496 76
-492 98
-496 68
-456 66
-372 22
-392 46
-432 52
-440 34
-448 68
-444 90
-432 118
-472 88
-440 12
-448 30
-520 26
-464 50
-484 86
-484 62
-460 52
-484 64
-520 66
-504 54
-536 66
-552 84
-548 110
-532 104
-576 120
-500 116
-520 134
-504 156
-476 126
-512 146
-452 116
-432 138
-412 134
-408 166
-472 220
-476 230
-520 246
-492 232
-496 200
-512 228
-560 252
-528 260
-440 252
-548 288
-576 298
-568 316
-580 310
-584 304
-536 280
-548 300
-540 302
-576 322
-580 316
-636 348
-604 330
-604 322
-596 312
-604 314
-580 300
-560 298
-568 306
-556 292
-608 318
-628 326
-588 320
-624 334
-652 354
-616 340
-584 322
-624 318
-552 298
-532 274
-488 260
-480 244
-520 260
-504 248
-548 284
-572 294
-568 290
-524 268
-568 284
-556 300
-544 286
-456 264
-476 246
-472 236
-464 192
-436 200
-424 224
-432 192
-504 248
-516 260
-556 272
-512 252
-536 248
-508 232
-548 246
-532 254
-564 296
-516 280
-504 274
-480 268
-532 288
-492 288
-508 272
-452 216
-440 206
-532 214
-512 222
-488 216
-456 208
-484 178
-480 190
-484 208
-456 218
-476 208
-508 220
-540 230
-524 226
-540 228
-536 234
-528 226
-544 246
-596 264
-588 262
-564 262
-540 268
-572 272
-544 270
-540 260
-548 234
-508 230
-476 216
-484 188
-476 180
-504 180
-416 168
-436 182
-464 186
-476 214
-440 196
-492 216
-504 170
-484 152
-496 146
-464 136
-456 146
-436 138
-472 102
-404 104
-416 86
-408 20
-392 4
-384 10
-348 30
-380 34
-460 32
-500 22
-488 6
-484 4
-456 44
-424 54
-408 50
-384 68
-404 78
-428 84
-392 68
-444 42
-480 58
-436 74
-416 92
-416 82
-408 60
-440 32
-444 84
-496 52
-436 44
-452 54
-436 54
-500 4
-476 2
-408 6
-520 8
-456 10
-520 2
-500 8
-452 32
-440 26
-416 4
-408 16
-436 18
-480 30
-476 26
-460 10
-408 2
-424 8
-464 10
-436 8
-380 4
-408 44
-428 6
-436 2
-468 28
-476 0
-460 16
-496 42
-516 40
-468 12
-444 20
-444 34
-468 42
-444 14
-440 16
-472 16
-420 18
-460 6
-488 18
-420 2
-452 16
-452 4
-440 12
-460 44
-404 42
-428 42
-412 36
-408 58
-408 88
-364 40
-380 8
-408 42
-416 28
-440 48
-432 62
-472 94
-460 92
-456 76
-512 86
-480 52
-496 38
-508 28
-504 18
-488 12
-524 14
-556 36
-564 6
-560 10
-524 28
-472 36
-464 22
-480 14
-464 10
-416 30
-384 58
-448 76
-492 90
-472 72
-460 78
-472 106
-444 130
-472 146
-468 150
-500 188
-464 132
-460 178
-416 158
-444 120
-448 150
-492 188
-508 220
-548 212
-544 240
-520 210
-528 198
-548 216
-548 230
-544 220
-544 242
-528 244
-464 242
-500 254
-548 282
-556 288
-536 282
-588 318
-600 326
-568 322
-536 302
-512 284
-492 270
-540 268
-532 278
-512 282
-496 270
-532 280
-508 262
-484 268
-496 252
-512 264
-484 240
-460 206
-412 178
-436 176
-424 180
-424 184
-476 200
-488 216
-512 232
-504 250
-500 252
-472 228
-492 248
-480 228
-444 220
-456 206
-496 204
-472 168
-456 200
-480 194
-460 204
-452 214
-516 244
-572 276
-536 256
-488 234
-496 240
-504 252
-520 254
-512 240
-476 232
-496 254
-500 248
-544 276
-580 288
-552 290
-532 276
-540 268
