-12 6
-500 226
-512 250
-516 248
-532 252
-508 248
-508 244
-524 268
-592 264
-544 264
-572 294
-608 298
-632 322
-612 310
-580 302
-620 312
-600 316
-552 282
-536 260
-560 278
-532 268
-520 258
-524 276
-520 294
-556 290
-576 292
-624 326
-564 298
-596 322
-512 290
-492 296
-520 278
-524 270
-552 286
-516 262
-544 266
-524 266
-560 294
-512 244
-496 216
-512 218
-540 276
-480 244
-500 252
-484 260
-536 274
-576 276
-596 282
-548 250
-520 244
-520 240
-504 228
-476 218
-500 234
-540 252
-560 260
-540 252
-504 254
-528 264
-548 272
-492 252
-428 236
-488 230
-448 240
-428 218
-496 240
-492 250
-528 252
-532 220
-532 214
-476 198
-492 188
-492 178
-492 186
-516 196
-552 220
-516 226
-468 192
-488 214
-520 230
-568 222
-532 202
-500 194
-468 152
-520 138
-448 142
-508 154
-492 146
-508 138
-512 154
-508 152
-508 166
-520 130
-504 146
-504 148
-552 178
-520 176
-516 172
-552 194
-544 198
-532 182
-528 184
-512 170
-512 218
-516 202
-500 192
-520 186
-516 208
-520 226
-492 254
-504 252
-504 234
-472 214
-512 222
-460 190
-480 200
-504 210
-496 210
-532 194
-576 218
-584 220
-516 190
-484 182
-524 166
-512 168
-456 136
-456 128
-472 170
-448 144
-468 134
-516 132
-488 132
-484 124
-400 100
-452 112
-452 122
-452 104
-476 110
-456 100
-428 84
-460 82
-480 46
-464 86
-484 102
-500 116
-484 164
-512 176
-544 184
-504 186
-536 184
-508 182
-540 222
-504 188
-512 158
-500 206
-528 204
-500 196
-484 206
-496 154
-456 146
-432 122
-436 118
-476 150
-452 174
-480 166
-448 152
-424 100
-444 144
-496 158
-460 140
-500 176
-476 160
-432 156
-480 150
-412 140
-448 150
-420 152
-420 162
-428 176
-468 222
-464 216
-480 200
-496 176
-476 152
-472 160
-472 200
-556 234
-564 234
-564 228
-572 218
-536 208
-516 224
-528 206
-508 188
-532 202
-572 202
-556 192
-548 190
-572 220
-568 224
-596 248
-576 210
-568 236
-560 232
-516 208
-540 218
-560 238
-560 230
-544 224
-512 224
-492 216
-516 224
-484 214
-504 198
-484 178
-508 168
-520 170
-488 172
-444 136
-424 116
-444 82
-476 40
-420 34
-424 16
-468 10
-428 12
-392 8
-436 16
-448 4
-460 2
-476 32
-456 16
-484 20
-460 46
-356 52
-416 104
-452 90
-476 118
-492 138
-492 116
-504 154
-504 124
-456 130
-456 142
-472 152
-448 110
-456 94
-452 124
-432 124
-444 132
-460 130
-380 78
-456 92
-476 88
-476 102
-468 146
-520 142
-488 140
-488 144
-492 128
-460 126
-484 130
-484 156
-472 168
-440 166
-516 200
-516 192
-512 188
-496 172
-520 156
-472 154
-528 156
-488 180
-516 164
-464 184
-464 152
-468 166
-440 150
-472 160
-452 148
-472 152
-472 158
-472 174
-508 186
-456 154
-428 144
-440 158
-528 176
-492 176
-528 184
-500 184
-496 170
-496 156
-484 170
-448 128
-444 116
-476 128
-472 128
-444 126
-448 140
-500 166
-480 174
-488 180
-464 162
-440 154
-452 146
-472 114
-448 132
-528 148
-508 158
-472 144
-468 134
-516 134
-548 148
-528 152
-528 180
-540 158
-536 184
-528 162
-496 154
-488 148
-468 138
-488 154
-472 126
-456 130
-428 120
-456 106
-464 142
-464 182
-472 184
-468 172
-456 188
-432 160
-460 154
-520 160
-504 160
-480 160
-460 158
-488 166
-496 166
-488 152
-500 164
-520 162
-472 164
-536 196
-508 164
-540 160
-488 152
-520 142
-484 176
-444 174
-440 166
-448 150
-500 140
-492 172
-480 152
-492 166
-488 168
-440 170
-516 172
-460 134
-488 142
-488 136
-468 116
-484 90
-460 82
-432 50
-440 76
-444 78
-476 96
-484 94
-508 124
-484 118
-480 120
-480 132
-472 136
-476 152
-508 182
-512 190
-496 186
-520 192
-516 182
-496 160
-512 166
-480 166
-472 196
-480 202
-484 192
-500 198
-492 192
-468 176
-520 146
-540 148
-492 124
-444 82
-420 42
-460 48
-448 42
-444 30
-448 66
-420 58
-432 124
-452 62
-456 56
-444 106
-480 106
-464 108
-464 98
-464 56
-472 66
-472 44
-460 30
-484 2
-448 14
-468 48
-452 62
-468 86
-468 106
-484 100
-456 104
-480 98
-480 100
-448 120
-464 106
-432 126
-416 96
-444 86
-404 84
-440 92
-452 92
-484 106
-468 112
-488 126
-500 122
-472 152
-484 188
-480 218
-500 224
-496 204
-436 178
-428 172
-432 176
-512 202
-468 170
-472 190
-472 188
-468 176
-480 208
-484 192
-504 216
-556 204
-556 212
-512 180
-528 176
-512 182
-528 184
-540 186
-520 180
-564 234
-572 216
-576 226
-592 252
-568 226
-576 230
-548 216
-592 226
-540 208
-588 206
-588 220
-552 218
-556 216
-544 206
-532 202
-524 202
-544 192
-524 206
-532 204
-496 212
-484 206
-492 166
-480 180
-524 186
-556 190
-508 212
-556 228
-508 216
-508 230
-584 228
-576 246
-568 236
-536 224
-504 230
-500 224
-480 190
-436 178
-416 168
-416 130
-428 96
-468 80
-484 106
-532 142
-540 136
-504 150
-504 152
-476 124
-436 122
-476 150
-492 166
-468 142
-456 148
-436 112
-472 104
-492 96
-512 88
-496 60
-524 22
-496 16
-544 28
-536 52
-480 48
-500 54
-540 32
-516 26
-532 6
-500 44
-512 70
-524 60
-492 38
-504 52
-500 34
-520 16
-516 20
-508 10
-528 6
-480 32
-484 60
-484 42
-484 28
-496 44
-504 78
-468 54
-464 50
-432 12
-428 64
-432 58
-452 54
-524 44
-540 34
-480 60
-484 64
-484 64
-460 84
-428 76
-352 56
-380 36
-428 18
-456 30
-456 4
-444 8
-428 10
-436 2
-476 20
-512 40
-512 58
-516 92
-496 82
-504 92
-504 138
-520 146
-480 128
-552 184
-556 204
-552 194
-536 218
-500 214
-528 216
-544 234
-528 216
-480 194
-476 186
-508 200
-500 192
-484 200
-516 214
-516 218
-576 234
-552 246
-516 220
-524 234
-504 226
-460 196
-508 202
-552 220
-540 230
-576 266
-584 274
-612 300
-620 312
-588 290
-624 316
-636 310
-644 312
-644 288
-596 268
-492 240
-524 276
-560 304
-628 320
-620 328
-600 324
-540 288
-592 306
-572 300
-576 320
-596 316
-592 302
-564 294
-540 302
-584 322
-628 330
-584 316
-524 268
-500 260
-536 282
-572 314
-568 300
-568 284
-644 318
-608 310
-564 286
-560 274
-556 280
-556 270
-552 262
-532 278
-532 292
-576 310
-548 296
-568 310
-564 286
-588 290
-572 278
-544 272
-516 278
-500 250
-480 232
-452 220
-460 202
-476 218
-504 246
-468 224
-508 228
-504 232
-480 262
-504 254
-516 262
-464 222
-516 252
-532 250
-564 288
-540 266
-488 250
-440 238
-440 222
-444 234
-496 262
-528 266
-468 250
-472 254
-448 196
-452 206
-488 214
-476 226
-528 256
-516 260
-524 246
-480 228
-532 284
-544 278
-568 306
-612 326
-616 320
-600 328
-616 320
-500 286
-540 302
-560 314
-556 328
-620 344
-700 368
-692 368
-620 340
-636 334
-624 332
-572 322
-560 316
-584 320
-564 318
-584 320
-596 320
-568 310
-540 304
-584 324
-588 314
-552 314
-536 292
-540 286
-568 316
-564 306
-504 288
-512 258
-496 260
-496 248
-544 272
-572 272
-596 280
-552 258
-524 220
-516 220
-476 224
-484 200
-496 230
-492 242
-516 230
-528 236
-512 220
-528 230
-508 200
-476 182
-500 182
-472 132
-508 132
-520 144
-520 172
-468 156
-480 158
-472 152
-488 132
-408 134
-404 142
-408 138
-412 162
-444 188
-484 208
-504 210
-576 256
-572 280
-556 270
-460 238
-452 222
-464 224
-496 208
-536 192
-492 172
-468 156
-524 172
-512 202
-508 178
-488 176
-500 188
-484 176
-524 154
-528 142
-544 144
-512 154
-468 142
-484 130
-472 144
-432 124
-464 126
-544 172
-508 192
-508 226
-536 230
-464 202
-412 186
-452 184
-488 208
-484 204
-532 212
-488 194
-440 188
-480 190
-468 160
-424 134
-472 120
-492 126
-456 108
-464 82
-476 100
-460 96
-488 94
-484 104
-496 162
-496 178
-532 212
-504 188
-424 170
-436 190
-488 184
-528 226
-524 234
-592 276
-620 310
-588 280
-572 268
-564 266
-548 268
-528 298
-564 298
-524 262
-548 280
-556 282
-532 276
-540 272
-544 244
-568 252
-540 232
-592 244
-516 198
-492 180
-496 204
-492 202
-488 190
-476 188
-508 210
-536 224
-548 234
-504 200
-536 264
-560 268
-600 290
-584 278
-548 268
-552 260
-596 278
-512 238
-476 248
-536 266
-516 258
-528 248
-540 240
-496 222
-556 222
-536 232
-504 222
-536 244
-540 240
-516 222
-480 224
-476 210
-468 222
-528 240
-500 236
-488 218
-464 226
-496 204
-468 218
-484 226
-500 218
-500 274
-500 286
-528 290
-576 300
-612 298
-608 302
-604 288
-592 310
-504 286
-528 266
-548 292
-536 284
-532 274
-568 300
-528 286
-556 264
-536 254
-520 224
-568 238
-564 258
-584 282
-588 294
-608 310
-612 306
-628 322
-648 338
-636 332
-616 334
-636 346
-616 340
-656 352
-692 368
-672 362
-672 360
-644 354
-596 326
-660 350
-624 338
-640 344
-628 346
-620 334
-632 332
-612 306
-604 296
-568 278
-528 270
-520 280
-572 288
-548 280
-568 294
-552 284
-568 302
-540 282
-556 278
-536 282
-536 276
-548 304
-628 338
-576 324
-636 348
-580 328
-608 326
-556 308
-540 290
-532 286
-540 280
-544 282
-532 278
-556 282
-608 318
-604 310
-572 312
-552 292
-516 288
-500 280
-516 278
-520 262
-560 260
-552 250
-544 256
-540 262
-548 254
-504 250
-524 250
-520 236
-516 282
-564 302
-520 274
-480 266
-520 294
-584 314
-572 308
-588 318
-632 330
-628 322
-580 312
-564 312
-544 286
-492 272
-480 246
-496 232
-496 224
-524 226
-580 248
-520 238
-528 248
-544 250
-536 238
-592 262
-564 246
-532 232
-504 252
-424 216
-468 194
-480 202
-492 204
-512 198
-548 234
-496 206
-480 172
-500 186
-496 188
-560 204
-540 196
-492 212
-492 192
-464 178
-452 188
-444 218
-504 230
-484 232
-476 244
-472 236
-512 218
-544 230
-528 220
-540 214
-500 224
-548 240
-552 244
