12 14
-288 2
-356 0
-408 34
-400 20
-432 26
-420 38
-436 28
-432 20
-476 22
-472 68
-452 54
-456 38
-484 26
-496 20
-500 10
-512 18
-492 28
-520 72
-524 46
-548 58
-548 66
-524 92
-476 58
-476 82
-472 84
-500 102
-492 116
-472 122
-436 92
-496 94
-524 142
-540 148
-532 152
-588 174
-584 198
-584 204
-568 190
-580 220
-560 214
-584 214
-604 224
-596 200
-568 210
-596 226
-576 218
-616 244
-616 236
-612 260
-652 290
-608 268
-616 260
-660 300
-644 292
-624 302
-628 302
-628 300
-636 322
-668 340
-644 338
-632 336
-656 344
-612 330
-692 354
-668 350
-684 360
-716 374
-708 360
-732 376
-700 362
-716 370
-696 356
-752 386
-728 382
-724 380
-728 380
-752 388
-748 384
-732 382
-720 372
-716 376
-696 370
-712 372
-664 366
-724 378
-724 380
-728 380
-724 378
-708 370
-744 386
-700 368
-692 358
-720 364
-684 364
-684 366
-680 362
-708 368
-716 374
-680 366
-648 352
-692 362
-712 374
-708 372
-716 376
-664 360
-644 346
-696 350
-688 344
-680 332
-688 350
-692 356
-684 350
-676 348
-636 344
-688 366
-708 374
-736 382
-724 380
-712 374
-768 390
-760 382
-732 382
-708 374
-704 372
-672 354
-708 366
-700 366
-696 366
-720 376
-736 374
-696 364
-688 366
-684 368
-668 358
-692 364
-684 354
-668 358
-680 352
-648 342
-672 346
-692 358
-676 352
-624 338
-700 358
-700 372
-684 366
-696 368
-724 378
-684 362
-688 368
-736 380
-740 384
-720 374
-720 374
-740 380
-736 378
-720 374
-772 392
-772 392
-768 392
-724 380
-712 374
-724 380
-712 376
-708 372
-728 380
-752 386
-724 378
-744 384
-700 370
-660 350
-656 342
-660 348
-728 376
-712 372
-708 366
-692 366
-724 374
-732 374
-748 376
-716 376
-720 374
-716 374
-700 364
-692 358
-712 368
-692 370
-668 360
-648 358
-652 354
-648 346
-692 360
-644 344
-648 342
-664 352
-648 356
-720 378
-696 370
-652 348
-656 352
-696 364
-684 352
-696 360
-696 346
-696 350
-672 352
-676 356
-656 342
-696 356
-684 354
-656 354
-684 362
-684 356
-696 358
-676 354
-672 360
-708 366
-704 368
-704 372
-700 372
-732 382
-716 376
-692 370
-680 366
-676 366
-712 370
-740 376
-684 346
-684 356
-712 370
-708 364
-676 362
-700 368
-664 356
-696 364
-732 370
-684 354
-648 338
-680 348
-720 358
-728 366
-668 356
-668 356
-644 346
-640 346
-604 324
-616 328
-652 328
-656 330
-628 334
-632 322
-548 298
-624 330
-664 334
-628 312
-648 312
-664 332
-668 336
-648 326
-616 324
-596 308
-632 316
-640 338
-636 340
-628 338
-648 338
-660 332
-684 344
-668 338
-676 336
-692 338
-700 360
-696 352
-684 346
-644 330
-636 332
-656 346
-676 360
-696 366
-760 388
-756 388
-728 376
-740 380
-696 366
-672 354
-684 362
-696 368
-692 368
-748 386
-752 388
-732 382
-740 382
-776 394
-716 378
-692 364
-724 380
-704 374
-748 386
-724 380
-716 376
-708 360
-668 348
-684 360
-660 352
-672 356
-680 356
-708 372
-744 382
-696 368
-672 360
-688 364
-740 382
-692 368
-696 372
-696 372
-692 362
-684 356
-664 346
-668 352
-620 340
-644 350
-656 342
-624 338
-620 332
-588 312
-668 356
-668 364
-696 360
-676 354
-672 360
-720 378
-708 370
-680 364
-672 362
-672 360
-672 358
-692 360
-692 362
-660 350
-636 330
-676 352
-660 350
-664 346
-676 360
-716 370
-720 376
-716 376
-740 384
-784 396
-728 374
-692 364
-700 370
-700 372
-724 378
-708 366
-648 350
-640 336
-652 342
-636 342
-660 360
-660 360
-644 356
-676 364
-668 356
-688 368
-708 370
-712 368
-732 380
-732 382
-724 380
-720 378
-732 382
-780 394
-744 386
-740 384
-756 388
-728 382
-728 380
-680 362
-688 360
-684 362
-732 376
-716 370
-700 368
-664 352
-668 348
-636 334
-676 352
-680 362
-704 358
-704 362
-692 362
-708 376
-736 382
-736 384
-692 370
-720 376
-744 386
-692 366
-668 356
-680 362
-704 372
-684 364
-688 366
-668 360
-712 372
-692 366
-692 362
-648 346
-628 338
-604 324
-644 346
-668 352
-664 356
-656 352
-728 380
-712 376
-740 382
-712 374
-712 376
-680 360
-696 366
-696 366
-724 374
-724 374
-728 368
-720 374
-684 370
-700 372
-712 374
-688 366
-696 362
-668 356
-696 370
-696 366
-756 386
-760 388
-732 378
-736 380
-708 374
-736 384
-748 386
-736 382
-756 388
-716 372
-696 372
-716 372
-740 384
-704 364
-676 354
-680 358
-708 374
-696 370
-660 354
-700 370
-696 370
-696 368
-724 368
-684 362
-688 366
-724 378
-756 388
-756 388
-776 394
-760 386
-704 364
-700 366
-680 358
-716 366
-684 362
-696 366
-660 356
-700 358
-716 370
-724 376
-724 378
-680 362
-680 366
-756 386
-696 374
-688 370
-632 336
-644 346
-652 340
-660 346
-684 354
-712 370
-660 350
-612 324
-668 340
-692 358
-708 368
-724 376
-716 376
-716 376
-696 370
-676 356
-684 356
-688 358
-720 368
-692 362
-740 382
-684 354
-672 356
-700 360
-704 362
-684 358
-704 370
-728 374
-728 378
-668 362
-648 348
-672 348
-688 352
-696 360
-656 354
-672 356
-672 360
-700 366
-712 372
-708 372
-728 380
-740 382
-700 372
-684 364
-680 362
-676 362
-672 364
-660 362
-660 362
-720 374
-736 382
-752 384
-736 382
-756 388
-736 378
-724 372
-700 368
-692 366
-708 374
-672 364
-664 362
-700 370
-664 358
-688 366
-708 370
-672 362
-716 372
-724 378
-692 370
-736 380
-736 380
-708 376
-676 360
-676 360
-708 372
-656 358
-664 362
-628 350
-620 334
-644 340
-692 354
-668 352
-664 352
-668 346
-660 344
-660 328
-664 336
-676 346
-628 344
-700 368
-684 360
-692 368
-720 378
-732 380
-700 368
-708 368
-740 382
-736 382
-752 388
-724 380
-744 386
-768 392
-760 390
-740 382
-724 374
-672 358
-664 352
-648 344
-644 344
-680 338
-656 336
-684 354
-688 346
-692 354
-688 350
-700 352
-736 366
-680 356
-712 370
-684 366
-720 376
-696 368
-724 380
-740 380
-720 378
-728 380
-708 372
-696 366
-656 346
-684 368
-708 376
-676 364
-672 356
-648 352
-664 348
-692 366
-704 370
-648 346
-712 370
-708 370
-696 364
-680 364
-700 372
-696 364
-696 368
-640 352
-676 360
-680 358
-664 354
-680 358
-652 350
-700 368
-692 366
-696 366
-720 378
-736 382
-736 378
-716 374
-720 376
-712 368
-664 342
-680 350
-708 356
-704 370
-708 372
-696 368
-692 368
-680 364
-684 362
-712 376
-720 378
-692 360
-712 374
-688 356
-640 350
-664 350
-672 356
-680 358
-704 364
-684 360
-660 352
-672 354
-688 360
-672 348
-676 358
-656 342
-672 356
-672 358
-656 352
-672 352
-680 366
-688 368
-696 366
-684 358
-712 372
-700 372
-632 336
-628 338
-636 346
-628 330
-620 326
-656 336
-664 356
-640 346
-648 350
-672 360
-720 378
-752 386
-748 386
-732 380
-692 370
-680 366
-680 362
-688 366
-708 374
-720 378
-676 366
-708 372
-668 360
-700 362
-736 374
-728 380
-732 380
-744 384
-736 382
-716 370
-676 364
-732 376
-716 372
-720 374
-720 374
-724 376
-656 356
-668 362
-732 378
-700 374
-732 376
-700 366
-692 358
-700 360
-700 354
-688 354
-712 364
-684 352
-668 348
-692 348
-684 342
-688 350
-680 344
-692 364
-684 358
-696 356
-672 364
-712 374
-724 376
-728 380
-748 386
-748 384
-728 380
-712 376
-716 376
-684 370
-712 374
-708 370
-700 368
-712 372
-688 362
-672 360
-676 358
-744 384
-768 392
-776 394
-764 390
-712 372
-692 368
-680 364
-700 368
-672 358
-720 376
-688 366
-692 364
-744 380
-732 374
-720 374
-688 368
-708 368
-676 352
-624 338
-652 346
-652 352
-636 334
-676 348
-680 358
-712 368
-704 370
-660 358
-676 364
-676 362
-672 366
-700 364
-692 366
-732 382
-728 378
-708 374
-728 380
-700 370
-664 360
-728 372
-672 360
-668 358
-700 370
-700 370
-692 366
-640 344
-692 370
-684 362
-676 358
-680 360
-700 372
-700 370
-724 376
-732 382
-768 392
-692 366
-680 356
-752 382
-752 382
-708 356
-708 350
-696 358
-716 368
-720 366
-696 358
-656 354
-648 348
-660 352
-732 382
-724 380
-684 366
-700 362
-700 368
-680 362
-684 366
-688 368
-676 356
-672 358
-756 378
-732 374
-716 372
-732 370
-724 378
-676 362
-712 370
-712 372
-720 378
-760 388
-760 388
-768 392
-752 386
-748 386
-724 378
-716 378
-752 388
-740 384
-704 372
-740 384
-728 382
-776 394
-716 376
-704 372
-728 376
-716 376
-620 334
-672 346
-688 358
-752 382
-768 392
-752 388
-736 380
-756 386
-740 382
-740 384
-724 378
-736 382
-736 378
-740 384
-740 382
-732 376
-704 366
-684 368
-696 368
-684 362
-728 378
-700 370
-736 382
-664 360
-652 352
-640 356
-708 372
-712 372
-692 372
-712 374
-732 376
-736 378
-740 380
-664 360
-700 370
-752 388
-736 382
-744 386
-712 374
-712 378
-736 384
-744 382
-728 380
-684 364
-680 356
-688 358
-708 368
-688 362
-680 356
-688 364
-660 364
-660 358
-688 360
-676 360
-684 362
-636 348
-652 338
-628 316
-640 322
-660 346
-624 334
-676 350
-712 372
-700 364
-696 364
-636 346
-708 374
-728 378
-700 372
-708 370
-708 370
-716 366
-740 384
-720 378
-696 368
-696 370
-696 364
-736 380
-716 372
-724 376
-700 370
-664 354
-700 372
-688 364
-724 378
-712 372
-676 358
-696 358
-684 340
-684 352
-700 362
-696 360
-708 348
-668 336
-692 348
-684 348
-684 352
-712 366
-720 378
-740 384
-704 372
-640 344
-660 354
-668 346
-692 366
-676 346
-652 340
-652 350
-692 364
-664 360
-716 374
-720 374
-704 364
-704 372
-760 386
-740 376
-724 376
-720 378
-740 376
-684 360
-708 372
-696 370
-708 372
-740 382
-708 374
-676 358
-664 346
-676 356
-664 352
-704 366
-688 358
-640 338
-624 334
-640 346
-624 340
-660 348
-692 364
-696 362
-680 360
-692 368
-704 370
-680 360
-676 366
-708 374
-716 374
-732 376
-668 354
-660 356
-624 328
-616 332
-676 354
-696 362
-700 362
-680 346
-692 346
-716 366
-736 378
-692 364
-704 370
-724 376
-716 372
-720 370
-716 372
-716 378
-732 376
-704 366
-748 384
-720 378
-732 382
-700 372
-684 360
-692 360
-708 366
-716 376
-692 364
-664 352
-672 354
-712 364
-720 372
-736 380
-744 386
-740 384
-724 380
-696 370
-704 374
-716 376
-776 392
-744 384
-700 370
-680 358
-660 350
-672 338
-624 320
-676 350
-708 366
-720 378
-732 374
-732 378
-736 382
-680 366
-688 358
-696 360
-708 358
-712 358
-640 346
-700 356
-700 358
-704 366
-704 368
-712 374
-732 382
-740 384
-708 368
-712 376
-724 374
-736 380
-740 384
-720 376
-696 366
-668 356
-676 364
-704 370
-720 370
-700 366
-712 370
-716 376
-712 376
-756 388
-740 378
-656 354
-632 342
-640 348
-664 338
-648 344
-668 356
-704 368
-692 366
-664 354
-716 374
-692 364
-700 372
-696 370
-716 374
-696 368
-720 366
-692 356
-648 328
-644 336
-636 336
-620 328
-620 328
-660 350
-672 354
-724 376
-696 362
-724 380
-720 378
-680 362
-680 356
-688 360
-732 382
-768 392
-728 380
-732 382
-732 380
-688 360
-732 380
-704 368
-716 370
-708 372
-748 386
-716 378
-728 380
-776 394
-740 382
-716 374
-752 382
-712 372
-704 368
-712 366
-720 368
-684 342
-692 356
-688 356
-672 338
-672 330
-652 306
-668 312
-676 320
-624 316
-648 324
-668 330
-612 318
-660 340
-676 352
-648 348
-656 354
-652 354
-676 366
-680 364
-692 364
-676 350
-684 362
-708 368
-696 364
-692 362
-684 362
-664 354
-688 358
-692 352
-680 340
-688 346
-700 352
-680 348
-656 338
-660 354
-712 378
-704 376
-724 380
-736 382
-752 388
-704 374
-756 388
-720 380
-700 374
-696 368
-728 382
-724 380
-712 372
-720 372
-712 376
-688 370
-736 382
-672 362
-676 362
-712 374
-728 380
-708 374
-676 356
-708 368
-640 350
-652 348
-676 356
-688 362
-696 364
-720 374
-692 362
-652 350
-728 376
-732 380
-736 374
-728 374
-708 376
-720 378
-692 368
-716 378
-688 362
-676 356
-712 368
-700 372
-724 376
-712 366
-704 362
-684 354
-704 354
-716 364
-700 368
-656 360
-672 358
-708 366
-704 368
-708 366
-712 374
-760 386
-720 376
-708 370
-740 380
-728 378
-704 372
-728 380
-712 376
-700 370
-732 380
-700 370
-740 382
-720 380
-740 384
-748 384
-708 364
-756 382
-728 380
-728 380
-736 382
-716 378
-732 376
-700 368
-672 356
