-48 28
-284 18
-348 26
-344 8
-360 12
-348 10
-384 8
-392 22
-428 10
-440 40
-400 26
-404 36
-388 34
-444 44
-392 36
-376 34
-384 50
-420 38
-404 50
-412 50
-432 30
-444 52
-448 46
-468 54
-468 60
-420 44
-392 30
-412 68
-428 56
-440 54
-436 52
-432 44
-468 14
-464 0
-492 14
-484 10
-488 6
-424 20
-492 6
-528 26
-536 44
-508 12
-492 24
-488 18
-496 6
-488 32
-512 44
-504 34
-468 26
-412 48
-460 38
-480 54
-496 90
-488 100
-500 116
-472 122
-460 98
-440 102
-460 106
-440 96
-396 88
-412 64
-460 70
-488 46
-492 34
-500 46
-456 50
-480 38
-404 48
-452 36
-460 38
-464 50
-504 16
-476 16
-468 48
-488 2
-452 6
-436 4
-460 8
-432 30
-412 34
-456 66
-476 90
-468 82
-468 60
-444 10
-472 2
-460 44
-472 40
-456 22
-472 4
-492 14
-500 18
-460 86
-500 52
-480 30
-440 30
-488 46
-444 42
-472 52
-456 90
-492 96
-464 86
-460 82
-468 52
-520 58
-524 72
-488 84
-468 66
-452 90
-488 94
-448 122
-472 98
-488 90
-472 106
-440 102
-484 100
-424 90
-368 86
-348 82
-416 104
-440 92
-420 98
-440 136
-424 146
-460 172
-452 174
-452 170
-436 166
-456 180
-472 200
-496 176
-496 174
-436 160
-444 196
-404 202
-488 212
-460 174
-472 190
-472 178
-492 192
-520 198
-496 182
-452 172
-440 182
-448 180
-488 178
-496 188
-536 228
-496 214
-528 228
-476 240
-520 238
-472 188
-460 192
-516 214
-504 194
-496 188
-544 216
-536 222
-536 232
-484 218
-512 264
-500 248
-504 260
-504 246
-472 230
-488 244
-516 246
-540 258
-512 242
-476 198
-528 202
-560 222
-520 232
-472 252
-532 234
-492 228
-516 238
-496 216
-452 200
-520 220
-528 208
-560 196
-520 200
-488 186
-528 196
-480 200
-472 208
-500 236
-480 218
-516 248
-536 254
-524 252
-524 260
-560 270
-576 276
-580 290
-560 294
-572 286
-608 288
-584 270
-592 272
-524 254
-584 238
-552 234
-528 234
-568 256
-512 232
-552 270
-488 252
-500 246
-548 260
-532 274
-576 298
-592 288
-564 284
-588 294
-552 266
-576 260
-528 268
-528 290
-524 296
-520 294
-548 294
-612 332
-576 304
-540 306
-552 310
-568 292
-600 284
-592 288
-580 286
-568 278
-560 280
-528 288
-552 282
-584 284
-584 294
-600 278
-532 260
-584 270
-576 286
-536 280
-556 284
-524 284
-524 286
-512 278
-524 268
-548 256
-556 284
-544 294
-604 338
-592 320
-608 322
-600 322
-584 322
-568 318
-604 332
-592 326
-588 324
-572 312
-600 326
-592 328
-596 322
-568 276
-584 288
-564 288
-608 310
-632 340
-648 338
-604 328
-604 322
-560 300
-524 292
-528 302
-536 296
-556 298
-536 284
-512 274
-548 306
-628 336
-548 302
-556 306
-572 306
-508 290
-504 270
-468 254
-480 236
-524 254
-548 280
-500 248
-468 232
-476 234
-476 228
-420 206
-464 226
-500 222
-532 192
-448 194
-516 184
-504 158
-500 156
-496 156
-520 170
-500 190
-432 168
-488 176
-464 172
-460 140
-432 148
-416 146
-452 164
-448 126
-448 112
-404 140
-396 138
-464 166
-436 138
-436 114
-440 124
-448 130
-452 140
-432 152
-432 164
-468 174
-504 174
-484 168
-528 182
-476 190
-448 170
-480 186
-480 148
-464 142
-460 132
-412 110
-452 106
-420 136
-428 148
-364 100
-448 96
-424 86
-436 110
-432 114
-404 60
-372 66
-428 70
-408 86
-372 82
-464 110
-448 76
-448 46
-420 82
-392 92
-440 54
-476 60
-452 48
-440 92
-440 92
-408 90
-396 70
-396 36
-404 20
-372 40
-384 46
-380 106
-436 128
-468 158
-484 138
-436 122
-444 106
-484 134
-492 134
-480 130
-452 138
-456 130
-480 132
-504 98
-468 98
-452 78
-476 68
-480 72
-456 86
-472 90
-448 108
-432 104
-400 78
-448 96
-480 118
-436 84
-408 52
-428 58
-436 74
-424 48
-416 34
-420 36
-404 24
-460 50
-484 38
-492 66
-484 62
-468 74
-472 58
-488 94
-400 34
-380 26
-408 48
-420 78
-432 58
-432 90
-416 82
-440 104
-476 88
-432 66
-452 86
-456 112
-480 122
-492 150
-492 154
-476 158
-468 168
-540 192
-560 194
-512 208
-500 210
-500 222
-552 220
-520 222
-500 208
-508 200
-480 190
-508 172
-472 192
-520 206
-564 244
-508 236
-540 264
-544 268
-572 290
-592 306
-564 282
-592 290
-604 282
-580 292
-568 286
-540 260
-508 234
-484 240
-524 256
-528 276
-536 272
-540 266
-492 244
-496 252
-528 268
-476 230
-472 232
-480 236
-500 212
-468 222
-548 240
-548 262
-552 256
-524 258
-508 248
-536 246
-520 220
-484 200
-468 196
-452 230
-456 216
-440 210
-456 210
-424 194
-424 200
-456 190
-424 152
-400 166
-416 176
-440 174
-428 164
-388 136
-392 112
-416 104
-432 88
-428 74
-384 68
-464 84
-456 42
-420 26
-440 20
-500 66
-464 50
-460 78
-480 56
-412 34
-400 14
-428 18
-448 54
-492 40
-496 56
-544 74
-536 78
-564 54
-552 22
-512 34
-484 48
-480 40
-524 44
-512 38
-480 8
-416 10
-408 38
-412 14
-460 24
-512 30
-508 54
-452 62
-460 52
-484 42
-484 54
-528 88
-480 76
-460 90
-456 72
-440 38
-452 16
-432 8
-416 20
-480 44
-472 60
-488 44
-440 12
-420 16
-456 42
-432 34
-476 36
-428 56
-464 54
-448 72
-408 60
-448 98
-464 138
-500 100
-532 98
-528 112
-520 132
-528 124
-480 108
-504 116
-500 138
-516 128
-520 140
-508 124
-500 108
-480 102
-544 122
-516 130
-540 158
-556 148
-516 154
-512 150
-500 122
-516 132
-528 160
-512 194
-492 186
-504 174
-444 174
-436 160
-400 176
-448 134
-456 120
-468 130
-480 142
-424 156
-460 198
-476 204
-432 186
-396 204
-416 196
-372 176
-400 166
-420 156
-408 160
-420 142
-408 136
-436 144
-440 158
-452 164
-500 206
-524 206
-480 208
-508 230
-508 240
-484 232
-524 242
-584 246
-516 224
-544 226
-532 214
-508 198
-484 190
-520 204
-536 220
-504 196
-564 186
-536 190
-560 194
-532 206
-504 184
-512 178
-472 198
-508 228
-540 226
-508 178
-532 186
-492 178
-504 198
-496 208
-500 214
-440 210
-412 204
-456 234
-504 236
-508 270
-528 296
-540 304
-540 314
-600 326
-620 320
-640 332
-668 340
-584 312
-552 280
-572 298
-556 298
-556 296
-568 294
-524 260
-516 254
-500 214
-516 222
-484 202
-528 254
-540 254
-528 258
-512 242
-516 258
-512 256
-524 256
-560 256
-484 230
-512 246
-544 240
-528 228
-468 178
-512 204
-524 192
-492 188
-436 206
-440 194
-444 180
-476 158
-452 174
-444 176
-460 174
-484 210
-464 200
-480 176
-500 186
-464 184
-484 198
-484 196
-500 222
-456 236
-532 228
-492 180
-456 166
-468 168
-488 176
-512 196
-508 198
-460 198
-392 164
-424 168
-444 190
-440 222
-500 240
-540 242
-556 240
-552 246
-568 264
-540 244
-520 236
-548 234
-520 220
-504 230
-532 264
-564 252
-584 252
-588 248
-568 220
-560 244
-484 228
-508 230
-508 244
-520 254
-564 270
-568 284
-612 296
-568 284
-540 260
-532 248
-548 250
-488 226
-504 218
-420 160
-388 120
-420 72
-428 50
-452 56
-416 58
-428 32
-404 14
-416 20
-444 18
-460 0
-424 12
-440 8
-436 2
-460 8
-472 18
-436 10
-428 26
-400 18
-360 16
-464 16
-456 56
-444 32
-452 16
-396 20
-448 20
-472 74
-440 88
-440 90
-436 92
-464 84
-460 86
-472 102
-472 104
-508 100
-456 56
-448 62
-440 92
-448 102
-444 80
-420 88
-396 92
-428 100
-480 134
-480 116
-444 108
-392 88
-392 118
-428 120
-424 148
-404 130
-420 132
-536 138
-536 134
-476 134
-468 172
-492 166
-452 180
-428 170
-468 142
-440 140
-484 160
-512 164
-480 122
-468 140
-480 192
-512 194
-412 174
-452 178
-504 196
-472 164
-472 176
-488 196
-520 220
-512 184
-524 210
-552 236
-508 216
-464 194
-448 174
-432 154
-416 176
-432 118
-440 122
-496 160
-496 166
-428 172
-456 218
-496 230
-552 250
-504 254
-508 218
-508 222
-532 224
-536 208
