-12 6
-476 200
-424 214
-524 258
-484 238
-568 250
-552 252
-544 248
-556 256
-512 254
-544 244
-508 256
-488 232
-468 238
-504 252
-512 260
-492 230
-460 212
-468 220
-492 236
-508 262
-508 272
-508 276
-564 284
-572 308
-612 324
-564 310
-488 264
-484 254
-532 266
-504 248
-452 262
-480 254
-488 258
-516 264
-472 246
-452 246
-512 238
-536 266
-564 298
-580 298
-644 344
-568 308
-588 318
-592 310
-508 262
-556 278
-588 290
-608 300
-540 298
-600 316
-556 286
-532 292
-536 248
-532 246
-528 232
-536 234
-536 208
-512 188
-532 194
-504 204
-532 220
-580 220
-532 200
-520 186
-556 202
-584 216
-524 204
-556 242
-588 276
-524 260
-520 258
-512 262
-560 290
-548 294
-580 316
-572 316
-580 304
-580 308
-624 330
-648 342
-584 326
-600 328
-532 300
-528 276
-504 258
-460 206
-472 214
-460 214
-524 230
-528 240
-536 234
-520 218
-524 232
-512 246
-484 218
-468 206
-492 240
-544 268
-548 272
-528 264
-504 254
-528 268
-520 262
-496 240
-492 242
-512 244
-496 244
-532 226
-484 210
-512 224
-540 250
-496 240
-536 248
-496 240
-484 218
-436 190
-436 192
-480 168
-476 166
-484 186
-516 216
-516 218
-536 242
-532 246
-488 242
-492 256
-452 250
-516 278
-568 280
-564 282
-544 256
-524 268
-556 264
-528 254
-520 254
-432 212
-496 218
-500 252
-552 284
-548 282
-556 270
-516 250
-500 248
-456 246
-492 264
-532 300
-596 314
-620 316
-564 292
-552 292
-568 298
-520 266
-536 266
-536 266
-544 280
-548 298
-528 302
-540 292
-532 294
-552 298
-520 282
-560 306
-572 300
-508 280
-536 274
-536 250
-512 266
-520 264
-552 268
-468 250
-524 258
-520 276
-592 298
-596 306
-536 278
-600 304
-652 338
-628 344
-644 346
-624 334
-544 288
-528 278
-528 278
-584 284
-588 296
-572 294
-548 288
-576 316
-528 272
-564 282
-548 282
-564 288
-480 244
-452 230
-424 206
-472 216
-500 232
-444 228
-448 220
-424 210
-476 200
-432 206
-468 186
-456 196
-488 212
-452 210
-452 192
-436 198
-480 206
-500 224
-464 220
-500 220
-516 236
-456 232
-512 242
-488 246
-516 280
-564 304
-568 304
-612 318
-572 314
-564 318
-560 310
-564 316
-536 296
-560 314
-596 324
-596 320
-572 320
-604 334
-632 342
-628 334
-616 338
-592 322
-628 342
-600 324
-532 274
-536 290
-528 266
-568 272
-520 274
-528 278
-488 246
-492 224
-484 234
-492 254
-516 238
-484 232
-500 250
-512 232
-540 268
-580 290
-576 294
-548 276
-588 294
-548 286
-552 276
-516 280
-560 288
-532 278
-584 300
-580 302
-560 294
-620 302
-628 290
-636 302
-580 296
-560 296
-560 302
-568 298
-600 306
-612 284
-560 264
-532 270
-500 262
-520 274
-476 264
-544 282
-548 304
-600 324
-548 314
-500 292
-532 302
-548 306
-620 332
-588 320
-536 308
-492 288
-544 294
-552 312
-628 330
-628 334
-616 340
-676 342
-656 332
-640 328
-588 320
-588 304
-548 290
-556 288
-532 290
-488 288
-544 294
-552 284
-572 280
-560 274
-580 282
-544 278
-568 282
-544 274
-552 300
-568 292
-532 296
-552 308
-580 314
-576 320
-568 316
-612 332
-624 326
-600 332
-608 318
-616 306
-568 288
-448 256
-488 232
-492 234
-480 228
-476 228
-476 242
-464 238
-480 270
-508 294
-540 300
-568 318
-620 328
-584 306
-592 308
-572 294
-548 300
-576 316
-616 322
-568 304
-568 300
-568 302
-564 306
-584 306
-632 336
-664 356
-640 348
-660 356
-684 362
-580 318
-568 314
-532 308
-544 294
-532 296
-536 302
-548 282
-572 312
-676 350
-628 340
-656 358
-652 352
-648 350
-636 344
-608 334
-564 314
-560 290
-584 306
-580 300
-544 278
-580 292
-524 286
-556 290
-516 296
-528 288
-556 286
-612 318
-588 322
-580 326
-584 308
-580 312
-640 348
-652 348
-596 316
-584 306
-604 324
-548 304
-560 312
-608 338
-592 336
-616 338
-600 334
-600 326
-584 338
-612 338
-632 346
-604 334
-572 310
-616 322
-608 314
-560 288
-528 280
-532 258
-508 240
-488 228
-520 258
-488 250
-492 232
-552 252
-560 248
-564 266
-548 284
-524 270
-524 246
-568 266
-572 268
-544 256
-576 258
-492 228
-436 224
-432 202
-448 186
-460 194
-468 216
-532 234
-532 232
-548 210
-568 234
-560 216
-544 216
-532 212
-544 218
-600 244
-540 236
-516 222
-480 194
-460 190
-480 172
-544 216
-556 238
-540 228
-528 244
-528 228
-568 240
-472 228
-508 220
-524 212
-484 182
-520 154
-484 222
-472 204
-484 226
-544 250
-520 250
-556 258
-548 232
-544 236
-564 250
-620 292
-600 286
-584 294
-524 270
-552 268
-520 284
-528 300
-484 278
-524 298
-536 302
-544 288
-532 284
-568 294
-556 302
-572 306
-608 324
-564 308
-584 310
-544 312
-580 320
-588 320
-576 310
-584 320
-624 324
-600 310
-604 306
-560 294
-528 278
-548 268
-456 244
-488 258
-496 232
-496 222
-512 246
-580 260
-556 276
-572 262
-544 216
-508 216
-512 216
-496 204
-528 238
-512 224
-572 248
-508 214
-528 228
-496 218
-508 214
-528 220
-512 228
-544 216
-520 216
-472 174
-516 212
-508 236
-584 258
-648 290
-568 286
-560 276
-556 282
-556 270
-544 274
-524 262
-500 258
-480 256
-520 256
-528 242
-540 228
-496 224
-512 246
-500 252
-528 278
-584 286
-560 284
-584 292
-592 272
-548 270
-536 262
-564 262
-588 280
-560 276
-600 288
-552 268
-588 292
-508 262
-528 268
-584 270
-488 232
-536 250
-572 270
-524 280
-492 250
-524 284
-536 298
-548 314
-568 316
-584 308
-544 280
-576 288
-584 302
-564 296
-524 270
-452 246
-440 238
-488 242
-520 236
-492 222
-508 232
-528 216
-480 158
-472 188
-448 156
-484 160
-488 154
-452 168
-444 184
-476 150
-452 116
-432 106
-440 66
-404 72
-408 60
-400 42
-380 52
-412 34
-448 48
-460 68
-424 60
-452 72
-444 66
-456 64
-484 66
-472 66
-492 106
-500 70
-476 42
-448 8
-472 20
-444 10
-460 14
-424 10
-364 22
-380 34
-380 56
-412 42
-416 96
-360 82
-372 78
-436 50
-448 52
-464 74
-492 70
-480 90
-560 92
-556 86
-516 78
-504 96
-472 92
-480 98
-476 110
-412 88
-400 56
-424 62
-412 50
-408 28
-388 18
-468 26
-436 54
-472 84
-448 60
-468 22
-452 58
-468 96
-460 110
-544 122
-500 146
-516 192
-492 180
-500 180
-532 180
-488 130
-492 152
-512 118
-552 156
-552 128
-492 120
-508 116
-496 128
-516 96
-476 114
-472 114
-468 128
-508 142
-472 130
-492 158
-516 152
-528 146
-468 136
-456 150
-428 142
-440 144
-392 144
-416 164
-440 182
-476 168
-432 136
-452 92
-472 78
-452 68
-468 84
-448 88
-476 90
-460 88
-484 76
-476 88
-492 116
-432 94
-472 112
-448 126
-440 124
-460 172
-428 160
-472 168
-496 186
-464 144
-480 132
-484 152
-492 176
-464 184
-500 200
-444 180
-364 138
-456 140
-468 152
-456 138
-420 158
-428 162
-476 158
-448 172
-464 178
-456 164
-500 232
-536 256
-528 272
-492 264
-508 280
-504 264
-512 260
-496 260
-524 274
-524 270
-548 248
-468 208
-464 190
-500 234
-520 226
-484 200
-492 218
-480 190
-456 162
-532 222
-496 230
-508 206
-500 208
-476 204
-496 196
-492 182
-428 150
-396 186
-464 226
-452 202
-500 206
-452 200
-476 210
-500 194
-528 224
-508 222
-500 202
-504 192
-484 188
-516 212
-580 216
-552 196
-548 198
-552 206
-520 196
-516 198
-480 214
-532 240
-520 252
-528 272
-516 258
-540 264
-504 246
-548 266
-596 294
-520 258
-568 266
-560 266
-596 268
-584 270
-556 252
-548 256
-552 266
-524 252
-600 290
-628 298
-564 276
-576 254
-488 206
-504 198
-504 196
-536 202
-524 242
-564 258
-544 270
-572 308
-612 336
-620 344
-648 358
-596 334
-632 344
-580 322
-560 324
-592 330
-584 330
-616 336
-620 332
-632 332
-624 324
-600 322
-632 328
-604 316
-584 316
-572 316
-596 304
-528 296
-536 288
-524 268
-524 262
-520 268
-524 266
-480 246
-452 228
-444 226
-444 178
-504 198
-480 174
-516 134
-488 134
-484 134
-468 124
-452 118
-452 122
-468 80
-380 24
-400 14
-440 2
-460 4
-440 18
-500 4
-472 16
-516 34
-528 52
-484 64
-476 82
-500 84
-468 20
-480 8
-472 24
-460 22
-464 26
-436 8
-424 24
-412 28
-476 44
-480 46
-480 54
-488 26
-432 68
-424 40
-456 82
-460 110
-492 114
-560 144
-544 162
-528 158
-500 138
-480 110
-464 108
-500 122
-472 120
-480 128
-468 130
-464 100
-492 110
-500 144
-416 112
-424 66
-508 62
-464 54
-508 64
-488 112
-484 78
-532 136
-528 126
-496 108
-472 104
-448 78
-444 52
-528 50
-512 56
-500 52
-480 14
-464 10
-492 18
-464 64
-436 82
-440 70
-488 76
-468 34
-496 12
-472 14
-436 24
-476 10
-496 56
-468 54
-460 66
-416 74
-440 116
-464 128
-412 122
-424 142
-416 122
-416 130
-488 136
-540 142
-532 172
-504 160
-512 162
-544 164
-512 162
-484 142
-520 154
-472 136
-484 124
-516 112
-512 148
-452 152
-496 152
-484 182
-476 166
-456 138
-432 120
-480 110
-432 78
-464 112
-472 158
-460 140
-432 162
-420 126
-436 132
-436 90
-444 100
-372 100
-420 82
-388 86
-440 86
-444 84
-484 110
-432 74
-460 46
-496 12
-524 38
-456 14
-488 10
-508 2
-452 22
-436 16
-452 16
-476 24
-484 42
-464 70
-468 84
-512 112
-532 114
-464 144
-448 148
-468 142
-464 170
-476 192
-460 148
-476 162
-500 182
-484 174
-504 194
-492 196
-520 190
-488 198
-484 174
-464 160
-452 182
-508 204
-520 232
-444 194
-492 224
-424 204
-460 266
-488 254
-540 268
-532 278
-512 270
-532 258
-488 220
-492 258
-452 232
-472 246
-496 248
-536 268
-484 246
-480 236
-504 234
-512 220
-524 228
-564 248
-528 246
-540 272
-540 262
-468 222
-540 230
-564 270
-536 254
-548 256
-492 232
-536 246
-516 252
-476 210
-484 192
-500 166
-488 140
