-12 6
-444 196
-476 220
-488 256
-452 242
-532 252
-492 248
-472 240
-408 198
-440 180
-444 162
-452 174
-472 174
-468 198
-496 196
-496 186
-532 224
-492 210
-520 236
-572 226
-536 226
-496 222
-508 224
-496 196
-492 208
-520 214
-456 202
-476 188
-496 184
-452 138
-464 112
-452 138
-464 128
-512 160
-484 176
-496 148
-488 154
-488 142
-448 126
-480 122
-492 142
-456 172
-488 172
-464 162
-524 194
-532 180
-484 148
-488 146
-492 158
-464 162
-500 158
-480 176
-472 130
-512 154
-536 174
-500 194
-560 198
-564 208
-556 208
-560 216
-576 222
-572 220
-536 188
-500 194
-504 214
-512 214
-536 240
-516 220
-488 204
-500 212
-440 176
-496 194
-464 172
-472 166
-472 160
-452 188
-460 198
-512 248
-480 238
-512 216
-536 244
-524 250
-516 240
-540 232
-516 232
-548 244
-552 246
-552 264
-588 282
-600 292
-600 302
-528 270
-512 230
-584 260
-552 262
-560 256
-536 258
-500 224
-528 246
-528 246
-524 252
-528 266
-564 262
-532 278
-600 300
-556 276
-548 290
-568 282
-540 260
-540 272
-560 270
-500 230
-508 240
-568 266
-568 264
-536 266
-468 240
-440 226
-492 260
-528 278
-532 300
-596 324
-600 328
-596 326
-600 330
-584 324
-616 334
-636 344
-692 364
-680 350
-672 356
-648 350
-640 336
-620 326
-644 340
-668 352
-688 356
-616 326
-564 302
-572 302
-616 316
-576 306
-576 318
-584 306
-576 292
-576 304
-556 278
-552 290
-560 286
-564 294
-588 316
-600 326
-608 322
-644 340
-580 330
-608 342
-616 340
-588 330
-560 320
-628 342
-572 324
-636 346
-648 350
-636 348
-640 344
-580 324
-616 324
-572 292
-564 280
-576 294
-536 280
-568 296
-524 276
-488 246
-496 224
-536 224
-544 250
-536 260
-472 256
-516 278
-544 286
-568 302
-572 298
-592 294
-604 324
-600 316
-528 278
-540 260
-520 226
-564 246
-580 246
-560 234
-556 242
-540 240
-532 248
-544 264
-596 274
-576 282
-612 290
-640 300
-660 326
-668 324
-612 314
-556 288
-576 284
-608 298
-584 288
-548 278
-584 292
-600 288
-532 264
-540 258
-568 270
-556 290
-572 296
-596 312
-588 308
-604 306
-580 304
-568 286
-596 290
-580 288
-564 278
-568 298
-516 286
-492 278
-536 294
-564 320
-560 310
-548 294
-556 292
-556 288
-520 274
-584 284
-556 298
-564 292
-604 300
-572 288
-580 296
-576 280
-540 260
-580 250
-500 226
-532 240
-504 246
-496 248
-480 224
-484 218
-544 252
-488 250
-500 250
-532 244
-560 260
-544 280
-520 270
-488 258
-480 246
-536 272
-532 260
-524 252
-528 232
-484 210
-520 260
-524 268
-472 250
-480 250
-508 214
-492 220
-524 236
-564 262
-576 260
-572 270
-516 272
-568 296
-592 304
-544 308
-560 308
-532 280
-520 246
-556 270
-544 272
-612 320
-612 332
-588 322
-600 332
-552 314
-572 308
-560 298
-584 304
-568 284
-580 284
-512 276
-536 262
-544 266
-572 278
-556 278
-596 294
-568 294
-528 272
-560 260
-556 268
-544 260
-520 232
-492 238
-508 222
-492 208
-452 200
-520 248
-480 248
-532 260
-596 292
-568 266
-552 274
-596 294
-628 292
-608 294
-572 276
-572 298
-552 280
-572 280
-520 276
-588 286
-548 278
-544 286
-596 306
-608 320
-628 320
-616 306
-592 282
-592 278
-572 266
-560 262
-536 256
-540 260
-528 250
-536 240
-516 234
-512 224
-552 246
-524 216
-536 242
-556 262
-544 242
-564 246
-536 244
-536 236
-580 256
-548 252
-544 250
-564 246
-560 220
-592 226
-524 206
-480 198
-472 188
-480 176
-516 192
-488 188
-504 196
-440 186
-468 230
-504 250
-496 234
-580 252
-544 260
-564 280
-512 274
-552 274
-560 282
-580 292
-500 268
-532 288
-580 316
-564 314
-532 296
-520 266
-564 304
-576 306
-560 308
-588 320
-600 330
-588 322
-548 310
-576 316
-628 340
-712 370
-644 340
-636 344
-632 332
-580 302
-628 328
-644 342
-616 330
-536 294
-596 312
-640 340
-604 312
-608 310
-640 318
-556 286
-596 320
-568 304
-684 350
-616 334
-588 310
-564 286
-556 304
-588 298
-612 316
-552 298
-548 294
-544 296
-548 300
-544 288
-544 292
-556 298
-588 304
-604 324
-564 282
-536 280
-556 270
-544 282
-548 286
-556 294
-616 340
-584 322
-584 320
-608 332
-664 354
-660 352
-628 344
-576 320
-556 310
-564 314
-572 316
-548 308
-576 308
-536 286
-540 290
-512 264
-476 252
-528 254
-496 246
-508 248
-468 218
-504 220
-520 222
-508 230
-536 222
-504 208
-476 214
-524 220
-436 202
-456 230
-480 202
-468 196
-504 206
-488 226
-508 258
-540 286
-556 268
-540 270
-572 270
-512 260
-520 264
-504 288
-524 278
-476 250
-492 266
-500 266
-504 256
-552 268
-544 246
-536 238
-520 222
-512 200
-520 210
-484 196
-424 180
-412 166
-436 174
-440 188
-492 202
-504 200
-476 204
-500 196
-528 192
-484 186
-480 178
-484 204
-508 252
-560 280
-568 272
-552 276
-556 264
-560 284
-540 282
-568 302
-608 320
-608 322
-604 316
-624 340
-656 344
-648 330
-660 342
-664 348
-640 344
-612 322
-636 334
-648 352
-632 344
-616 346
-628 346
-576 324
-588 312
-568 308
-600 306
-600 316
-596 312
-612 326
-620 332
-592 316
-588 324
-568 320
-560 314
-584 320
-632 324
-608 308
-580 310
-544 294
-568 300
-592 330
-592 314
-560 302
-560 288
-544 262
-532 272
-504 272
-508 234
-568 268
-560 278
-576 300
-592 290
-604 312
-612 306
-596 314
-560 278
-564 280
-568 294
-572 300
-528 274
-484 254
-512 238
-504 220
-488 226
-460 178
-472 194
-484 178
-492 170
-460 178
-416 154
-448 174
-480 186
-460 184
-500 186
-480 168
-516 162
-472 156
-512 200
-568 208
-540 194
-528 214
-508 198
-468 188
-484 180
-552 236
-496 204
-556 236
-564 244
-440 186
-448 186
-392 160
-444 204
-460 244
-484 198
-476 182
-468 198
-392 162
-432 160
-416 154
-416 158
-436 154
-488 138
-528 124
-512 132
-516 162
-512 168
-508 152
-480 172
-492 148
-520 158
-540 184
-564 194
-496 176
-504 226
-528 228
-564 266
-552 258
-588 304
-620 310
-552 310
-588 320
-600 318
-600 310
-584 296
-540 292
-584 316
-584 306
-584 294
-572 294
-592 296
-516 266
-540 262
-480 244
-504 258
-536 266
-496 270
-544 278
-548 280
-528 254
-516 264
-536 296
-564 300
-584 312
-596 322
-564 304
-560 312
-604 326
-600 340
-644 354
-600 334
-600 328
-600 332
-644 342
-628 322
-600 332
-596 330
-636 348
-640 350
-640 344
-596 320
-596 314
-564 298
-576 318
-552 308
-572 316
-556 306
-536 304
-576 322
-600 338
-620 344
-640 336
-600 310
-632 336
-652 344
-620 324
-572 322
-616 336
-608 312
-572 292
-564 300
-520 290
-576 308
-584 316
-528 284
-512 256
-516 226
-460 226
-460 214
-456 182
-500 220
-508 226
-516 236
-500 236
-536 218
-504 228
-428 204
-480 228
-472 224
-552 252
-512 252
-476 220
-408 200
-448 216
-416 216
-448 232
-472 232
-512 268
-572 310
-564 320
-548 306
-592 316
-608 324
-620 318
-580 310
-544 296
-564 282
-552 286
-560 288
-568 310
-568 298
-556 294
-556 294
-564 292
-640 312
-632 312
-616 310
-580 300
-620 332
-628 346
-612 342
-644 346
-600 322
-560 300
-552 290
-588 334
-648 350
-616 330
-644 346
-644 350
-672 364
-652 348
-664 350
-600 324
-528 298
-572 316
-612 310
-576 300
-584 306
-588 306
-544 292
-548 296
-524 286
-548 300
-584 308
-532 310
-572 320
-532 302
-568 298
-548 314
-584 314
-560 304
-544 292
-564 310
-492 278
-568 290
-596 310
-560 274
-568 280
-508 254
-496 272
-536 286
-500 268
-504 258
-488 244
-544 268
-472 228
-492 222
-468 216
-476 206
-408 182
-460 190
-448 208
-440 184
-476 154
-488 158
-480 138
-436 126
-468 160
-464 168
-496 192
-476 178
-460 162
-432 164
-416 164
-428 146
-428 162
-468 148
-444 166
-416 130
-456 136
-472 112
-452 114
-444 108
-464 130
-484 96
-464 80
-496 74
-532 98
-496 130
-552 172
-504 184
-488 178
-484 150
-492 148
-484 158
-508 192
-504 198
-488 216
-536 238
-524 216
-508 212
-548 252
-592 282
-640 302
-620 302
-616 294
-604 292
-588 268
-512 250
-536 246
-516 232
-528 222
-508 228
-556 210
-512 192
-468 178
-536 210
-540 214
-512 208
-528 212
-484 206
-488 228
-560 272
-532 272
-588 308
-588 312
-544 316
-552 296
-548 296
-540 294
-564 296
-584 320
-568 300
-592 306
-596 320
-588 320
-584 312
-612 306
-536 282
-548 290
-540 288
-560 308
-580 308
-540 282
-480 254
-472 254
-496 254
-532 270
-524 268
-556 280
-496 258
-488 262
-544 274
-544 274
-492 266
-552 304
-592 326
-616 332
-636 350
-604 332
-604 330
-588 302
-560 302
-568 302
-544 302
-492 270
-500 264
-492 246
-508 258
-512 244
-500 248
-528 278
-516 288
-584 302
-584 306
-636 324
-548 280
-600 304
-620 316
-596 316
-596 320
-632 310
-652 316
-612 280
-576 262
-528 232
-564 266
-568 274
-544 262
-540 252
-472 250
-508 280
-500 262
-484 236
-484 238
-496 242
-496 246
-528 246
-500 238
-552 266
-532 290
-544 288
-516 274
-604 314
-572 304
-564 284
-540 282
-524 280
-576 294
-544 308
-584 318
-616 330
-644 344
-616 328
-616 332
-600 326
-588 316
-588 328
-552 298
-564 304
-592 300
-504 270
-528 268
-496 266
-560 284
-624 310
-548 278
-584 274
-516 270
-512 272
-552 318
-588 314
-532 258
-556 282
-604 286
-652 310
-588 292
-608 308
-564 294
-528 286
-556 278
-540 264
-532 268
-544 270
-552 274
-500 256
-468 242
-504 232
-488 222
-492 198
-432 182
-468 228
-492 246
-500 242
-584 238
-564 264
-552 266
-524 260
-512 228
-508 244
-528 226
-516 238
-472 220
-532 232
-552 258
-556 242
-528 254
-500 236
-564 294
-532 284
-532 286
-540 292
-564 312
-524 282
-536 298
-552 312
-540 300
-460 246
-532 278
-548 290
-488 268
-512 276
-496 272
-480 254
-532 272
-564 254
-544 220
-500 226
-528 232
