10 35
-250 69
-226 111
-254 107
-226 97
-278 131
-278 147
-290 147
-322 161
-302 147
-330 165
-314 165
-286 141
-302 157
-294 141
-294 149
-306 161
-306 165
-294 159
-326 175
-294 153
-274 135
-262 127
-274 137
-294 145
-334 165
-306 165
-350 175
-362 175
-338 171
-326 161
-314 161
-302 157
-302 157
-294 165
-298 177
-350 191
-358 195
-350 183
-342 187
-366 197
-394 209
-394 203
-362 197
-358 199
-330 177
-318 171
-282 157
-302 161
-314 171
-302 171
-310 171
-314 169
-310 173
-306 165
-274 149
-230 133
-274 145
-266 139
-286 147
-298 163
-286 157
-298 159
-290 145
-262 139
-314 165
-326 173
-354 183
-366 187
-362 195
-354 185
-358 191
-346 191
-342 191
-322 187
-322 179
-346 179
-298 155
-314 131
-314 141
-314 147
-330 171
-322 163
-330 151
-318 159
-302 151
-290 153
-338 183
-342 183
-326 177
-354 183
-318 165
-282 155
-262 155
-298 167
-274 155
-294 165
-286 163
-310 167
-298 159
-310 169
-286 157
-298 159
-334 183
-322 177
-318 177
-314 163
-314 171
-330 187
-342 187
-346 183
-370 189
-374 199
-406 211
-378 207
-370 205
-346 187
-306 173
-362 191
-358 195
-354 195
-390 207
-374 197
-306 165
-346 191
-350 193
-338 193
-318 173
-338 185
-298 171
-250 153
-274 145
-330 153
-326 161
-318 169
-330 177
-342 183
-346 183
-358 193
-302 173
-290 159
-298 161
-290 159
-298 161
-326 185
-366 191
-370 203
-410 213
-378 203
-350 189
-366 199
-402 211
-390 207
-394 209
-390 207
-370 195
-334 187
-338 185
-342 183
-334 179
-354 187
-306 163
-314 169
-314 165
-282 133
-318 145
-322 155
-298 135
-294 121
-290 109
-302 129
-270 99
-286 89
-274 75
-266 71
-238 45
-238 53
-258 87
-246 57
-234 61
-266 29
-262 35
-238 53
-270 59
-270 61
-258 77
-266 83
-230 87
-270 105
-242 103
-270 99
-218 63
-234 73
-266 91
-242 75
-246 79
-258 79
-258 101
-238 87
-266 89
-274 87
-274 99
-286 115
-290 109
-314 109
-298 131
-258 111
-238 123
-278 155
-274 163
-302 169
-326 179
-330 177
-278 143
-282 145
-262 149
-278 145
-290 157
-274 149
-294 129
-274 135
-262 129
-294 151
-270 153
-298 155
-290 147
-282 141
-290 139
-286 139
-278 119
-278 121
-274 131
-266 135
-282 135
-298 157
-314 155
-270 127
-282 149
-302 159
-314 165
-318 181
-298 169
-342 187
-338 189
-358 199
-362 197
-346 187
-366 197
-322 175
-290 175
-334 187
-378 203
-346 193
-338 187
-350 175
-318 171
-298 159
-286 151
-290 161
-342 177
-330 171
-342 177
-334 177
-314 169
-274 163
-322 181
-302 149
-306 139
-310 145
-282 117
-286 119
-262 105
-242 83
-210 71
-186 81
-202 91
-262 125
-234 111
-238 123
-274 123
-326 151
-274 131
-314 141
-322 135
-326 135
-350 147
-350 149
-314 139
-294 139
-274 127
-254 105
-270 87
-230 55
-210 55
-234 75
-298 91
-274 99
-270 103
-274 99
-310 115
-318 101
-306 85
-322 91
-302 103
-310 119
-282 109
-266 115
-214 117
-238 131
-262 151
-290 151
-326 157
-286 159
-294 141
-282 143
-286 149
-294 147
-270 139
-222 123
-270 131
-262 151
-278 157
-310 159
-294 153
-290 139
-310 153
-294 151
-346 185
-374 195
-366 201
-358 195
-338 193
-382 203
-382 203
-366 187
-366 187
-382 195
-390 203
-386 201
-374 197
-334 183
-338 181
-282 155
-322 167
-270 149
-290 167
-338 177
-362 183
-358 183
-338 167
-334 169
-286 141
-294 147
-282 135
-286 145
-258 133
-282 137
-306 157
-278 153
-258 129
-270 127
-266 135
-274 129
-222 117
-234 113
-270 127
-286 151
-314 151
-266 151
-270 149
-306 153
-294 153
-270 141
-326 167
-310 161
-322 165
-326 157
-314 165
-310 167
-302 143
-274 121
-270 125
-302 125
-298 109
-262 103
-274 109
-314 133
-306 127
-298 145
-302 141
-278 111
-282 111
-282 123
-278 141
-270 131
-298 133
-290 155
-262 157
-294 147
-290 139
-294 147
-346 179
-350 183
-342 173
-342 181
-338 175
-294 163
-318 149
-270 141
-278 143
-322 167
-350 177
-366 195
-350 195
-330 189
-290 151
-278 157
-298 165
-274 119
-282 141
-306 143
-322 147
-234 117
-222 95
-218 77
-222 69
-250 45
-226 59
-198 33
-210 43
-174 75
-182 59
-162 41
-206 41
-194 25
-198 5
-202 25
-242 11
-238 47
-242 23
-242 23
-238 15
-238 39
-258 63
-278 61
-278 67
-262 81
-290 69
-282 55
-286 79
-318 91
-278 79
-298 89
-306 105
-278 111
-262 131
-302 141
-318 137
-330 145
-290 119
-278 133
-282 139
-286 135
-298 125
-298 121
-262 107
-310 121
-298 129
-274 137
-322 147
-306 139
-302 123
-318 145
-270 137
-298 145
-326 163
-310 161
-322 159
-322 179
-378 203
-386 203
-398 209
-346 187
-366 197
-342 191
-294 165
-314 175
-326 185
-258 159
-266 153
-298 165
-326 159
-326 167
-282 145
-278 151
-322 163
-342 191
-362 199
-326 183
-330 169
-370 177
-338 165
-350 179
-346 171
-326 163
-346 179
-382 197
-378 197
-358 197
-378 201
-362 193
-378 197
-362 189
-366 191
-370 199
-354 195
-374 203
-358 199
-322 181
-306 157
-282 135
-266 139
-234 123
-242 119
-262 111
-266 133
-294 137
-290 129
-302 151
-306 155
-294 151
-326 177
-370 195
-354 193
-366 201
-326 179
-358 189
-310 165
-322 175
-330 185
-306 175
-314 157
-290 133
-298 149
-298 161
-318 159
-378 191
-366 199
-310 177
-302 169
-286 159
-290 151
-326 179
-286 167
-286 157
-294 173
-302 185
-326 179
-366 201
-382 207
-394 209
-414 215
-386 207
-366 201
-354 189
-342 185
-314 175
-290 161
-338 179
-358 195
-354 193
-378 199
-358 193
-382 199
-366 199
-378 205
-378 203
-342 185
-318 163
-314 163
-298 161
-306 183
-310 181
-294 171
-310 179
-326 165
-326 171
-306 161
-314 165
-342 163
-314 153
-338 151
-314 157
-314 165
-302 165
-326 171
-350 183
-334 161
-326 167
-358 169
-386 185
-378 195
-366 189
-330 177
-346 189
-310 173
-298 169
-278 163
-314 175
-342 179
-354 189
-346 183
-326 187
-334 189
-354 195
-310 175
-322 163
-334 179
-338 185
-326 157
-346 173
-330 163
-318 177
-306 177
-338 187
-310 179
-270 153
-322 175
-322 177
-366 191
-350 181
-350 191
-318 171
-302 157
-326 157
-326 155
-290 127
-278 123
-258 131
-258 113
-238 113
-234 115
-270 145
-314 155
-330 171
-334 165
-334 173
-326 189
-362 201
-366 195
-338 185
-374 193
-342 187
-310 177
-358 185
-342 167
-350 171
-350 175
-346 175
-350 175
-338 163
-358 179
-366 185
-342 181
-354 183
-338 179
-330 175
-282 161
-314 167
-318 163
-342 167
-346 167
-306 159
-330 171
-314 163
-306 133
-282 139
-270 137
-290 147
-322 155
-310 177
-334 189
-346 181
-358 195
-350 195
-314 179
-350 181
-370 183
-322 161
-286 161
-294 137
-254 123
-246 117
-222 99
-258 115
-266 139
-294 149
-274 153
-282 159
-294 157
-298 159
-270 155
-294 151
-290 149
-294 149
-310 157
-330 175
-326 189
-330 181
-330 177
-334 171
-314 171
-346 193
-298 169
-302 177
-330 189
-310 173
-326 183
-298 171
-286 161
-278 143
-270 145
-310 169
-302 173
-314 173
-334 179
-326 177
-334 193
-330 187
-354 195
-390 207
-418 217
-386 203
-358 201
-358 197
-366 197
-342 193
-322 187
-298 165
-326 175
-330 185
-338 179
-334 173
-302 147
-290 143
-274 141
-294 143
-318 157
-306 155
-306 143
-298 151
-326 161
-294 153
-334 161
-342 179
-334 171
-282 155
-318 155
-346 189
-354 199
-350 185
-326 187
-302 171
-326 181
-330 183
-330 173
-350 165
-270 135
-294 145
-258 141
-306 161
-302 165
-346 175
-338 173
-330 179
-294 157
-306 155
-310 153
-334 167
-318 161
-314 151
-266 131
-266 121
-250 125
-278 129
-282 131
-258 111
-274 109
-258 103
-262 95
-266 99
-286 117
-258 85
-274 99
-274 105
-278 83
-282 87
-290 73
-278 65
-234 41
-258 27
-270 21
-238 25
-230 19
-282 3
-270 7
-258 1
-266 1
-246 9
-266 31
-242 61
-234 27
-254 37
-250 17
-214 11
-222 13
-238 5
-238 33
-286 73
-262 87
-290 69
-282 65
-250 55
-270 51
-262 57
-250 21
-274 13
-274 31
-262 43
-258 35
-246 37
-262 47
-274 67
-274 67
-262 59
-226 47
-250 35
-218 41
-218 33
-186 9
-230 9
-246 7
-214 13
-270 21
-254 13
-282 1
-254 17
-286 23
-302 25
-290 33
-318 23
-282 37
-234 33
-266 53
-250 41
-230 19
-246 7
-222 15
-222 9
-202 7
-250 11
-190 7
-206 13
-226 3
-222 3
-206 3
-226 9
-254 3
-274 7
-294 17
-294 19
-274 7
-286 23
-302 31
-294 33
-298 43
-310 25
-302 17
-262 9
-270 1
-262 5
-270 3
-266 1
-258 7
-266 7
-242 27
-254 5
-262 1
-290 9
-278 7
-298 11
-282 7
-242 27
-242 13
-270 15
-282 17
-298 3
-282 7
-302 13
-262 5
-286 31
-298 25
-278 15
-286 13
-294 27
-294 17
-254 11
-238 11
-234 11
-238 27
-278 13
-242 37
-242 37
-274 49
-274 35
-266 27
-254 29
-254 29
-222 21
-238 11
-250 17
-226 23
-246 33
-254 45
-230 33
-290 23
-266 35
-238 47
-226 55
-222 75
-230 83
-238 91
-266 83
-234 61
-246 53
-230 67
-242 97
-238 85
-210 73
-230 81
-262 89
-282 101
-262 95
-286 73
-250 69
-246 77
-250 75
-274 85
-266 71
-266 89
-270 93
-258 89
-250 97
-258 95
-258 105
-254 95
-206 87
-234 87
-270 109
-274 97
-234 67
-258 57
-250 51
-250 23
-250 13
-234 19
-218 11
-230 7
-250 5
-282 17
-274 15
-274 49
-278 55
-262 53
-254 47
-290 67
-274 81
-270 97
-246 113
-266 119
-262 119
-266 121
-350 147
-314 149
-286 139
-294 137
-282 129
-334 155
-326 161
-322 157
-282 137
-310 147
-306 147
-262 123
-286 129
-262 117
-238 127
-254 127
-254 137
-298 137
-290 141
-246 135
-258 141
-258 135
-242 123
-270 139
-250 131
-298 147
-326 169
-318 171
-310 155
-278 133
-286 151
-238 127
-214 113
-230 109
-258 133
-218 133
-254 145
-282 139
-278 153
-314 151
-286 125
-278 119
-262 105
-318 115
-294 119
-298 115
-254 81
-262 87
-246 83
-266 109
-250 81
-250 93
-290 83
-298 93
-214 57
-206 43
-238 47
-242 47
-262 63
-298 81
-282 83
-254 83
-266 103
-250 127
-238 71
-234 85
-286 115
-250 119
-262 121
-238 121
-282 147
-282 155
-330 179
-322 175
-302 167
-334 183
-310 171
-382 193
-330 177
-334 163
-298 159
-250 133
-214 123
-226 113
-238 101
-238 109
-238 109
-246 69
-274 87
-266 73
-258 45
-274 49
-222 71
-230 71
-282 81
-234 91
-266 69
-238 59
-222 59
-230 31
-218 35
-222 63
-226 65
-234 67
-262 59
-250 55
-266 61
-246 29
-258 13
-230 5
-230 15
-234 21
-282 33
-274 29
-258 17
-282 11
-266 7
-266 9
-302 3
-338 7
-298 7
-290 33
-274 21
-278 23
-278 39
-282 35
-270 45
-238 61
-282 75
-290 51
-254 41
-242 55
-214 51
-250 31
-258 13
-254 1
-246 33
-270 39
-266 41
-230 29
-250 29
-274 19
-278 39
-290 57
-274 55
-270 53
-294 67
-290 55
-302 47
-254 27
-250 1
-242 1
-274 29
-234 33
-270 17
-254 9
-254 15
-250 41
-242 63
-238 51
-258 57
-202 63
-246 67
-274 61
-270 53
-258 59
-266 69
-254 77
-258 83
-266 87
-274 51
-246 35
-234 39
-250 29
-210 21
-234 25
-238 17
-222 13
-218 15
-210 1
-210 1
-214 15
-202 17
-218 31
-250 69
-242 57
-242 29
-230 53
-254 67
-262 65
-262 69
-250 71
-206 55
-238 77
-238 57
-202 35
-218 7
-218 11
-218 33
-202 43
-226 59
-246 61
-258 83
-318 99
-302 103
-294 109
-298 115
-278 113
-274 115
-278 105
-294 109
-242 121
-234 111
-266 127
-286 127
-266 135
-274 167
-306 173
-314 179
-318 175
-350 191
-330 175
-370 191
-350 183
-346 187
-350 195
-314 169
-342 183
-298 171
-366 201
-386 207
-398 211
-418 215
-362 197
-374 201
-362 201
-394 209
-382 205
-378 203
-354 197
-390 207
-358 191
-354 195
-354 191
-322 175
-310 171
-290 163
-330 171
-310 161
-278 153
-302 167
-322 161
-334 153
-334 155
-302 167
-338 175
-322 173
-322 171
-354 179
-350 163
-302 155
-330 167
-314 163
-322 169
-322 161
-338 167
-350 183
-326 179
