16 26
-224 -30
-296 -12
-320 16
-368 -42
-364 4
-380 10
-396 26
-424 6
-428 40
-388 30
-388 24
-404 20
-408 30
-420 24
-396 22
-456 34
-468 30
-468 12
-472 30
-504 64
-508 74
-508 116
-548 128
-504 136
-504 150
-480 164
-456 170
-424 142
-468 170
-484 188
-460 182
-492 194
-520 196
-512 208
-460 196
-460 222
-524 268
-488 228
-460 216
-464 234
-512 252
-484 248
-508 270
-528 276
-480 248
-532 270
-592 316
-624 320
-612 330
-616 332
-632 336
-652 342
-600 332
-616 334
-640 346
-624 332
-612 330
-608 336
-640 350
-632 344
-584 314
-572 304
-544 310
-568 316
-576 320
-576 324
-612 336
-612 340
-584 324
-580 316
-592 318
-588 304
-560 302
-624 336
-688 352
-648 340
-628 336
-628 330
-628 342
-612 338
-620 326
-564 320
-568 312
-592 320
-632 338
-592 326
-564 298
-592 302
-572 298
-556 298
-528 304
-628 326
-564 284
-536 278
-520 278
-560 288
-556 306
-600 332
-588 324
-596 320
-572 310
-528 286
-500 274
-520 278
-520 276
-552 276
-592 310
-596 318
-552 292
-512 284
-520 284
-556 278
-576 290
-544 288
-568 294
-528 276
-584 280
-572 302
-552 298
-580 312
-480 274
-464 240
-516 250
-528 268
-512 270
-528 282
-520 266
-560 282
-580 316
-584 304
-620 338
-596 328
-568 304
-584 296
-556 294
-508 268
-504 274
-548 294
-568 302
-560 278
-544 290
-584 310
-556 286
-540 296
-544 284
-616 310
-580 284
-568 290
-616 314
-572 274
-592 264
-508 256
-492 198
-504 180
-456 192
-544 224
-552 242
-564 256
-600 256
-576 242
-504 226
-488 224
-508 218
-568 222
-576 208
-568 222
-576 234
-556 242
-568 236
-544 212
-516 208
-556 222
-572 214
-532 214
-524 220
-620 240
-604 228
-596 236
-596 244
-564 254
-576 246
-508 218
-556 232
-524 242
-560 266
-512 272
-516 276
-524 272
-520 260
-576 274
-560 276
-560 278
-552 266
-548 232
-488 226
-544 232
-560 254
-536 232
-532 236
-512 226
-508 232
-568 268
-528 252
-536 286
-536 284
-544 274
-532 280
-560 290
-540 254
-520 262
-472 234
-504 250
-540 246
-496 246
-516 254
-540 250
-516 224
-492 188
-452 184
-496 224
-476 270
-496 288
-520 276
-500 276
-588 328
-588 320
-608 326
-584 318
-596 328
-608 334
-588 322
-628 348
-624 344
-584 308
-560 310
-588 300
-540 306
-596 324
-572 314
-556 312
-548 302
-564 302
-544 284
-536 272
-576 282
-572 260
-560 258
-552 242
-576 264
-588 258
-576 268
-536 236
-492 226
-492 242
-516 248
-544 280
-540 280
-520 294
-568 296
-552 298
-572 280
-560 266
-572 296
-544 286
-588 290
-568 290
-584 306
-592 306
-612 316
-684 344
-668 326
-576 310
-576 300
-496 254
-532 214
-476 200
-456 194
-444 172
-464 180
-460 204
-456 212
-520 218
-468 184
-488 170
-480 170
-496 162
-456 164
-432 154
-436 162
-388 120
-416 120
-392 114
-392 150
-436 170
-432 110
-420 114
-448 128
-488 122
-416 88
-440 88
-372 82
-412 90
-428 114
-424 96
-484 104
-504 88
-464 78
-420 60
-448 80
-468 106
-476 84
-484 88
-472 92
-500 86
-456 78
-472 110
-452 74
-448 76
-384 56
-376 42
-376 68
-456 44
-468 78
-448 88
-456 76
-456 98
-452 102
-448 64
-492 46
-436 16
-468 -4
-424 2
-412 -20
-372 -18
-380 -24
-368 -8
-412 -16
-376 -52
-448 -60
-436 -58
-436 -54
-448 -74
-412 -56
-488 -28
-448 -8
-484 -6
-472 -22
-444 34
-432 14
-436 14
-476 32
-452 30
-492 42
-492 22
-464 30
-448 60
-484 54
-452 94
-444 102
-444 92
-456 66
-476 64
-492 50
-508 76
-472 64
-428 54
-484 38
-460 32
-504 84
-492 84
-460 104
-436 98
-480 130
-432 86
-440 130
-488 160
-460 194
-476 176
-484 212
-504 218
-556 236
-552 240
-524 224
-548 234
-556 234
-504 216
-516 222
-492 222
-512 212
-468 224
-508 230
-516 238
-508 248
-532 234
-532 222
-552 216
-512 192
-528 174
-496 142
-528 140
-424 106
-468 94
-480 82
-456 82
-420 80
-428 60
-420 58
-488 56
-464 36
-432 50
-432 44
-432 48
-444 20
-396 38
-384 8
-428 16
-424 14
-440 4
-432 4
-444 4
-452 -8
-452 -40
-480 -56
-452 -56
-444 -82
-452 -154
-436 -146
-480 -148
-484 -140
-484 -170
-484 -148
-472 -140
-492 -150
-488 -142
-460 -112
-420 -128
-444 -142
-452 -146
-488 -168
-456 -130
-484 -144
-528 -154
-512 -158
-508 -158
-540 -158
-556 -198
-560 -206
-548 -210
-528 -222
-572 -220
-544 -204
-496 -204
-484 -214
-496 -232
-464 -214
-520 -238
-520 -222
-524 -226
-512 -230
-524 -250
-480 -230
-456 -196
-432 -200
-408 -204
-452 -202
-432 -192
-444 -198
-444 -208
-468 -234
-508 -222
-468 -216
-500 -204
-512 -196
-492 -186
-508 -188
-484 -166
-456 -164
-452 -136
-500 -166
-508 -170
-540 -184
-512 -194
-532 -226
-532 -244
-544 -248
-576 -234
-572 -230
-580 -258
-512 -208
-480 -210
-516 -236
-516 -228
-512 -240
-460 -206
-528 -190
-524 -194
-524 -206
-564 -216
-528 -224
-544 -208
-504 -198
-520 -184
-472 -198
-468 -194
-508 -210
-508 -236
-540 -244
-528 -246
-576 -294
-544 -280
-544 -276
-516 -260
-516 -252
-512 -248
-496 -244
-512 -250
-532 -256
-564 -256
-520 -244
-560 -274
-536 -272
-536 -278
-592 -292
-544 -276
-640 -314
-592 -312
-580 -292
-540 -268
-480 -258
-524 -270
-516 -262
-488 -252
-496 -266
-476 -254
-464 -238
-520 -264
-484 -272
-532 -278
-540 -284
-500 -260
-432 -228
-400 -222
-408 -202
-476 -190
-496 -182
-448 -184
-408 -158
-476 -196
-492 -210
-484 -194
-444 -214
-444 -206
-484 -242
-496 -232
-512 -246
-504 -250
-496 -234
-460 -194
-484 -164
-440 -170
-468 -172
-536 -180
-492 -202
-544 -224
-516 -246
-476 -238
-464 -240
-460 -240
-424 -226
-496 -260
-508 -268
-536 -268
-588 -312
-592 -314
-620 -320
-580 -318
-544 -304
-576 -300
-548 -304
-516 -280
-564 -288
-524 -258
-512 -248
-480 -248
-516 -270
-532 -274
-516 -268
-532 -264
-552 -272
-528 -248
-464 -232
-440 -216
-460 -196
-468 -206
-472 -180
-456 -166
-492 -240
-524 -258
-528 -248
-548 -276
-532 -258
-504 -252
-492 -242
-528 -258
-500 -250
-536 -266
-576 -280
-556 -282
-472 -222
-476 -204
-460 -218
-472 -224
-484 -220
-512 -234
-504 -226
-500 -238
-496 -256
-492 -242
-516 -260
-540 -282
-568 -292
-560 -286
-628 -326
-600 -318
-520 -294
-572 -302
-520 -288
-536 -272
-532 -286
-536 -268
-548 -266
-544 -250
-564 -274
-552 -262
-580 -274
-556 -250
-548 -250
-492 -236
-480 -208
-464 -234
-472 -226
-508 -254
-524 -248
-544 -268
-504 -264
-528 -266
-520 -284
-496 -276
-556 -310
-608 -330
-584 -320
-588 -306
-616 -288
-596 -294
-552 -276
-536 -264
-536 -248
-580 -278
-552 -264
-476 -226
-496 -246
-536 -278
-488 -254
-460 -216
-464 -192
-480 -194
-536 -202
-540 -218
-528 -222
-540 -216
-536 -212
-544 -184
-464 -144
-496 -148
-480 -134
-440 -130
-412 -80
-420 -74
-400 -58
-436 -62
-484 -68
-500 -44
-476 -40
-464 -12
-376 -8
-352 -30
-396 -14
-396 -50
-416 4
-452 20
-428 42
-416 34
-428 32
-440 8
-484 -38
-432 -44
-396 -24
-408 -4
-408 -36
-452 -44
-452 -36
-436 -52
-480 -40
-452 -44
-400 -46
-408 -26
-444 -18
-492 -22
-460 -20
-464 8
-488 -2
-460 4
-480 -34
-460 -52
-460 -30
-460 -14
-484 0
-504 -8
-492 -16
-428 -20
-452 -14
-456 12
-480 14
-460 6
-404 44
-412 58
-440 30
-392 64
-408 56
-492 56
-488 48
-472 74
-464 94
-488 78
-568 126
-552 120
-524 112
-476 132
-516 124
-504 132
-452 106
-436 94
-492 104
-464 112
-472 140
-512 130
-516 132
-496 140
-440 92
-492 118
-508 104
-444 106
-448 132
-472 132
-476 116
-476 118
-480 112
-464 82
-436 78
-372 68
-412 92
-400 86
-408 88
-372 76
-424 106
-424 138
-416 110
-420 122
-404 124
-408 124
-436 132
-360 112
-392 114
-444 144
-476 130
-456 148
-508 146
-544 148
-512 146
-440 118
-464 102
-436 100
-452 98
-452 110
-496 112
-460 102
-476 98
-436 110
-456 40
-444 30
-464 52
-528 88
-492 82
-464 68
-484 80
-456 64
-412 76
-436 46
-484 14
-476 18
-424 0
-428 -26
-436 -28
-472 -22
-388 -48
-440 -34
-404 -22
-412 -24
-448 -2
-452 -32
-392 4
-420 -18
-408 2
-436 -8
-512 -30
-488 -16
-484 -18
-448 -48
-400 -20
-452 -50
-436 -90
-464 -88
-388 -84
-452 -50
-476 -52
-404 -56
-396 -56
-396 -20
-412 0
-428 40
-452 32
-436 20
-420 -14
-464 -28
-448 -34
-432 -22
-532 -38
-500 -42
-440 -24
-452 -18
-520 -16
-524 2
-548 38
-548 32
-508 62
-516 56
-532 66
-492 44
-408 34
-476 18
-456 22
-464 18
-500 18
-464 38
-468 36
-500 16
-480 -2
-464 -12
-444 2
-480 -24
-464 -22
-436 -16
-432 -18
-464 -28
-476 -32
-408 -18
-408 28
-420 20
-460 48
-428 34
-452 14
-432 8
-444 -8
-504 -12
-528 -6
-516 -16
-456 -2
-452 10
-484 20
-496 -10
-484 -6
-464 -2
-448 -16
-492 -14
-480 -26
-524 -64
-516 -110
-508 -130
-508 -66
-488 -82
-504 -72
-508 -110
-544 -102
-520 -76
-488 -66
-512 -92
-512 -134
-464 -92
-432 -90
-420 -100
-412 -94
-408 -64
-412 -60
-432 -74
-448 -106
-424 -110
-444 -124
-444 -118
-468 -124
-476 -106
-412 -126
-452 -120
-468 -140
-464 -148
-476 -148
-472 -132
-464 -100
-448 -106
-472 -100
-436 -72
-452 -80
-448 -72
-428 -96
-424 -126
-448 -110
-480 -78
-432 -74
-400 -64
-364 -30
-392 -12
-392 -28
-384 -18
-420 -6
-456 -26
-416 22
-440 30
-460 38
-424 64
-404 92
-404 118
-432 84
-404 60
-344 72
-388 104
-424 76
-356 46
-352 32
-368 42
-392 70
-412 22
-424 38
-440 60
-436 54
-484 70
-484 36
-488 62
-472 44
-496 60
-424 48
-400 28
-416 42
-396 50
-448 18
-436 24
-376 46
-408 40
-440 52
-480 24
-464 24
-432 20
-440 54
-452 78
-436 40
-424 50
-456 46
-444 32
-388 8
-464 22
-440 26
-408 26
-368 -6
-400 -54
-416 -44
-432 -70
-444 -52
-400 -32
-432 -52
-416 -78
-452 -82
-468 -76
-460 -78
-464 -84
-420 -84
-400 -54
-460 -52
-444 -62
-444 -108
-464 -112
-440 -140
-424 -160
-456 -178
-468 -226
-496 -218
-432 -200
-432 -224
-460 -228
-436 -214
-432 -182
-416 -184
-484 -222
-504 -240
-500 -248
-504 -246
-476 -232
-476 -248
-560 -266
-540 -270
-572 -292
-544 -290
-572 -284
-596 -278
-564 -272
-596 -294
-572 -268
-520 -270
-564 -300
-584 -310
-608 -324
-540 -286
-552 -296
-520 -296
-576 -314
-568 -296
-572 -304
-552 -296
-592 -322
-564 -296
-592 -320
-580 -306
-588 -328
-580 -330
-568 -308
-520 -310
-580 -316
-576 -306
-536 -294
-540 -296
-532 -274
-476 -236
-424 -210
-476 -246
-484 -254
-472 -268
-548 -304
-568 -316
-516 -304
-544 -296
-576 -300
-544 -282
-532 -276
-492 -254
-512 -274
-472 -266
-548 -294
-540 -274
-516 -264
-556 -236
-504 -222
-512 -236
-472 -250
-460 -244
-476 -254
-508 -250
-500 -248
-520 -286
-516 -258
-520 -284
-528 -292
-480 -278
-504 -276
-532 -278
-572 -296
-520 -272
-516 -276
-536 -272
-552 -264
-520 -252
-580 -240
-544 -242
-572 -260
-548 -240
-532 -222
-468 -200
-468 -196
-524 -220
-540 -214
-548 -224
-500 -210
-492 -202
-544 -192
-496 -178
-496 -192
-492 -206
-488 -194
-468 -192
-404 -178
-436 -166
-448 -148
-456 -162
-464 -164
-448 -186
-484 -220
-480 -208
-488 -216
-512 -236
-504 -244
-496 -260
-476 -250
-540 -280
-564 -294
-524 -250
-536 -270
-540 -280
-516 -258
-512 -244
-524 -252
-508 -224
-524 -218
-536 -230
-572 -262
-560 -244
-512 -252
-560 -264
-504 -240
-564 -252
-520 -260
-488 -250
-488 -246
-532 -278
-544 -302
-532 -308
-568 -314
-624 -332
-600 -332
-588 -320
-632 -344
-640 -340
-680 -354
-616 -330
-632 -344
-576 -322
-604 -328
-632 -330
-604 -324
-576 -300
-580 -310
-560 -296
-572 -298
-608 -312
-596 -306
-544 -290
-544 -296
-552 -306
-544 -314
-508 -294
-536 -294
-572 -308
-556 -308
-548 -306
-556 -302
-544 -282
-520 -260
-532 -262
-580 -298
-584 -320
-568 -314
-536 -280
-540 -286
-540 -310
-584 -318
-600 -334
-576 -322
-584 -308
-556 -288
-576 -280
-568 -284
-604 -304
-532 -272
-544 -262
-572 -288
-576 -302
-588 -302
-584 -298
-596 -300
-512 -266
-520 -256
-492 -206
-464 -170
-408 -172
-436 -168
-444 -190
-492 -200
-488 -186
-464 -162
-452 -132
-448 -162
-460 -158
-472 -150
-484 -158
-496 -182
-492 -158
-488 -168
-476 -188
-480 -174
-492 -200
-424 -176
-416 -128
-488 -184
-448 -164
-472 -120
-480 -140
-536 -118
-492 -116
-500 -80
-484 -74
-476 -74
-544 -98
-488 -88
-436 -108
-432 -86
-452 -92
-476 -76
-384 -66
-460 -110
-444 -108
-500 -152
-480 -166
-480 -148
-460 -158
-476 -156
-500 -134
-496 -164
-508 -158
-476 -138
-448 -110
-460 -100
-428 -98
-424 -120
-440 -98
-472 -98
-480 -102
-456 -120
-452 -124
-452 -104
-472 -118
-492 -134
-448 -132
-504 -120
-448 -112
-432 -122
-468 -152
-444 -144
-404 -118
-392 -86
-392 -82
-396 -96
-464 -112
-444 -126
-464 -100
-472 -120
-424 -134
-488 -154
-476 -156
-476 -166
-436 -182
-508 -206
-464 -196
-480 -170
-512 -186
-532 -204
-524 -188
-532 -176
-452 -174
-452 -162
-476 -132
-492 -144
-472 -156
-428 -76
-468 -56
-456 -70
-456 -82
-464 -52
-464 -50
-484 -30
-500 -46
-484 -14
-468 -18
-436 -32
-420 -70
-460 -64
-424 -50
-452 -50
-456 -58
-420 -100
-456 -54
-448 -72
-452 -66
-376 -30
-460 -40
-440 -76
-452 -80
-468 -108
-480 -104
-456 -94
-504 -110
-532 -124
-536 -112
-520 -120
-512 -128
-488 -76
-468 -32
-436 -58
-400 -70
-396 -68
-380 -60
-416 -60
-420 -50
-444 -22
-452 -24
-420 -72
-424 -128
-488 -190
-484 -182
-456 -202
-416 -194
-428 -178
-428 -210
-508 -238
-496 -242
-504 -222
-480 -200
-488 -216
-460 -204
-416 -196
-460 -204
-496 -234
-488 -232
-516 -264
-540 -284
-532 -276
-532 -256
-556 -268
-536 -248
-488 -234
-500 -250
-528 -242
-520 -254
-528 -266
-584 -282
-512 -264
-504 -262
-492 -242
-524 -228
-552 -236
-512 -192
-428 -166
-432 -186
-492 -216
-448 -208
-444 -202
-480 -238
-520 -234
-480 -260
-480 -246
-492 -240
-516 -228
-544 -214
-540 -232
-524 -236
-568 -260
-548 -272
-548 -270
-516 -268
-496 -266
-488 -272
-548 -302
-540 -318
-552 -296
-532 -242
-524 -246
-524 -270
-512 -282
-560 -288
-496 -266
-536 -282
-516 -250
-524 -262
-572 -278
-544 -272
-512 -272
-528 -286
-536 -306
-544 -318
-596 -318
-560 -298
-512 -280
-552 -284
-588 -286
-540 -262
-544 -282
-588 -304
-536 -290
-600 -312
-600 -322
-620 -330
-596 -318
-512 -280
-484 -264
-512 -272
-544 -282
-536 -276
-472 -238
-508 -254
-500 -244
-516 -242
-532 -226
-540 -226
-496 -236
-508 -224
-540 -268
-552 -274
-548 -254
-520 -240
-520 -246
-484 -242
-488 -234
-496 -228
-460 -230
-452 -208
-456 -200
-476 -182
-460 -176
-432 -148
-432 -140
-388 -94
-432 -144
-464 -136
-424 -120
-404 -98
-420 -86
-464 -120
-484 -108
-480 -158
-488 -162
-496 -126
-524 -136
-496 -132
-456 -132
-468 -80
-436 -60
-464 -86
-484 -88
-460 -86
-488 -122
-500 -144
-472 -120
-496 -126
-472 -120
-468 -108
-504 -122
-480 -86
-420 -92
-464 -128
-484 -122
-524 -158
-500 -158
-508 -160
-528 -172
-504 -164
-476 -156
-508 -192
-488 -170
-504 -212
-564 -226
-588 -234
-516 -214
-516 -226
-556 -228
-584 -244
-524 -240
-556 -252
-540 -236
-504 -240
-556 -270
-504 -228
-544 -230
-488 -226
-464 -206
-420 -176
-416 -170
-472 -162
-512 -168
-440 -152
-440 -162
-448 -200
-448 -230
-468 -222
-448 -202
-468 -202
-448 -208
-472 -232
-476 -240
-528 -244
-516 -244
-552 -266
-560 -286
-584 -286
-600 -290
-588 -284
-536 -252
-520 -250
-556 -264
-540 -254
-552 -276
-548 -282
-556 -286
-608 -306
-588 -294
-568 -278
-572 -270
-552 -274
-544 -264
-536 -274
-548 -282
-572 -306
-592 -324
-588 -312
-564 -310
-552 -300
-568 -310
-552 -294
-580 -290
-560 -282
-576 -288
-584 -282
-584 -288
-556 -276
-544 -280
-548 -276
-552 -286
-532 -268
-488 -264
-468 -258
-500 -262
-448 -222
-500 -266
-560 -282
-572 -286
-544 -284
-504 -284
-520 -274
-532 -266
-548 -278
-560 -282
-544 -280
-572 -290
-532 -276
-556 -260
-572 -272
-564 -286
-528 -268
-512 -242
-532 -242
-484 -238
-512 -234
-544 -260
-548 -266
-508 -234
-552 -258
-516 -256
-564 -284
-584 -270
-620 -286
-572 -284
-532 -278
-508 -248
-540 -244
-504 -220
-560 -244
-576 -242
-504 -222
-488 -212
-536 -232
-564 -242
-508 -226
-476 -184
-452 -184
-532 -188
-500 -172
-520 -188
-472 -176
-440 -174
-484 -208
-508 -198
-464 -180
-464 -180
-484 -216
-480 -230
-544 -262
-540 -270
-536 -264
-544 -250
-544 -240
-476 -216
-500 -220
-528 -242
-488 -212
-528 -244
-580 -244
-556 -244
-492 -212
-512 -228
-576 -266
-548 -266
-496 -254
-520 -248
-532 -264
-552 -262
-536 -282
-612 -308
-548 -266
-544 -256
-532 -260
-492 -250
-496 -232
-540 -238
-572 -268
-564 -278
-572 -284
-520 -258
-500 -230
-512 -220
-532 -240
-508 -236
-540 -252
-588 -258
-560 -240
-528 -236
-552 -234
-572 -248
-552 -258
-540 -264
-552 -258
-552 -256
-544 -256
-516 -226
-536 -234
-512 -244
-556 -254
-552 -246
-564 -264
-552 -260
-568 -268
-560 -256
-580 -262
-568 -288
-596 -300
-592 -286
-592 -292
-616 -300
-616 -304
-516 -256
-508 -242
-512 -246
-536 -260
-532 -268
-556 -306
-512 -288
-556 -284
-552 -284
-552 -264
-572 -272
-540 -268
-504 -256
-468 -256
-500 -252
-540 -276
-512 -244
-496 -230
-492 -218
-436 -200
-468 -204
-460 -204
-456 -198
-480 -232
-456 -246
-452 -224
-460 -216
-492 -210
-456 -206
-456 -200
-452 -188
-480 -184
-512 -176
-492 -190
-464 -192
-416 -210
-464 -202
-496 -232
-488 -198
-460 -182
-460 -172
-544 -136
-524 -132
-520 -126
-524 -130
-476 -120
-512 -156
-536 -142
-524 -162
-508 -176
-504 -172
-548 -174
-536 -192
-520 -168
-504 -162
-516 -190
-488 -190
-480 -208
-456 -206
-436 -182
-492 -212
-464 -188
-476 -226
-472 -214
-444 -208
-500 -204
-508 -204
-504 -218
-548 -214
-476 -190
-448 -202
-436 -196
-496 -220
-508 -242
-516 -238
-520 -240
-512 -232
-496 -238
-508 -256
-492 -254
-568 -290
-556 -276
-576 -296
-524 -272
-480 -242
-520 -264
-536 -268
-492 -242
-488 -228
-524 -212
-500 -202
-540 -202
-476 -194
-492 -216
-476 -202
-496 -192
-520 -210
-544 -214
-572 -228
-568 -226
-536 -182
-548 -218
-564 -236
-552 -224
-480 -218
-480 -230
-496 -222
-548 -266
-552 -264
-572 -252
-528 -260
-544 -286
-564 -310
-568 -308
-568 -320
-548 -310
-568 -310
-612 -338
-616 -344
-604 -326
-620 -330
-528 -288
-480 -266
-468 -230
-436 -252
-512 -254
-504 -256
-552 -266
-516 -254
-544 -254
-536 -246
-500 -234
-508 -184
-492 -194
-452 -200
-520 -250
-568 -264
-528 -222
-496 -224
-544 -216
-524 -212
-544 -212
-528 -212
-504 -222
-532 -218
-540 -222
-568 -246
-540 -248
-484 -212
-488 -218
-468 -200
-452 -220
-516 -238
-544 -230
-572 -228
-528 -214
-536 -256
-552 -262
-564 -256
-556 -278
-536 -268
-592 -296
-576 -278
-524 -270
-496 -254
-536 -260
-552 -286
-544 -294
-596 -324
-564 -308
-540 -286
-552 -306
-524 -282
-524 -286
-576 -290
-560 -296
-556 -288
-584 -306
-608 -292
-600 -270
-584 -262
-540 -242
-484 -226
-456 -238
-480 -220
-508 -224
-552 -242
-520 -242
-564 -236
-556 -240
-500 -220
-512 -218
-452 -226
-464 -210
-456 -220
-496 -218
-508 -242
-508 -242
-556 -266
-528 -244
-500 -240
-552 -262
-552 -266
-544 -272
-496 -242
-496 -250
-520 -240
-520 -220
-436 -186
-468 -194
-472 -222
-508 -252
-520 -242
-508 -256
-544 -266
-532 -254
-548 -260
-584 -304
-584 -282
-576 -264
-556 -262
-516 -246
-508 -246
-512 -244
-496 -244
-548 -260
-600 -276
-576 -264
-528 -240
-580 -276
-564 -242
-564 -254
-560 -236
-524 -240
-492 -220
-452 -218
-508 -214
-492 -212
-496 -220
-508 -244
-560 -284
-520 -264
-520 -264
-444 -254
-516 -296
-524 -288
-520 -286
-564 -282
-564 -264
-492 -210
-500 -198
-464 -200
-512 -226
-536 -230
-504 -240
-484 -236
-512 -242
-532 -248
-496 -218
-532 -214
-492 -194
-480 -208
-532 -202
-524 -226
-524 -230
-532 -254
-516 -258
-512 -230
-516 -260
-504 -266
-540 -260
-460 -214
-456 -212
-500 -222
-472 -220
-404 -180
-448 -140
-516 -174
-552 -192
-528 -166
-540 -160
-496 -170
-460 -156
-476 -170
-528 -180
-504 -132
-492 -112
-440 -94
-496 -92
-480 -88
-432 -66
-448 -74
-464 -82
-432 -72
-456 -86
-496 -120
-480 -116
-452 -126
-416 -96
-368 -94
-420 -92
-436 -104
-428 -94
-428 -98
-468 -112
-472 -116
-464 -118
-484 -142
-488 -128
-468 -114
-460 -110
-496 -108
-432 -92
-416 -70
-404 -70
-400 -68
-428 -32
-420 -70
-432 -78
-452 -68
-412 -72
-400 -80
-388 -48
-488 -8
-456 0
-456 0
-416 -10
-492 8
-452 16
-496 24
-452 8
-420 10
-492 12
-480 24
-472 -6
-416 10
-448 14
-436 12
-444 26
-460 28
-500 34
-444 22
-424 -16
-420 8
-404 -26
-444 -28
-452 -10
-412 0
-416 16
-388 10
-344 114
-372 152
-392 158
-448 188
-412 140
-384 148
-432 130
-440 130
-408 150
-468 182
-416 160
-428 156
-412 148
-404 172
-440 130
-492 164
-480 166
-468 172
-468 134
-472 142
-484 156
-436 132
-488 168
-432 170
-468 176
-476 174
-488 176
-456 180
-472 194
-468 206
-480 218
-456 190
-464 178
-488 152
-528 190
-484 168
-452 178
-484 222
-500 244
-444 218
-520 216
-464 174
-516 214
-548 204
-496 210
-472 194
-464 192
-456 194
-472 188
-468 210
-484 210
-540 246
-496 230
-536 240
-528 216
-544 216
-500 214
-528 218
-480 190
-448 214
-516 240
-512 242
-492 226
-532 242
-476 244
-516 248
-512 248
-468 226
-488 252
-484 236
-516 252
-480 242
-544 258
-572 280
-536 262
-524 246
-560 270
-524 260
-472 244
-512 236
-512 240
-512 264
-512 258
-500 240
-552 266
-476 218
-452 184
-488 208
-528 188
-584 194
-520 190
-524 186
-536 208
-544 210
-524 192
-484 190
-520 206
-508 212
-520 228
-540 230
-500 234
-528 250
-544 238
-532 264
-520 252
-532 270
-536 268
-556 308
-552 306
-528 294
-496 286
-540 304
-588 310
-588 314
-532 310
-580 318
-600 310
-612 324
-608 324
-568 310
-540 294
-544 280
-580 290
-548 274
-572 306
-588 316
-584 302
-568 304
-560 292
-560 292
-592 300
-524 294
-540 290
-444 250
-456 240
-476 248
-408 234
-432 230
-468 250
-504 248
-500 240
-508 218
-472 202
-500 242
-488 226
-496 256
-564 258
-560 244
-528 246
-508 238
-536 232
-484 188
-492 200
-548 230
-536 266
-532 282
-544 284
-480 266
-456 268
-504 270
-548 304
-528 292
-528 276
-512 270
-512 280
-536 266
-508 268
-516 244
-504 242
-540 224
-552 208
-520 164
-488 188
-496 188
-504 198
-524 184
-508 178
-500 180
-532 198
-456 180
-480 214
-488 242
-524 226
-520 224
-508 236
-480 198
-472 186
-436 190
-456 180
-452 206
-488 218
-508 228
-548 234
-508 228
-468 210
-444 198
-500 218
-492 222
-476 214
-464 214
-500 230
-496 244
-552 272
-508 274
-540 288
-508 272
-472 236
-512 238
-484 252
-484 246
-448 214
-428 170
-496 230
-456 226
-492 230
-524 254
-548 286
-556 304
-568 286
-536 290
-544 290
-524 280
-536 276
-552 266
-480 252
-560 290
-596 318
-584 320
-572 310
-576 308
-596 312
-612 326
-652 350
-656 350
-660 360
-692 366
-672 362
-648 350
-676 362
-656 348
-648 334
-624 318
-588 322
-580 318
-620 344
-552 306
-492 286
-504 276
-512 286
-456 246
-484 260
-548 284
-568 294
-564 282
-592 274
-556 278
-572 286
-624 306
-604 304
-564 294
-568 296
-572 312
-588 302
-564 298
-648 336
-568 322
-584 330
-580 326
-508 296
-564 306
-588 312
-628 334
-556 302
-588 306
-540 290
-508 276
-552 278
-544 276
-532 268
-568 306
-572 320
-600 332
-608 334
-600 320
-564 296
-488 256
-576 300
-528 276
-536 276
-520 260
-516 260
-540 304
-604 330
-640 348
-644 350
-584 318
-580 310
-556 280
-540 286
-536 264
-520 260
-556 256
-540 242
-504 202
-512 206
-484 228
-460 236
-476 232
-452 210
-500 226
-488 230
-516 260
-516 268
-540 296
-524 304
-588 322
-568 308
-556 306
-496 276
-512 276
-492 276
-508 260
-532 266
-524 250
-544 268
-556 290
-544 294
-536 282
-596 308
-564 306
-592 320
-576 322
-536 308
-532 302
-552 302
-568 300
-572 310
-536 302
-500 276
-556 310
-592 322
-596 322
-576 296
-560 278
-548 290
-540 300
-504 278
-500 270
-464 262
-472 282
-532 286
-552 284
-580 300
-592 300
-564 286
-592 304
-580 302
-612 306
-564 296
-560 294
-560 294
-520 268
-484 250
-532 244
-556 240
-500 234
-496 234
-512 258
-544 258
-580 252
-564 256
-540 246
-476 208
-444 178
-464 168
-560 218
-576 242
-572 216
-520 188
-484 194
-516 208
-528 220
-520 232
-536 236
-528 250
-484 256
-544 268
-556 258
-488 252
-504 218
-552 230
-588 244
-556 232
-512 222
-544 234
-508 210
-528 200
-532 204
-508 224
-480 212
-472 226
-520 222
-528 234
-532 222
-536 230
-588 242
-556 222
-488 216
-508 210
-512 214
-516 230
-532 250
-540 270
-552 284
-492 276
-492 246
-512 242
-488 224
-496 220
-436 192
-488 202
-488 212
-484 228
-460 214
-436 164
-484 194
-460 188
-508 176
-488 182
-500 174
-500 192
-464 212
-476 202
-468 212
-484 230
-464 222
-420 180
-448 208
-452 208
-476 210
-480 202
-444 202
-476 224
-468 212
-420 206
-500 246
-532 254
-520 238
-500 256
-580 306
-592 324
-588 324
-548 314
-564 308
-592 316
-544 304
-544 304
-592 324
-560 302
-520 262
-500 258
-516 262
-552 280
-560 288
-504 274
-540 274
-584 292
-552 260
-544 250
-508 230
-496 222
-516 226
-496 216
-516 212
-480 198
-544 206
-536 232
-564 260
-564 254
-532 232
-516 210
-544 240
-528 218
-488 206
-508 206
-468 196
-488 234
-488 204
-492 214
-460 182
-496 180
-476 152
-468 146
-444 136
-436 118
-456 164
-484 138
-416 112
-412 80
-448 48
-412 26
-404 34
-408 64
-460 90
-428 52
-444 66
-424 70
-436 54
-432 42
-468 30
-432 -20
-444 2
-448 -2
-388 18
-416 8
-428 66
-428 56
-388 50
-356 70
-392 50
-416 74
-384 58
-432 72
-464 104
-484 128
-536 156
-504 132
-460 116
-476 130
-468 142
-500 134
-448 112
-404 94
-388 74
-416 92
-484 118
-500 94
-528 94
-500 24
-472 22
-488 22
-476 34
-480 -12
-480 -38
-460 2
-448 -24
-444 4
-468 14
-436 6
-448 -30
-460 -50
-480 -46
-468 -46
-476 -8
-420 -26
-448 -22
-444 0
-456 10
-440 -26
-476 -38
-428 -24
-440 -36
-420 -54
-444 -60
-404 -46
-440 -58
-400 -18
-432 -14
-460 -64
-456 -56
-440 -70
-456 -82
-472 -54
-480 -46
-520 -50
-540 -60
-524 -86
-488 -80
-476 -60
-492 -44
-548 -86
-512 -104
-484 -104
-488 -94
-480 -88
-476 -82
-524 -88
-484 -60
-476 -58
-488 -46
-532 -54
-496 -62
-464 -54
-464 -38
-436 -30
-508 -60
-488 -24
-436 -24
-452 -42
-500 -6
-476 -12
-452 12
-468 -2
-480 20
-432 32
-456 22
-496 24
-508 44
-492 68
-432 34
-512 14
-472 4
-520 -12
-508 0
-524 2
-536 36
-544 66
-536 64
-488 78
-516 106
-508 106
-520 116
-516 102
-488 84
-480 108
-500 146
-464 146
-500 152
-508 138
-500 136
-500 120
-484 106
-452 80
-480 82
-452 60
-468 62
-456 48
-424 30
-444 14
-480 -32
-440 4
-444 -22
-444 -26
-480 -62
-524 -88
-492 -72
-444 -64
-492 -68
-456 -84
-472 -86
-472 -60
-440 -48
-552 -50
-560 -62
-508 -58
-524 -110
-492 -116
-464 -130
-480 -140
-512 -168
-496 -150
-508 -146
-512 -126
-436 -114
-424 -76
-436 2
-480 -14
-452 -16
-456 10
-456 -8
-428 22
-448 26
-456 42
-464 60
-492 44
-484 50
-460 44
-384 30
-400 54
-352 84
-408 106
-420 112
-408 108
-428 66
-496 66
-500 86
-508 78
-488 60
-544 76
-504 56
-524 102
-512 116
-480 120
-468 106
-432 92
-460 102
-468 76
-468 54
-428 28
-404 42
-432 22
-436 60
-456 64
-432 52
-396 14
-456 0
-460 -12
-424 10
-408 24
-424 78
-456 38
-508 92
-520 68
-488 80
-472 82
-456 56
-424 74
-428 52
-456 58
-436 46
-412 38
-452 24
-460 28
-448 42
-464 14
-420 -6
-436 -36
-424 16
-484 -10
-464 -10
-476 26
-464 10
-400 22
-448 20
-436 -20
-452 -26
-432 -10
-464 -14
-436 -8
-472 -38
-460 -40
-464 -14
-460 8
-460 28
-460 22
-464 22
-468 -6
-368 -24
-388 14
-428 30
-468 34
-508 64
-476 64
-448 64
-432 74
-416 72
-372 74
-364 56
-396 60
-424 36
-392 14
-436 -34
-380 4
-400 14
-416 20
-400 14
-436 8
-412 16
-404 24
-440 -16
-424 -2
-412 -12
-412 -24
-428 -28
-460 -24
-464 -20
-476 -42
-420 -68
-428 -62
-484 -70
-456 -88
-480 -106
-492 -116
-460 -150
-512 -160
-468 -114
-468 -118
-484 -112
-460 -138
-456 -146
-440 -142
-476 -144
-484 -182
-496 -178
-484 -182
-512 -208
-536 -228
-504 -194
-528 -192
-488 -190
-484 -176
-512 -176
-496 -168
-484 -178
-504 -158
-464 -132
-436 -144
-464 -144
-504 -138
-500 -116
-500 -110
-460 -120
-448 -114
-472 -140
-460 -160
-472 -126
-440 -78
-432 -80
-408 -62
-452 -58
-480 -90
-412 -58
-420 -48
-380 -44
-452 -40
-420 -10
-448 6
-484 12
-440 38
-452 12
-416 34
-472 24
-468 18
-488 34
-484 58
-528 60
-500 70
-516 98
-492 140
-464 136
-436 114
-388 118
-428 128
-396 116
-460 94
-468 100
-440 92
-440 104
-492 122
-512 100
-508 128
-564 138
-520 158
-452 138
-420 114
-444 158
-460 148
-480 136
-476 162
-484 168
-512 186
-520 184
-420 162
-436 130
-488 154
-512 144
-516 140
-500 116
-468 90
-460 94
-468 90
-388 92
-440 78
-416 54
-376 10
-328 18
-364 48
-352 64
-368 56
-344 28
-416 12
-404 -6
-396 8
-420 8
-448 2
-428 30
-416 46
-424 48
-396 54
-432 80
-400 74
-372 40
-452 50
-436 54
-396 80
-436 110
-420 130
-452 142
-420 156
-440 124
-384 116
-464 122
-444 128
-448 122
-440 146
-412 118
-484 134
-456 130
-432 120
-432 134
-396 100
-412 136
-448 180
-464 172
-428 142
-488 128
-536 150
-524 176
-556 180
-528 184
-492 174
-516 168
-476 156
-460 146
-416 138
-404 142
-400 108
-428 140
-428 128
-372 124
-428 138
-440 142
-444 132
-436 116
-448 140
-480 138
-476 144
-488 148
-496 164
-472 184
-424 156
-392 178
-372 160
-372 138
-384 150
-384 178
-404 200
-440 186
-452 200
-464 194
-428 192
-444 178
-460 194
-488 210
-440 200
-392 166
-464 192
-444 198
-476 242
-460 228
-480 222
-464 224
-444 204
-516 258
-576 280
-548 286
-588 292
-592 302
-504 268
-488 242
-460 222
-500 226
-456 232
-464 228
-500 252
-568 276
-616 298
-552 284
-540 236
-504 208
-516 160
-532 174
-504 194
-508 160
-532 160
-528 162
-516 156
-460 110
-472 74
-412 42
-400 32
-384 60
-376 106
-388 66
-452 102
-500 110
-424 98
-456 124
-412 90
-396 74
-448 102
-404 114
-392 102
-412 150
-440 142
-440 152
-412 162
-448 184
-452 218
-412 198
-408 220
-448 244
-524 270
-496 254
-568 264
-536 248
-492 244
-484 218
-500 210
-480 224
-524 228
-516 256
-504 244
-556 260
-548 264
-628 262
-608 256
-596 220
-576 200
-532 210
-540 196
-544 200
-500 186
-508 180
-488 164
-544 174
-472 176
-484 182
-532 220
-548 242
-584 266
-504 250
-524 244
-568 258
-552 252
-568 274
-540 258
-508 256
-504 256
-552 270
-532 272
-492 254
-492 258
-544 288
-456 258
-492 250
-464 242
-488 238
-552 266
-508 256
-528 264
-564 274
-500 228
-500 220
-476 236
-552 272
-496 246
-528 244
-568 292
-564 304
-524 278
-536 296
-528 284
-572 288
-544 288
-532 298
-568 292
-548 280
-500 250
-468 208
-492 218
-540 224
-468 212
-452 204
-476 222
-508 212
-552 234
-468 230
-488 234
-460 242
-416 206
-408 174
-436 178
-496 200
-524 224
-512 222
-496 216
-448 188
-372 136
-384 88
-412 106
-456 108
-492 120
-472 120
-452 92
-488 52
-520 18
-532 44
-500 68
-528 64
-480 68
-464 86
-428 68
-464 80
-420 76
-416 58
-400 32
-412 56
-400 38
-428 46
-448 102
-416 62
-420 50
-424 40
-468 24
-436 36
-400 38
-424 42
-440 44
-468 38
-484 96
-464 100
-484 110
-488 114
-488 136
-484 128
-460 118
-448 82
-468 80
-492 90
-480 80
-468 86
-464 32
-488 56
-476 66
-488 68
-456 42
-476 56
-488 42
-436 24
-436 -8
-412 -26
-408 -20
-424 24
-404 6
-428 2
-392 -2
-428 -60
-448 -48
-440 -8
-384 6
-400 22
-360 0
-388 -44
-372 -48
-424 -26
-432 -56
-392 -44
-392 -88
-380 -100
-428 -92
-408 -88
-368 -74
-388 -110
-372 -104
-424 -100
-452 -98
-424 -98
-428 -82
-420 -132
-428 -150
-468 -162
-492 -158
-508 -158
-496 -164
-512 -186
-492 -156
-508 -188
-480 -188
-480 -148
-468 -146
-408 -124
-456 -132
-472 -116
-420 -114
-436 -94
-404 -92
-396 -70
-396 -52
-432 -32
-436 -50
-464 -40
-444 -8
-496 -16
-520 -22
-516 -64
-480 -70
-432 -66
-440 -56
-464 -64
-444 -54
-460 -52
-480 -40
-476 -48
-496 -44
-468 -56
-476 -48
-476 -50
-460 -66
-476 -98
-456 -92
-512 -98
-468 -64
-496 -108
-508 -126
-516 -128
-516 -130
-556 -160
-520 -134
-556 -148
-528 -142
-548 -160
-524 -140
-480 -126
-512 -108
-468 -120
-468 -132
-436 -120
-400 -110
-436 -144
-484 -168
-444 -156
-460 -168
-508 -192
-524 -204
-524 -218
-468 -186
-452 -156
-392 -132
-444 -142
-404 -134
-384 -76
-416 -84
-424 -90
-472 -118
-476 -76
-488 -66
-456 -66
-476 -96
-484 -116
-428 -114
-416 -106
-408 -96
-452 -128
-460 -162
-444 -136
-408 -100
-420 -86
-368 -74
-388 -96
-440 -128
-476 -136
-452 -150
-444 -154
-472 -212
-532 -220
-520 -202
-532 -208
-516 -214
-556 -206
-512 -200
-480 -170
-440 -164
-516 -190
-484 -176
-524 -190
-540 -190
-488 -184
-484 -170
-448 -160
-460 -192
-484 -168
-464 -158
-516 -182
-576 -202
-524 -184
-540 -146
-500 -122
-488 -118
-468 -66
-480 -48
-456 -56
-492 -74
-552 -82
-476 -76
-512 -86
-552 -104
-512 -90
-428 -76
-456 -74
-496 -86
-444 -108
-440 -100
-388 -84
-404 -98
-500 -106
-492 -116
-464 -124
-484 -132
-360 -96
-388 -78
-348 -86
-372 -92
-340 -84
-328 -60
-352 -96
-336 -84
-392 -112
-392 -64
-384 -36
-384 -50
-408 -56
-376 -22
-376 -20
-408 -14
-460 -4
-444 -26
-444 0
-424 -2
-444 -16
-440 12
-448 58
-436 54
-468 86
-528 116
-508 98
-468 118
-480 162
-520 186
-468 186
-468 198
-456 158
-440 156
-468 162
-468 158
-468 140
-476 164
-488 164
-504 158
-504 192
-552 226
-544 240
-556 236
-548 246
-552 216
-548 208
-540 208
-528 212
-492 246
-496 238
-520 242
-540 262
-584 266
-548 236
-528 218
-508 212
-492 218
-460 216
-452 168
-436 156
-376 136
-396 130
-424 178
-452 216
-492 226
-508 236
-580 264
-508 240
-508 212
-528 234
-504 228
-464 204
-500 228
-484 228
-488 228
-448 190
-368 154
-456 180
-432 204
-444 224
-508 278
-484 260
-492 282
-528 288
-592 318
-584 318
-540 314
-528 300
-520 298
-484 264
-548 286
-600 308
-616 314
-636 312
-588 306
-536 292
-572 304
-616 316
-556 284
-548 280
-524 278
-532 294
-568 290
-596 314
-596 322
-536 302
-592 318
-588 288
-576 308
-580 302
-580 312
-544 288
-556 296
-596 324
-588 308
-524 282
-516 260
-532 260
-452 252
-472 244
-472 232
-408 196
-444 176
-436 190
-468 212
-460 214
-468 200
-468 208
-544 240
-524 228
-464 218
-452 210
-448 210
-504 226
-504 248
-520 234
-512 218
-540 210
-520 206
-504 204
-492 208
-524 202
-580 232
-544 214
-492 212
-472 200
-528 212
-464 172
-468 164
-436 148
-344 124
-420 142
-456 134
-452 98
-420 92
-372 52
-400 84
-412 124
-460 134
-472 154
-460 138
-400 102
-384 54
-372 70
-348 66
-456 120
-456 106
-352 112
-376 76
-404 72
-444 92
-432 76
-452 54
-464 52
-456 58
-492 38
-444 30
-480 52
-452 66
-460 72
-496 96
-512 106
-492 90
-456 64
-512 66
-512 72
-496 68
-528 68
-500 90
-532 114
-524 78
-480 102
-512 112
-536 144
-520 126
-492 144
-488 126
-508 116
-496 146
-540 172
-564 184
-576 182
-572 160
-528 118
-472 110
-476 80
-460 60
-460 88
-472 82
-488 108
-480 126
-456 106
-436 132
-432 114
-396 84
-400 76
-432 80
-452 106
-484 80
-456 96
-492 98
-456 106
-456 108
-464 110
-460 118
-432 98
-408 62
-420 50
-436 58
-488 34
-480 32
-488 46
-484 60
-456 42
-500 54
-488 72
-536 60
-532 82
-496 78
-484 90
-480 140
-492 150
-484 152
-452 148
-380 174
-456 164
-464 134
-440 130
-464 128
-488 144
-500 154
-556 188
-472 172
-440 150
-460 122
-464 136
-528 180
-508 180
-468 166
-500 162
-480 190
-528 176
-536 152
-532 132
-424 96
-480 122
-472 70
-440 56
-484 38
-412 38
-472 28
-484 36
-448 62
-408 42
-428 60
-428 84
-412 64
-384 70
-428 112
-448 142
-492 174
-492 200
-524 214
-532 204
-492 192
-512 228
-552 252
-568 244
-572 258
-584 248
-564 242
-560 192
-476 180
-444 190
-512 210
-504 194
-508 182
-472 186
-444 180
-504 174
-504 178
-548 238
-564 220
-548 240
-596 232
-572 216
-532 208
-516 208
-492 222
-544 228
-516 226
-528 250
-584 280
-544 290
-544 298
-504 276
-568 286
-540 292
-548 270
-524 250
-520 256
-540 262
-524 240
-496 224
-492 214
-484 194
-460 156
-436 162
-500 224
-512 216
-464 220
-488 242
-492 238
-472 246
-492 224
-464 222
-520 224
-568 252
-592 262
-592 266
-580 258
-504 234
-520 248
-548 244
-508 240
-528 222
-516 216
-496 194
-476 172
-436 152
-448 144
-464 164
-452 158
-484 178
-528 212
-512 204
-480 206
-496 224
-488 220
-452 214
-448 190
-492 230
-492 208
-516 218
-488 198
-524 182
-484 166
-460 146
-444 106
-432 112
-464 92
-476 54
-468 40
-460 46
-480 82
-436 72
-472 64
-468 100
-436 106
-424 74
-468 74
-456 28
-436 18
-432 38
-440 22
-456 40
-452 20
-456 6
-452 14
-472 48
-416 24
-436 30
-416 16
-364 -22
-380 -24
-396 -26
-452 -94
-456 -92
-420 -98
-400 -78
-400 -96
-428 -102
-480 -90
-468 -90
-456 -62
-448 -56
-420 -62
-400 -84
-424 -72
-404 -90
-400 -82
-396 -56
-416 -70
-432 -88
-412 -82
-448 -102
-460 -80
-468 -114
-432 -92
-444 -122
-420 -130
-420 -152
-400 -164
-424 -178
-428 -160
-428 -178
-476 -176
-508 -206
-492 -208
-464 -186
-540 -206
-536 -224
-496 -190
-480 -186
-472 -186
-480 -196
-512 -248
-548 -262
-540 -270
-544 -268
-580 -290
-524 -260
-472 -208
-460 -168
-420 -132
-440 -152
-444 -102
-448 -112
-500 -124
-496 -130
-496 -146
-480 -148
-512 -164
-552 -176
-552 -180
-528 -154
-520 -148
-468 -128
-500 -134
-520 -140
-512 -110
-520 -94
-516 -118
-472 -118
-432 -80
-432 -104
-428 -124
-468 -148
-464 -162
-460 -160
-496 -204
-508 -214
-460 -200
-460 -194
-472 -210
-472 -202
-484 -242
-472 -238
-488 -256
-496 -188
-452 -182
-480 -196
-444 -164
-392 -102
-372 -90
-420 -96
-392 -62
-368 -16
-420 10
-420 2
-404 56
-400 88
-456 108
-436 94
-492 94
-516 112
-460 80
-512 76
-504 96
-460 82
-484 58
-520 54
-476 42
-512 26
-480 44
-488 42
-484 26
-492 28
-504 36
-500 32
-488 68
-476 54
-468 60
-484 94
-524 128
-484 148
-496 128
-512 86
-504 140
-520 130
-508 158
-516 156
-476 142
-492 148
-484 160
-484 154
-528 166
-540 174
-564 160
-576 166
-588 146
-548 144
-528 146
-532 162
-512 128
-536 126
-508 126
-456 124
-408 144
-424 152
-464 128
-460 126
-508 120
-492 80
-500 100
-560 104
-544 130
-472 102
-496 50
-436 20
-492 28
-476 8
-464 24
-460 40
-464 46
-456 34
-440 52
-400 54
-444 64
-400 44
-464 50
-464 70
-420 52
-428 76
-412 66
-484 78
-492 98
-468 114
-488 118
-496 146
-452 150
-484 144
-452 136
-448 148
-452 156
-444 126
-484 136
-500 140
-492 122
-464 104
-480 102
-476 44
-448 20
-444 12
-428 32
-436 8
-496 -24
-428 -50
-436 -60
-388 -66
-368 -46
-356 -14
-404 -10
-412 -16
-468 -22
-468 20
-456 30
-492 64
-496 64
-488 58
-468 88
-448 46
-444 52
-500 90
-504 50
-476 34
-424 36
-488 60
-444 62
-488 116
-476 140
-512 126
-428 142
-460 148
-468 126
-456 126
-488 102
-512 86
-524 40
-492 16
-560 90
-540 114
-516 96
-496 148
-456 170
-460 198
-488 220
-476 226
-512 254
-528 272
-552 286
-552 298
-608 322
-604 316
-632 340
-664 350
-620 336
-600 312
-552 312
-580 332
-628 348
-608 332
-580 314
-552 316
-616 342
-620 338
-564 306
-520 270
-556 270
-544 280
-512 268
-536 286
-564 304
-596 318
-604 322
-592 310
-624 332
-632 336
-640 346
-616 330
-568 304
-552 304
-600 314
-544 308
-576 310
-604 326
-592 314
-588 324
-552 296
-528 282
-532 272
-516 250
-532 260
-492 250
-520 246
-504 244
-528 238
-488 238
-456 216
-444 204
-436 176
-436 166
-436 154
-428 120
-504 114
-488 110
-440 124
-420 106
-400 94
-400 94
-400 106
-472 146
-392 142
-416 154
-428 126
-408 110
-380 90
-420 84
-436 68
-484 84
-456 78
-464 62
-456 72
-416 50
-412 32
-428 76
-480 112
-440 90
-460 94
-428 78
-404 48
-432 68
-396 34
-440 52
-380 50
-376 58
-444 70
-472 84
-500 58
-444 54
-480 34
-488 46
-484 12
-484 -8
-488 22
-484 8
-480 50
-464 38
-480 24
-476 56
-488 46
-540 84
-552 64
-508 18
-436 20
-440 40
-428 54
-440 38
-404 88
-440 106
-480 94
-468 66
-452 46
-424 98
-468 82
-464 92
-428 96
-448 84
-420 64
-428 66
-416 72
-432 46
-468 34
-412 -8
-392 -8
-428 -20
-444 -10
-488 -44
-512 -14
-480 -14
-468 -18
-456 36
-460 50
-476 36
-472 46
-432 48
-412 48
-412 72
-440 24
-436 62
-400 30
-436 6
-480 -2
-436 12
-432 -24
-420 -54
-404 -54
-404 -64
-448 -78
-428 -66
-436 -76
-460 -90
-516 -74
-484 -70
-500 -60
-488 -72
-448 -16
-428 -36
-456 -30
-452 -34
-504 -36
-508 -46
-456 -54
-452 -66
-468 -76
-472 -64
-460 -84
-456 -92
-460 -84
-464 -66
-504 -34
-464 -16
-500 -22
-496 -2
-464 -38
-504 -46
-492 -62
-532 -84
-532 -90
-480 -70
-464 -66
-464 -98
-428 -100
-392 -72
-420 -86
-392 -68
-400 -104
-396 -82
-400 -68
-420 -42
-424 -60
-420 -54
-448 -34
-428 -44
-440 -36
-452 -48
-488 -50
-424 -74
-460 -102
-512 -122
-504 -144
-476 -136
-476 -158
-484 -166
-492 -150
-492 -150
-500 -158
-588 -190
-544 -190
-548 -168
-544 -168
-488 -158
-484 -188
-464 -206
-472 -214
-516 -226
-540 -216
-472 -188
-464 -168
-472 -130
-456 -174
-468 -176
-488 -190
-464 -232
-488 -214
-472 -176
-508 -202
-496 -198
-520 -220
-524 -224
-516 -218
-436 -184
-460 -212
-436 -212
-476 -196
-528 -212
-480 -178
-528 -136
-520 -132
-472 -76
-420 -108
-424 -88
-444 -56
-476 -50
-512 -40
-508 -50
-468 -48
-448 -40
-500 -6
-520 10
-500 2
-512 -2
-504 -28
-488 -4
-472 -4
-400 -8
-416 -40
-464 -40
-440 -42
-440 -32
-444 -8
-396 -26
-448 -38
-480 -64
-460 -86
-464 -84
-472 -110
-488 -92
-416 -68
-480 -84
-456 -98
-472 -84
-420 -104
-396 -96
-476 -80
-448 -54
-476 -76
-476 -54
-460 -24
-452 12
-436 -28
-440 -30
-456 -26
-492 -6
-524 -18
-456 -2
-452 28
-444 4
-444 -12
-420 -12
-480 -32
-440 -44
-440 -58
-388 -72
-392 -108
-464 -110
-484 -152
-460 -152
-460 -136
-488 -142
-468 -142
-484 -184
-468 -162
-452 -168
-404 -128
-444 -168
-432 -156
-452 -176
-484 -178
-448 -164
-392 -148
-468 -160
-464 -194
-496 -202
-484 -168
-520 -178
-488 -174
-520 -178
-524 -160
-532 -148
-548 -148
-460 -108
-480 -144
-488 -146
-520 -150
-468 -136
-484 -148
-472 -150
-488 -140
-496 -148
-432 -152
-432 -184
-440 -164
-448 -132
-452 -168
-472 -152
-460 -140
-452 -140
-496 -172
-456 -176
-484 -198
-432 -148
-468 -140
-444 -124
-452 -142
-496 -132
-452 -130
-408 -96
-452 -136
-416 -84
-440 -100
-452 -92
-432 -156
-448 -138
-416 -178
-368 -122
-388 -116
-404 -118
-424 -154
-452 -132
-452 -142
-504 -190
-508 -188
-460 -174
-428 -174
-440 -158
-356 -120
-436 -110
-444 -110
-452 -104
-484 -98
-464 -118
-468 -150
-452 -156
-476 -202
-496 -204
-528 -226
-504 -206
-488 -194
-500 -196
-520 -202
-488 -192
-472 -200
-512 -208
-480 -212
-536 -240
-588 -270
-516 -202
-504 -194
-520 -232
-552 -244
-472 -226
-440 -228
-504 -228
-492 -226
-480 -224
-508 -240
-504 -250
-524 -248
-504 -244
-500 -234
-484 -218
-496 -220
-524 -214
-524 -232
-560 -248
-536 -248
-524 -244
-444 -214
-520 -222
-532 -208
-548 -210
-552 -212
-548 -204
-560 -204
-520 -202
-492 -212
-556 -234
-548 -240
-532 -218
-516 -206
-548 -216
-552 -236
-556 -234
-564 -242
-540 -234
-516 -226
-500 -226
-484 -222
-440 -214
-464 -200
-552 -266
-532 -274
-540 -262
-564 -272
-488 -274
-512 -272
-560 -292
-560 -318
-600 -332
-612 -326
-604 -326
-620 -334
-544 -308
-596 -320
-580 -306
-596 -310
-540 -274
-520 -268
-512 -254
-568 -252
-572 -266
-628 -296
-608 -276
-592 -272
-540 -244
-516 -236
-480 -220
-520 -210
-488 -198
-480 -194
-456 -190
-480 -200
-500 -220
-472 -172
-460 -192
-428 -170
-472 -164
-468 -150
-472 -172
-488 -178
-512 -182
-496 -162
-504 -158
-516 -164
-464 -152
-488 -166
-428 -118
-404 -120
-436 -100
-428 -114
-464 -134
-448 -126
-492 -90
-540 -110
-496 -102
-504 -142
-484 -118
-492 -120
-476 -130
-496 -136
-556 -118
-492 -136
-464 -86
-472 -112
-492 -68
-544 -88
-536 -100
-496 -60
-548 -74
-572 -76
-580 -96
-516 -124
-460 -108
-520 -126
-500 -110
-488 -98
-512 -104
-484 -130
-500 -128
-492 -122
-464 -138
-512 -144
-484 -140
-460 -96
-432 -72
-408 -78
-452 -96
-500 -96
-484 -72
-464 -66
-516 -74
-464 -82
-488 -70
-428 -104
-460 -118
-484 -102
-500 -72
-504 -88
-504 -92
-548 -118
-516 -92
-496 -68
-512 -94
-504 -74
-472 -80
-488 -86
-536 -92
-508 -114
-516 -96
-444 -102
-516 -104
-516 -126
-520 -140
-536 -134
-508 -90
-480 -76
-500 -58
-464 -56
-440 -28
-424 -14
-492 -24
-408 -34
-424 -34
-404 -32
-440 -48
-412 -12
-428 -32
-420 -52
-468 -124
-480 -90
-512 -118
-544 -120
-536 -110
-500 -100
-464 -82
-436 -52
-492 -96
-452 -100
-440 -120
-460 -112
-436 -112
-412 -78
-396 -58
-396 -40
-440 -54
-416 -16
-432 -58
-432 -92
-440 -90
-448 -64
-452 -48
-448 -46
-420 -32
-460 -44
-464 -64
-408 -60
-428 -70
-412 -52
-444 -40
-512 -32
-448 -26
-472 -20
-448 2
-404 28
-448 -6
-440 6
-472 -20
-460 10
-480 28
-536 36
-508 26
-512 70
-452 62
-460 72
-428 70
-432 100
-444 92
-444 70
-444 82
-428 98
-412 16
-388 22
-436 0
-432 28
-428 66
-432 42
-456 52
-476 82
-428 78
-400 76
-400 68
-396 60
-392 74
-472 62
-496 120
-464 88
-420 102
-436 104
-488 164
-480 156
-448 160
-504 146
-548 208
-520 224
-516 236
-528 266
-484 254
-496 238
-504 244
-508 246
-464 238
-456 214
-464 194
-420 174
-476 172
-476 162
-512 172
-504 184
-472 206
-556 254
-592 260
-608 248
-548 238
-504 250
-536 252
-576 256
-576 258
-564 254
-552 250
-524 268
-548 258
-580 272
-568 272
-556 274
-548 254
-524 256
-480 222
-472 226
-528 268
-544 292
-504 284
-556 292
-564 292
-524 280
-576 298
-516 278
-544 296
-548 298
-536 282
-584 320
-592 314
-632 330
-600 314
-608 332
-608 318
-544 300
-568 302
-572 318
-636 346
-636 342
-620 344
-644 358
-660 360
-664 360
-676 358
-620 340
-600 330
-612 334
-592 324
-616 338
-596 330
-608 328
-580 320
-600 320
-584 318
-648 344
-612 340
-676 354
-656 346
-632 348
-620 342
-600 328
-572 322
-544 310
-608 336
-628 318
-564 304
-584 322
-584 310
-576 302
-592 302
-576 284
-472 258
-484 264
-504 250
-524 284
-544 300
-568 304
-580 314
-548 310
-568 312
-556 296
-500 276
-516 278
-548 290
-496 244
-480 238
-488 254
-496 252
-528 244
-472 226
-484 244
-508 244
-524 244
-524 238
-512 240
-460 220
-488 226
-504 214
-500 202
-456 140
-448 122
-484 126
-424 120
-504 106
-480 36
-492 46
-432 56
-400 44
-392 40
-420 46
-416 24
-380 28
-392 24
-456 22
-472 56
-432 86
-400 84
-428 94
-456 86
-508 98
-464 116
-472 122
-504 102
-532 136
-520 114
-476 74
-476 56
-468 76
-468 88
-496 98
-508 88
-476 98
-512 106
-532 116
-452 108
-416 128
-472 120
-448 84
-424 82
-416 122
-416 118
-476 100
-436 78
-424 66
-424 64
-408 48
-408 34
-456 10
-452 2
-464 -16
-472 -30
-492 -56
-448 -66
-456 -80
-444 -94
-436 -102
-456 -136
-476 -166
-452 -194
-468 -224
-492 -228
-468 -208
-492 -222
-484 -254
-524 -256
-560 -286
-556 -292
-528 -278
-520 -278
-592 -310
-552 -312
-584 -308
-548 -302
-528 -304
-524 -296
-548 -286
-572 -284
-560 -292
-592 -314
-536 -294
-580 -324
-560 -314
-540 -302
-512 -286
-564 -300
-576 -298
-552 -296
-536 -276
-524 -254
-536 -240
-524 -266
-524 -258
-496 -236
-516 -244
-536 -234
-512 -260
-484 -252
-456 -242
-480 -220
-464 -230
-480 -214
-484 -224
-476 -216
-500 -218
-544 -242
-504 -216
-476 -190
-440 -172
-448 -172
-476 -200
-504 -212
-552 -216
-532 -186
-480 -178
-496 -156
-492 -160
-500 -162
-488 -154
-496 -170
-512 -170
-512 -168
-524 -126
-480 -96
-476 -122
-504 -154
-500 -174
-484 -144
-460 -140
-436 -104
-412 -106
-416 -102
-396 -84
-428 -74
-404 -48
-428 -48
-456 -4
-440 -30
-420 -82
-480 -108
-456 -94
-452 -108
-452 -120
-424 -94
-488 -94
-452 -126
-424 -148
-436 -146
-484 -144
-484 -166
-464 -166
-488 -164
-472 -192
-500 -202
-520 -210
-508 -196
-496 -202
-516 -194
-464 -176
-472 -130
-476 -110
-412 -150
-488 -192
-480 -190
-448 -188
-468 -228
-480 -218
-528 -236
-564 -242
-488 -206
-488 -228
-476 -214
-444 -200
-420 -218
-504 -238
-440 -214
-468 -194
-508 -154
-480 -196
-420 -162
-476 -164
-532 -176
-440 -170
-452 -150
-464 -158
-444 -120
-412 -140
-456 -170
-468 -190
-468 -192
-520 -202
-456 -190
-492 -226
-504 -194
-532 -194
-580 -204
-512 -180
-500 -172
-508 -188
-536 -224
-516 -190
-500 -188
-508 -184
-500 -200
-516 -190
-512 -158
-500 -194
-488 -214
-484 -220
-440 -166
-480 -216
-544 -208
-528 -196
-488 -166
-460 -172
-428 -132
-476 -152
-496 -162
-480 -178
-492 -186
-504 -200
-476 -190
-524 -246
-588 -278
-560 -284
-576 -278
-508 -262
-488 -246
-420 -226
-456 -246
-524 -264
-536 -266
-572 -302
-584 -320
-600 -312
-560 -294
-572 -290
-508 -280
-472 -274
-408 -240
-432 -248
-460 -238
-484 -232
-508 -256
-472 -254
-460 -254
-508 -254
-492 -240
-544 -258
-496 -242
-552 -266
-512 -256
-572 -276
-568 -252
-564 -292
-536 -262
-496 -254
-472 -246
-548 -294
-552 -264
-528 -272
-556 -296
-576 -296
-536 -254
-552 -256
-540 -264
-532 -270
-528 -266
-520 -238
-524 -246
-516 -248
-508 -222
-532 -226
-496 -222
-460 -226
-484 -236
-452 -212
-472 -190
-452 -186
-476 -188
-432 -194
-452 -210
-464 -212
-452 -202
-448 -192
-432 -182
-412 -166
-432 -174
-436 -172
-404 -164
-436 -180
-420 -160
-420 -180
-400 -170
-440 -214
-520 -188
-520 -188
-532 -180
-508 -178
-548 -220
-516 -204
-516 -234
-520 -238
-536 -242
-540 -288
-524 -288
-564 -318
-588 -318
-608 -314
-576 -290
-556 -286
-520 -266
-532 -246
-548 -232
-540 -250
-492 -250
-544 -250
-560 -266
-556 -254
-572 -238
-508 -214
-484 -208
-576 -258
-544 -256
-512 -274
-488 -240
-480 -232
-412 -202
-460 -232
-524 -254
-548 -288
-532 -258
-548 -278
-544 -270
-580 -296
-628 -330
-604 -326
-620 -346
-600 -322
-620 -328
-640 -348
-636 -346
-628 -340
-568 -318
-616 -330
-548 -308
-600 -324
-620 -332
-636 -334
-620 -334
-600 -322
-592 -320
-544 -298
-592 -320
-656 -346
-552 -308
-560 -308
-548 -312
-532 -294
-520 -286
-552 -292
-536 -284
-532 -284
-556 -282
-596 -316
-572 -310
-560 -300
-528 -272
-520 -278
-540 -264
-500 -268
-536 -276
-500 -278
-524 -266
-560 -250
-544 -256
-536 -234
-568 -262
-556 -240
-572 -270
-560 -270
-572 -282
-536 -250
-496 -224
-464 -196
-484 -188
-516 -216
-512 -224
-492 -222
-492 -236
-476 -234
-496 -250
-436 -230
-484 -254
-464 -256
-492 -282
-544 -290
-524 -270
-480 -248
-528 -274
-536 -244
-516 -248
-536 -242
-524 -230
-520 -216
-512 -226
-524 -208
-528 -218
-448 -202
-520 -250
-484 -238
-524 -260
-552 -266
-592 -284
-572 -288
-640 -310
-592 -296
-544 -296
-492 -260
-580 -276
-552 -288
-596 -306
-608 -322
-596 -306
-580 -306
-536 -308
-612 -328
-640 -346
-672 -356
-584 -320
-592 -290
-560 -286
-564 -278
-528 -266
-488 -268
-532 -282
-480 -288
-560 -310
-524 -284
-464 -272
-488 -290
-544 -308
-528 -294
-548 -310
-500 -278
-548 -266
-496 -260
-456 -208
-456 -200
-524 -226
-480 -226
-476 -238
-484 -236
-440 -234
-456 -222
-456 -248
-452 -262
-480 -260
-556 -284
-596 -288
-596 -300
-596 -294
-580 -286
-540 -266
-456 -236
-456 -238
-464 -218
-464 -200
-472 -202
-472 -198
-456 -180
-492 -210
-504 -210
-468 -226
-524 -240
-512 -250
-468 -228
-500 -234
-536 -250
-520 -250
-528 -258
-548 -274
-588 -304
-592 -306
-592 -322
-648 -320
-580 -316
-516 -282
-544 -300
-512 -280
-532 -264
-516 -242
-504 -232
-472 -216
-476 -192
-476 -178
-520 -216
-516 -198
-504 -180
-504 -198
-560 -238
-548 -216
-532 -196
-496 -160
-464 -146
-440 -146
-468 -136
-448 -142
-476 -140
-492 -118
-468 -130
-424 -122
-412 -114
-432 -74
-392 -92
-412 -120
-364 -104
-396 -102
-396 -102
-388 -118
-384 -144
-368 -142
-376 -128
-412 -124
-412 -156
-420 -158
-472 -176
-464 -178
-488 -160
-488 -160
-484 -142
-484 -88
-500 -58
-424 -40
-444 -78
-452 -74
-424 -56
-412 -58
-476 -64
-488 -94
-496 -92
-436 -86
-504 -96
-480 -80
-508 -144
-508 -152
-476 -124
-448 -142
-468 -142
-476 -160
-432 -124
-496 -112
-460 -106
-444 -110
-372 -92
-412 -86
-464 -102
-460 -102
-428 -72
-440 -64
-508 -100
-504 -104
-516 -106
-456 -88
-452 -90
-448 -76
-432 -82
-492 -90
-488 -116
-480 -130
-504 -108
-508 -80
-488 -84
-488 -86
-520 -112
-568 -126
-568 -124
-468 -128
-472 -140
-496 -86
-460 -82
-432 -56
-432 -60
-452 -50
-420 -22
-436 10
-456 16
-468 -4
-396 -22
-356 -36
-416 -56
-376 -60
-412 -72
-460 -92
-448 -136
-480 -112
-436 -88
-488 -106
-464 -112
-488 -116
-476 -134
-428 -128
-468 -150
-512 -146
-500 -172
-448 -172
-444 -168
-452 -170
-456 -202
-412 -154
-420 -112
-392 -104
-412 -142
-392 -132
-340 -114
-372 -76
-416 -76
-388 -70
-436 -108
-456 -130
-464 -170
-396 -148
-416 -156
-416 -146
-408 -148
-460 -142
-448 -174
-428 -170
-436 -160
-452 -186
-464 -192
-496 -218
-536 -212
-544 -238
-492 -222
-496 -238
-492 -232
-532 -246
-492 -210
-500 -238
-536 -260
-500 -256
-536 -270
-568 -286
-524 -270
-608 -282
-596 -264
-588 -250
-544 -248
-468 -214
-488 -228
-476 -232
-544 -238
-524 -230
-488 -232
-528 -250
-556 -276
-568 -280
-556 -278
-516 -282
-556 -274
-544 -268
-568 -266
-556 -254
-536 -256
-464 -222
-508 -220
-548 -230
-552 -226
-548 -246
-520 -230
-560 -250
-544 -244
-500 -204
-504 -196
-540 -224
-540 -206
-548 -188
-488 -190
-460 -190
-476 -148
-460 -154
-440 -150
-492 -148
-484 -156
-484 -154
-520 -180
-516 -182
-472 -174
-500 -164
-464 -152
-472 -134
-476 -116
-488 -102
-412 -114
-448 -120
-428 -128
-404 -132
-464 -162
-476 -192
-476 -196
-512 -232
-480 -224
-484 -214
-440 -172
-500 -182
-472 -166
-416 -134
-448 -134
-392 -102
-404 -98
-420 -110
-424 -110
-448 -122
-444 -140
-520 -170
-532 -160
-496 -150
-520 -156
-516 -164
-504 -178
-536 -202
-548 -216
-536 -230
-508 -214
-504 -210
-460 -196
-524 -214
-452 -214
-464 -214
-460 -178
-492 -178
-496 -148
-480 -134
-440 -158
-420 -154
-444 -172
-448 -150
-432 -148
-432 -142
-476 -168
-472 -178
-444 -190
-460 -142
-428 -138
-412 -140
-416 -142
-404 -144
-376 -144
-400 -162
-412 -120
-420 -182
-420 -172
-404 -178
-408 -194
-476 -176
-444 -174
-432 -144
-392 -160
-432 -114
-428 -104
-448 -136
-472 -120
-448 -118
-448 -124
-416 -102
-432 -64
-416 -68
-424 -86
-400 -58
-400 -46
-384 -72
-444 -88
-452 -88
-504 -100
-500 -106
-480 -112
-456 -78
-512 -70
-492 -116
-508 -120
-516 -130
-404 -126
-456 -156
-476 -138
-500 -170
-544 -188
-552 -184
-492 -162
-432 -186
-392 -192
-372 -160
-416 -180
-472 -190
-440 -166
-452 -212
-468 -194
-480 -206
-540 -234
-568 -244
-536 -222
-548 -204
-492 -192
-480 -176
-480 -194
-492 -210
-452 -192
-452 -186
-524 -204
-520 -208
-524 -202
-520 -218
-512 -206
-504 -208
-520 -212
-512 -186
-540 -180
-484 -168
-456 -186
-484 -216
-488 -216
-520 -218
-448 -200
-460 -170
-476 -174
-464 -170
-460 -170
-448 -162
-500 -186
-544 -240
-504 -256
-492 -270
-444 -234
-396 -210
-444 -216
-464 -216
-468 -194
-464 -198
-424 -184
-408 -146
-408 -148
-456 -166
-492 -212
-500 -208
-492 -230
-432 -242
-484 -270
-464 -256
-520 -268
-508 -244
-520 -244
-512 -234
-536 -238
-564 -282
-504 -268
-552 -276
-592 -274
-592 -274
-588 -294
-516 -262
-536 -278
-552 -290
-516 -284
-536 -288
-524 -284
-512 -292
-488 -282
-536 -300
-492 -290
-488 -284
-504 -278
-500 -238
-528 -246
-480 -210
-444 -210
-468 -198
-492 -220
-508 -224
-488 -238
-492 -236
-508 -250
-532 -238
-540 -250
-536 -234
-532 -252
-520 -248
-520 -250
-488 -224
-544 -234
-520 -230
-492 -214
-476 -202
-512 -214
-528 -208
-500 -198
-492 -200
-456 -210
-464 -188
-392 -126
-456 -146
-472 -160
-472 -184
-448 -176
-468 -138
-456 -132
-480 -134
-464 -126
-524 -132
-456 -156
-528 -166
-540 -192
-536 -186
-500 -162
-512 -156
-512 -144
-504 -130
-504 -128
-428 -100
-424 -78
-408 -86
-452 -100
-460 -102
-464 -78
-460 -80
-484 -70
-500 -86
-516 -68
-412 -60
-488 -40
-516 -48
-528 -56
-488 -18
-440 -28
-488 -46
-484 -56
-464 -78
-476 -78
-440 -52
-396 -52
-444 -64
-508 -48
-472 -20
-452 -14
-412 -10
-424 -34
-452 -46
-460 -54
-480 -44
-496 -46
-492 -52
-480 -48
-424 -68
-436 -74
-448 -78
-444 -100
-428 -94
-468 -92
-496 -80
-444 -82
-436 -86
-424 -66
-444 -78
-440 -86
-420 -102
-500 -158
-488 -190
-484 -180
-492 -190
-472 -184
-444 -188
-456 -168
-500 -176
-548 -166
-512 -148
-528 -130
-548 -104
-544 -78
-488 -56
-456 -40
-444 -84
-412 -76
-368 -56
-416 -104
-416 -136
-484 -136
-484 -130
-448 -136
-464 -156
-488 -148
-384 -140
-380 -120
-412 -104
-412 -96
-444 -114
-436 -80
-448 -102
-440 -84
-464 -114
-420 -116
-440 -104
-436 -120
-444 -102
-420 -106
-412 -106
-408 -96
-412 -96
-412 -138
-464 -144
-472 -124
-460 -108
-452 -104
-448 -128
-416 -118
-428 -162
-432 -172
-456 -188
-512 -246
-452 -206
-480 -200
-520 -232
-476 -214
-476 -202
-476 -200
-460 -192
-472 -206
-448 -174
-464 -196
-472 -200
-484 -214
-484 -236
-492 -226
-488 -236
-532 -252
-516 -242
-524 -250
-528 -264
-536 -230
-528 -240
-540 -230
-516 -178
-536 -190
-520 -196
-552 -228
-536 -232
-556 -252
-512 -248
-476 -234
-492 -254
-516 -240
-508 -240
-512 -236
-476 -222
-436 -162
-512 -126
-528 -140
-516 -158
-484 -158
-516 -142
-484 -146
-572 -142
-544 -172
-548 -192
-528 -194
-504 -182
-508 -166
-508 -148
-504 -132
-520 -126
-468 -124
-488 -132
-456 -128
-452 -114
-456 -142
-480 -166
-492 -190
-472 -178
-404 -184
-452 -178
-440 -144
-516 -180
-524 -168
-504 -158
-500 -150
-476 -166
-520 -174
-492 -196
-516 -180
-472 -202
-532 -174
-476 -128
-488 -126
-516 -118
-564 -124
-556 -100
-572 -112
-560 -124
-508 -108
-500 -144
-504 -172
-476 -172
-400 -144
-424 -154
-488 -146
-392 -136
-424 -154
-440 -188
-476 -200
-456 -174
-488 -186
-452 -158
-468 -136
-456 -126
-476 -124
-488 -120
-492 -126
-472 -152
-476 -132
-488 -182
-496 -212
-496 -220
-472 -206
-452 -210
-464 -200
-476 -170
-452 -146
-484 -166
-548 -198
-556 -204
-520 -204
-600 -224
-512 -216
-528 -200
-572 -204
-500 -182
-524 -162
-488 -142
-504 -156
-480 -134
-464 -134
-448 -130
-448 -122
-464 -122
-416 -120
-448 -154
-488 -188
-440 -188
-504 -226
-512 -246
-484 -236
-496 -244
-528 -226
-512 -208
-496 -188
-468 -188
-520 -246
-512 -228
-508 -238
-456 -208
-484 -210
-452 -196
-408 -158
-404 -150
-460 -164
-472 -136
-464 -138
-440 -136
-412 -124
-420 -120
-384 -90
-352 -66
-408 -88
-412 -80
-428 -60
-436 -96
-460 -108
-464 -140
-452 -138
-456 -142
-424 -152
-444 -174
-436 -172
-468 -166
-444 -166
-480 -188
-432 -194
-456 -202
-480 -214
-448 -186
-480 -182
-488 -164
-440 -138
-420 -128
-408 -108
-412 -82
-412 -76
-420 -80
-424 -78
-424 -72
-472 -112
-396 -116
-472 -124
-488 -136
-484 -164
-424 -146
-408 -160
-452 -176
-460 -200
-436 -212
-460 -250
-520 -282
-480 -282
-532 -296
-580 -316
-596 -320
-588 -308
-548 -288
-484 -268
-520 -274
-524 -284
-568 -288
-552 -272
-536 -276
-572 -270
-552 -266
-552 -280
-556 -300
-528 -290
-508 -288
-552 -288
-508 -256
-552 -278
-572 -290
-564 -292
-536 -284
-524 -284
-512 -290
-572 -312
-544 -290
-616 -334
-580 -328
-648 -338
-632 -320
-620 -320
-604 -316
-600 -304
-632 -324
-564 -294
-488 -260
-528 -252
-492 -250
-496 -264
-580 -302
-576 -286
-612 -306
-624 -324
-636 -346
-604 -330
-576 -320
-552 -294
-592 -300
-544 -264
-528 -246
-540 -286
-564 -308
-564 -314
-620 -336
-612 -334
-576 -314
-576 -322
-608 -338
-608 -330
-580 -324
-560 -298
-516 -288
-536 -272
-488 -256
-528 -268
-556 -262
-544 -258
-516 -224
-516 -238
-516 -264
-528 -258
-460 -240
-436 -226
-420 -202
-408 -196
-400 -218
-416 -244
-456 -250
-480 -244
-500 -254
-504 -254
-532 -256
-516 -272
-472 -248
-512 -232
-480 -214
-508 -230
-512 -250
-496 -246
-528 -270
-520 -272
-528 -272
-516 -260
-476 -234
-496 -214
-468 -186
-468 -164
-528 -194
-516 -174
-472 -178
-484 -168
-464 -188
-464 -196
-492 -208
-492 -216
-504 -224
-496 -196
-468 -204
-456 -226
-512 -228
-492 -220
-512 -256
-524 -264
-448 -244
-468 -262
-508 -232
-528 -258
-512 -260
-520 -258
-536 -240
-496 -212
-480 -224
-456 -230
-480 -250
-504 -274
-524 -286
-544 -298
-608 -326
-552 -304
-624 -338
-640 -356
-620 -334
-600 -314
-548 -308
-528 -284
-544 -290
-540 -258
-592 -294
-536 -262
-600 -264
-568 -250
-524 -240
-508 -242
-504 -210
-456 -196
-460 -226
-524 -254
-540 -274
-548 -256
-564 -274
-576 -284
-564 -252
-520 -238
-524 -242
-536 -254
-528 -240
-496 -240
-552 -254
-532 -246
-528 -244
-548 -254
-500 -200
-468 -162
-452 -164
-500 -174
-496 -150
-520 -194
-516 -206
-528 -232
-484 -230
-452 -236
-460 -218
-432 -228
-488 -232
-492 -214
-460 -162
-496 -202
-500 -228
-488 -246
-540 -262
-512 -234
-516 -236
-460 -244
-512 -244
-532 -260
-544 -268
-544 -270
-560 -288
-548 -298
-548 -304
-600 -318
-604 -320
-616 -334
-644 -350
-604 -328
-548 -306
-600 -300
-584 -294
-576 -272
-568 -268
-564 -280
-492 -284
-544 -278
-560 -286
-552 -270
-508 -236
-496 -232
-488 -252
-556 -266
-536 -270
-508 -276
-520 -234
-552 -262
-516 -248
-536 -260
-524 -264
-492 -240
-548 -224
-540 -234
-556 -234
-524 -226
-520 -220
-536 -224
-492 -224
-480 -222
-468 -222
-484 -214
-440 -222
-440 -202
-460 -178
-472 -172
-452 -170
-456 -180
-512 -154
-492 -136
-452 -108
-424 -116
-424 -78
-456 -108
-452 -116
-452 -144
-420 -130
-464 -158
-476 -166
-468 -148
-404 -132
-436 -132
-484 -144
-488 -140
-440 -132
-428 -120
-476 -140
-456 -130
-484 -142
-472 -164
-480 -150
-476 -150
-476 -180
-488 -222
-404 -176
-424 -204
-456 -172
-456 -178
-396 -168
-408 -124
-424 -108
-376 -90
-412 -72
-452 -92
-464 -106
-464 -132
-456 -132
-492 -120
-488 -142
-492 -140
-456 -158
-432 -152
-416 -140
-464 -156
-432 -180
-472 -190
-520 -198
-456 -182
-444 -162
-452 -160
-464 -182
-440 -166
-480 -160
-456 -162
-476 -160
-520 -150
-496 -140
-460 -154
-424 -154
-384 -164
-416 -174
-444 -196
-456 -198
-428 -148
-428 -178
-460 -190
-468 -228
-508 -254
-536 -288
-488 -244
-480 -228
-504 -244
-568 -298
-532 -296
-524 -284
-552 -280
-572 -288
-548 -280
-508 -254
-532 -274
-540 -286
-516 -282
-516 -278
-540 -318
-540 -312
-536 -298
-560 -314
-596 -322
-628 -322
-644 -330
-600 -298
-520 -256
-544 -296
-584 -316
-628 -344
-612 -342
-612 -342
-628 -332
-628 -338
-600 -330
-576 -316
-580 -304
-640 -342
-624 -346
-616 -342
-652 -358
-660 -358
-664 -360
-672 -358
-668 -358
-656 -356
-620 -344
-580 -328
-528 -308
-568 -314
-564 -304
-572 -306
-568 -314
-596 -318
-532 -280
-500 -280
-508 -268
-516 -246
-496 -246
-516 -272
-508 -246
-492 -230
-464 -214
-472 -190
-476 -220
-516 -262
-568 -286
-584 -298
-588 -306
-536 -300
-572 -320
-540 -302
-564 -310
-484 -282
-528 -306
-536 -288
-532 -294
-540 -288
-528 -282
-468 -258
-536 -274
-560 -292
-524 -282
-528 -274
-508 -276
-508 -262
-552 -288
-612 -316
-584 -302
-596 -308
-588 -302
-592 -286
-576 -272
-576 -252
-564 -238
-568 -228
-544 -200
-508 -188
-516 -180
-484 -156
-528 -170
-472 -152
-464 -174
-488 -180
-440 -154
-424 -138
-408 -134
-444 -132
-472 -150
-460 -158
-440 -144
-484 -144
-416 -124
-420 -112
-452 -108
-456 -104
-464 -92
-436 -66
-452 -74
-484 -110
-524 -134
-456 -120
-444 -104
-420 -94
-460 -86
-432 -56
-412 -26
-424 -70
-420 -90
-440 -46
-484 -60
-464 -84
-468 -58
-412 -58
-496 -58
-492 -84
-448 -92
-416 -100
-408 -112
-412 -108
-428 -110
-440 -146
-452 -130
-488 -140
-480 -146
-476 -138
-456 -116
-444 -108
-488 -126
-464 -136
-512 -138
-520 -170
-488 -162
-508 -158
-448 -114
-432 -90
-440 -90
-480 -106
-484 -118
-504 -120
-524 -116
-496 -132
-544 -136
-544 -160
-504 -164
-548 -152
-540 -136
-548 -142
-456 -130
-524 -150
-528 -166
-524 -178
-456 -152
-512 -186
-496 -186
-468 -170
-524 -180
-468 -176
-492 -190
-492 -194
-504 -182
-476 -170
-448 -154
-512 -192
-536 -212
-548 -234
-564 -266
-568 -258
-572 -276
-536 -276
-552 -268
-564 -284
-552 -284
-560 -288
-556 -288
-580 -300
-584 -278
-628 -294
-620 -292
-592 -282
-576 -264
-528 -242
-504 -238
-460 -218
-488 -234
-500 -230
-464 -204
-488 -210
-512 -230
-544 -228
-540 -220
-520 -228
-576 -268
-600 -258
-532 -222
-524 -226
-516 -206
-472 -194
-492 -210
-432 -178
-508 -176
-512 -170
-496 -164
-492 -122
-520 -74
-524 -84
-476 -62
-484 -44
-468 -66
-468 -62
-484 -88
-492 -88
-468 -78
-512 -122
-520 -176
-496 -156
-524 -186
-512 -208
-508 -186
-508 -190
-476 -180
-420 -176
-468 -194
-468 -206
-524 -230
-512 -228
-540 -246
-548 -236
-492 -224
-456 -204
-468 -206
-480 -218
-512 -244
-512 -262
-516 -264
-480 -244
-460 -220
-488 -226
-508 -222
-480 -228
-456 -218
-468 -206
-456 -234
-452 -246
-492 -252
-512 -278
-468 -236
-436 -224
-472 -242
-484 -226
-464 -228
-516 -252
-508 -228
-584 -218
-476 -204
-548 -230
-532 -232
-500 -232
-504 -258
-432 -232
-448 -258
-468 -228
-452 -190
-452 -200
-492 -222
-524 -254
-528 -262
-540 -272
-480 -252
-508 -258
-528 -266
-544 -258
-488 -214
-476 -222
-492 -242
-500 -218
-492 -222
-560 -294
-624 -320
-564 -308
-536 -296
-540 -298
-504 -278
-492 -286
-560 -302
-588 -310
-572 -318
-556 -306
-532 -278
-572 -308
-568 -292
-588 -308
-556 -300
-516 -286
-516 -280
-536 -294
-508 -274
-496 -272
-480 -238
-532 -256
-476 -268
-528 -278
-544 -270
-560 -292
-576 -308
-556 -306
-524 -276
-472 -260
-468 -262
-500 -264
-536 -282
-460 -244
-512 -252
-528 -248
-504 -260
-484 -282
-548 -294
-528 -266
-548 -292
-572 -302
-508 -276
-532 -290
-580 -310
-588 -322
-572 -312
-580 -308
-572 -312
-596 -314
-608 -332
-604 -332
-628 -320
-664 -332
-656 -338
-604 -308
-568 -298
-572 -292
-528 -284
-552 -300
-544 -274
-624 -318
-596 -320
-600 -320
-536 -282
-512 -288
-508 -280
-540 -296
-592 -332
-588 -322
-604 -328
-612 -326
-608 -324
-552 -292
-584 -324
-600 -312
-568 -314
-600 -328
-576 -306
-568 -304
-600 -314
-608 -318
-644 -338
-600 -312
-556 -304
-560 -296
-524 -284
-544 -300
-524 -258
-516 -250
-528 -252
-472 -234
-488 -244
-504 -272
-552 -286
-556 -292
-532 -302
-568 -314
-568 -324
-600 -340
-576 -314
-560 -294
-584 -306
-556 -304
-540 -302
-528 -306
-512 -270
-496 -262
-480 -252
-512 -278
-452 -246
-488 -248
-528 -264
-484 -260
-468 -228
-428 -234
-460 -240
-480 -274
-412 -230
-392 -190
-420 -158
-396 -138
-392 -130
-376 -126
-424 -142
-376 -128
-380 -132
-460 -156
-496 -196
-468 -172
-436 -156
-408 -156
-456 -178
-420 -148
-368 -110
-396 -96
-420 -90
-396 -128
-384 -138
-460 -122
-456 -120
-404 -104
-460 -120
-480 -148
-460 -136
-456 -130
-456 -138
-436 -134
-416 -136
-536 -160
-524 -160
-552 -182
-476 -146
-484 -112
-480 -86
-484 -90
-440 -68
-492 -64
-488 -62
-488 -46
-460 -72
-460 -78
-452 -88
-420 -84
-400 -102
-396 -96
-400 -98
-404 -126
-432 -120
-448 -112
-480 -144
-472 -164
-464 -168
-452 -162
-384 -156
-476 -192
-412 -190
-420 -194
-448 -198
-432 -196
-432 -176
-460 -182
-468 -174
-460 -186
-472 -156
-488 -142
-424 -152
-376 -150
-404 -152
-408 -136
-432 -144
-468 -154
-396 -114
-444 -118
-472 -126
-444 -98
-440 -86
-444 -86
-456 -84
-444 -82
-440 -66
-448 -38
-440 -12
-460 -40
-436 -34
-412 -26
-476 -48
-444 -48
-468 -10
-476 30
-456 88
-432 42
-480 28
-452 -12
-416 34
-392 -4
-468 4
-440 -28
-456 -32
-464 -78
-536 -68
-456 -80
-428 -76
-460 -88
-484 -112
-468 -84
-472 -120
-464 -118
-464 -80
-428 -84
-468 -64
-468 -68
-444 -86
-428 -68
-440 -84
-416 -84
-392 -72
-436 -120
-404 -124
-404 -102
-452 -110
-444 -150
-432 -138
-500 -152
-488 -188
-464 -154
-460 -128
-440 -126
-404 -116
-392 -102
-440 -116
-492 -114
-464 -120
-480 -78
-432 -74
-436 -106
-476 -110
-492 -134
-412 -132
-464 -150
-500 -140
-512 -176
-420 -152
-444 -142
-468 -116
-464 -104
-428 -90
-452 -54
-456 -80
-456 -80
-488 -102
-452 -116
-460 -134
-412 -122
-404 -150
-476 -180
-440 -172
-448 -172
-468 -176
-496 -170
-492 -170
-476 -176
-464 -188
-452 -174
-464 -160
-412 -128
-384 -108
-492 -130
-536 -168
-560 -186
-536 -204
-528 -202
-520 -202
-536 -196
-544 -224
-516 -222
-512 -230
-512 -242
-524 -250
-512 -262
-500 -256
-528 -250
-508 -198
-516 -210
-528 -224
-520 -250
-516 -228
-532 -230
-528 -216
-416 -152
-388 -122
-424 -130
-412 -138
-408 -108
-416 -110
-444 -110
-444 -108
-440 -130
-464 -150
-480 -174
-496 -182
-452 -148
-472 -184
-512 -214
-560 -248
-484 -220
-428 -210
-464 -208
-408 -184
-416 -170
-424 -146
-464 -196
-416 -164
-444 -148
-436 -164
-412 -180
-404 -178
-468 -196
-476 -202
-472 -194
-476 -184
-488 -196
-532 -216
-576 -230
-552 -236
-520 -230
-516 -228
-484 -232
-536 -234
-476 -204
-464 -184
-484 -162
-476 -170
-452 -126
-384 -124
-420 -148
-432 -126
-408 -120
-432 -116
-388 -114
-380 -122
-452 -94
-480 -56
-428 -78
-416 -62
-432 -64
-464 -46
-440 -18
-424 -48
-468 -6
-472 -14
-440 -20
-432 4
-396 56
-440 36
-448 66
-392 50
-452 36
-480 54
-456 76
-472 98
-472 74
-456 76
-428 66
-448 86
-484 88
-492 104
-460 96
-432 106
-444 82
-452 76
-432 54
-416 74
-432 84
-448 106
-444 138
-420 106
-388 130
-404 114
-432 156
-476 186
-476 196
-432 170
-444 206
-488 198
-504 172
-452 170
-440 146
-392 160
-388 168
-392 150
-424 150
-476 162
-400 156
-420 154
-416 164
-436 182
-456 204
-436 192
-412 192
-448 226
-508 254
-496 254
-480 238
-500 234
-516 250
-516 258
-544 270
-556 292
-592 312
-508 290
-440 250
-488 274
-540 278
-568 282
-572 292
-508 258
-504 258
-548 234
-496 234
-516 260
-508 252
-476 250
-548 294
-564 312
-536 290
-564 312
-628 320
-640 332
-600 296
-552 294
-568 294
-532 290
-476 248
-480 244
-464 214
-500 250
-496 230
-536 268
-532 264
-584 274
-616 280
-536 258
-548 226
-536 222
-556 242
-544 244
-544 266
-528 242
-524 270
-456 258
-456 242
-472 274
-492 272
-520 272
-492 268
-508 270
-576 310
-564 314
-552 292
-504 278
-544 292
-524 294
-580 326
-620 340
-644 336
-616 328
-596 316
-620 322
-616 322
-644 346
-584 324
-532 314
-568 318
-540 300
-608 336
-668 356
-636 346
-672 364
-656 358
-588 330
-596 334
-592 328
-584 334
-552 318
-612 338
-564 314
-548 310
-564 304
-560 298
-492 278
-516 298
-544 308
-620 330
-596 320
-640 348
-640 338
-632 338
-588 330
-592 336
-548 318
-560 320
-652 352
-648 348
-632 338
-680 358
-628 342
-656 348
-604 330
-616 324
-624 324
-632 334
-580 314
-564 296
-620 322
-620 320
-608 308
-588 300
-596 314
-568 310
-572 304
-556 298
-600 308
-608 302
-576 292
-568 272
-568 282
-576 296
-552 280
-564 284
-560 296
-548 290
-508 282
-508 274
-540 284
-524 286
-568 288
-600 302
-604 304
-560 294
-596 294
-624 284
-604 268
-556 254
-504 234
-484 222
-516 232
-524 238
-532 242
-548 244
-532 236
-464 212
-460 188
-512 152
-484 128
-532 160
-516 150
-500 134
-484 146
-484 158
-420 138
-452 118
-460 102
-452 114
-436 130
-456 144
-456 132
-420 94
-432 56
-428 16
-432 10
-420 6
-468 -4
-480 -14
-452 -4
-476 18
-464 18
-436 -12
-480 -20
-464 32
-492 16
-500 10
-508 -12
-516 -14
-480 -14
-440 24
-476 -24
-444 -66
-464 -112
-472 -86
-428 -60
-404 -68
-400 -86
-424 -100
-480 -84
-464 -98
-524 -82
-500 -60
-464 -84
-500 -68
-424 -56
-396 -74
-408 -86
-428 -56
-440 -106
-460 -104
-468 -74
-452 -42
-472 -58
-468 -74
-484 -110
-464 -88
-512 -118
-480 -112
-496 -138
-468 -104
-440 -78
-444 -30
-456 -12
-480 -6
-448 -16
-440 20
-504 18
-512 -2
-468 -34
-460 -14
-492 -26
-396 -42
-408 -32
-456 -52
-500 -54
-524 -48
-464 -46
-456 -54
-532 -54
-464 -52
-408 -40
-456 -20
-508 -44
-516 -42
-536 -60
-520 -76
-524 -80
-540 -104
-512 -74
-452 -92
-488 -104
-440 -88
-472 -92
-444 -100
-460 -114
-452 -122
-472 -132
-464 -152
-508 -188
-496 -158
-500 -152
-468 -158
-472 -160
-420 -128
-424 -122
-424 -136
-376 -146
-392 -172
-440 -158
-388 -176
-380 -154
-388 -140
-392 -166
-388 -180
-456 -198
-436 -192
-432 -190
-464 -182
-432 -178
-464 -200
-460 -166
-476 -174
-476 -210
-448 -198
-396 -200
-388 -168
-468 -204
-460 -160
-488 -152
-492 -142
-460 -164
-412 -140
-400 -116
-408 -150
-396 -122
-352 -100
-336 -80
-408 -84
-428 -88
-460 -120
-468 -114
-392 -110
-444 -116
-424 -116
-384 -106
-432 -126
-388 -120
-424 -174
-416 -186
-452 -188
-464 -174
-476 -198
-448 -162
-500 -138
-432 -120
-456 -142
-460 -176
-416 -134
-456 -178
-416 -140
-452 -128
-476 -146
-468 -186
-480 -176
-472 -180
-460 -166
-368 -126
-380 -88
-360 -58
-388 -62
-400 -78
-428 -28
-412 -14
-384 14
-376 32
-392 16
-444 18
-452 60
-400 68
-416 98
-488 92
-488 96
-500 106
-492 106
-492 98
-464 70
-472 104
-520 152
-548 144
-576 156
-576 142
-516 154
-508 170
-460 126
-484 126
-524 148
-476 126
-476 108
-512 112
-508 104
-468 64
-432 84
-464 82
-472 84
-500 82
-444 84
-460 70
-452 68
-444 44
-428 16
-468 18
-472 2
-480 -26
-452 -16
-468 -12
-416 -36
-464 -82
-428 -76
-428 -44
-448 -46
-424 -62
-500 -58
-464 -84
-460 -112
-444 -104
-460 -80
-464 -102
-452 -68
-400 -66
-480 -42
-480 -48
-484 -36
-476 -66
-468 -44
-504 -34
-440 -12
-464 -18
-436 -52
-416 -28
-388 -30
-428 -26
-472 -8
-488 4
-432 -12
-416 -8
-456 -60
-448 -28
-440 -40
-472 -40
-468 -14
-440 -14
-472 -20
-452 -38
-452 -4
-476 -6
-460 -10
-476 -14
-444 -48
-436 -50
-468 -40
-492 -28
-500 4
-476 52
-464 40
-452 36
-452 72
-448 62
-452 86
-440 78
-460 80
-484 86
-464 38
-412 8
-396 16
-408 36
-388 62
-416 40
-400 66
-472 100
-440 102
-452 90
-432 100
-480 148
-484 168
-452 202
-452 212
-528 226
-512 244
-488 220
-512 230
-516 206
-504 216
-508 208
-476 204
-456 194
-504 216
-436 196
-408 164
-432 148
-396 132
-348 108
-340 116
-360 120
-436 118
-416 110
-404 148
-412 148
-372 142
-332 120
-372 132
-404 104
-448 100
-444 114
-452 120
-444 100
-472 76
-512 116
-444 140
-420 140
-460 148
-480 146
-492 174
-516 216
-600 238
-584 252
-512 250
-480 246
-484 242
-488 240
-500 212
-496 220
-508 210
-536 218
-524 208
-492 174
-528 176
-472 136
-464 158
-532 188
-520 218
-508 226
-560 262
-600 290
-576 280
-480 240
-528 262
-496 242
-484 252
-500 252
-460 220
-496 208
-492 218
-488 222
-456 200
-476 242
-552 282
-564 256
-520 228
-520 188
-476 206
-448 182
-488 158
-456 160
-452 142
-416 118
-388 116
-452 160
-476 200
-452 194
-464 186
-460 136
-484 170
-524 192
-508 206
-540 224
-528 244
-520 254
-544 284
-560 276
-528 240
-536 238
-512 242
-548 244
-504 248
-444 230
-476 240
-480 238
-512 230
-480 210
-496 188
-500 186
-416 168
-408 120
-368 130
-448 154
-404 136
-396 138
-440 164
-504 172
-428 152
-452 148
-424 134
-404 112
-440 64
-460 70
-448 50
-392 14
-384 2
-380 32
-432 36
-472 12
-468 20
-480 -8
-432 -14
-436 -42
-456 -48
-396 -38
-436 -30
-452 -20
-444 20
-432 14
-392 -8
-424 8
-424 18
-384 68
-384 52
-404 26
-352 36
-384 8
-400 50
-428 30
-412 42
-436 42
-472 62
-428 78
-464 102
-456 108
-472 108
-468 112
-464 124
-452 124
-452 140
-468 164
-472 154
-464 170
-488 194
-464 184
-480 192
-496 218
-500 228
-516 224
-520 228
-528 252
-556 226
-600 220
-556 198
-544 200
-532 208
-516 190
-496 190
-464 186
-456 176
-428 150
-464 134
-420 128
-424 112
-400 78
-456 134
-492 138
-460 120
-532 132
-520 108
-516 114
-464 112
-476 118
-480 144
-496 140
-444 146
-492 146
-500 160
-468 160
-472 162
-464 170
-480 176
-476 174
-504 174
-540 204
-496 188
-488 170
-480 176
-476 168
-504 148
-476 134
-544 114
-452 144
-472 126
-440 120
-424 118
-384 124
-396 82
-428 90
-452 140
-432 142
-480 132
-460 100
-452 64
-472 82
-492 86
-532 88
-544 76
-536 68
-508 62
-540 32
-500 50
-452 10
-456 -8
-468 -24
-480 -24
-432 -12
-460 -16
-500 14
-520 26
-520 56
-452 42
-436 44
-452 62
-500 80
-472 56
-496 52
-472 8
-448 18
-432 0
-436 6
-452 -6
-424 14
-448 48
-432 32
-452 52
-440 42
-464 52
-456 64
-476 88
-440 82
-476 90
-480 104
-500 104
-452 130
-460 98
-444 108
-488 128
-500 138
-508 164
-460 164
-456 168
-536 148
-516 150
-504 154
-472 152
-512 180
-508 170
-500 174
-496 216
-472 212
-504 212
-468 204
-436 208
-500 226
-524 214
-536 236
-524 224
-516 252
-536 258
-548 242
-528 262
-556 282
-584 294
-644 294
-644 288
-628 278
-596 274
-600 298
-552 278
-624 300
-568 274
-512 250
-484 234
-560 266
-500 264
-536 278
-568 300
-540 278
-532 278
-516 272
-480 248
-528 282
-556 294
-516 288
-496 282
-520 280
-560 300
-604 332
-604 330
-620 328
-588 314
-540 284
-476 248
-544 280
-492 256
-508 258
-548 264
-504 264
-460 244
-512 254
-540 258
-540 280
-520 280
-552 278
-516 274
-504 278
-532 290
-532 276
-468 248
-564 288
-548 286
-596 318
-584 312
-576 308
-572 318
-556 302
-600 314
-548 282
-572 306
-560 292
-608 308
-552 296
-512 266
-552 276
-540 260
-568 274
-608 304
-608 294
-564 276
-540 264
-576 282
-576 286
-564 288
-532 286
-528 254
-556 240
-504 248
-512 266
-520 262
-560 282
-560 288
-540 286
-524 278
-516 272
-528 278
-492 272
-500 278
-544 274
-552 284
-572 300
-584 298
-636 314
-568 288
-528 262
-544 264
-564 264
-504 240
-524 246
-576 270
-532 248
-512 250
-488 228
-464 200
-468 196
-448 184
-448 218
-420 204
-460 224
-568 272
-588 290
-624 326
-608 314
-612 324
-580 312
-544 292
-580 308
-576 298
-488 278
-460 254
-504 268
-496 246
-540 268
-516 230
-508 246
-528 216
-536 212
-468 174
-452 170
-448 166
-504 186
-500 198
-484 212
-528 236
-536 218
-544 226
-476 200
-488 222
-492 220
-496 230
-500 222
-480 210
-456 212
-524 214
-508 212
-520 212
-536 218
-516 212
-528 228
-500 232
-528 274
-500 276
-520 280
-568 304
-592 314
-560 294
-572 284
-508 276
-532 282
-588 290
-564 288
-588 288
-600 308
-632 322
-612 312
-576 302
-500 262
-564 252
-520 270
-544 276
-548 278
-520 284
-476 250
-476 248
-496 250
-468 226
-512 206
-548 232
-564 272
-528 256
-512 258
-536 266
-560 270
-548 280
-564 272
-568 282
-572 296
-504 276
-572 286
-592 308
-548 260
-552 258
-520 260
-512 260
-508 274
-472 248
-512 276
-520 262
-560 244
-492 242
-492 230
-524 250
-496 242
-472 244
-528 286
-532 272
-524 286
-496 246
-504 260
-520 248
-484 234
-504 234
-524 224
-456 206
-512 258
-488 256
-544 274
-548 290
-504 260
-488 258
-500 230
-436 156
-404 158
-420 118
-428 126
-420 120
-424 146
-448 132
-468 142
-432 142
-448 154
-456 176
-428 186
-444 154
-428 132
-428 138
-424 126
-436 132
-468 96
-456 116
-524 136
-464 104
-460 120
-476 162
-508 166
-500 188
-516 166
-552 224
-572 226
-576 264
-596 264
-588 272
-580 284
-532 268
-528 246
-512 232
-572 228
-500 200
-452 182
-452 154
-444 148
-408 118
-408 108
-424 100
-440 96
-444 56
-412 58
-476 64
-492 74
-476 104
-480 104
-448 88
-456 82
-440 62
-404 30
-404 34
-412 36
-396 58
-460 30
-496 28
-500 -26
-492 -28
-436 -12
-408 -16
-448 -60
-440 -14
-456 14
-484 -10
-456 40
-456 38
-452 2
-464 0
-488 -30
-476 -26
-456 -38
-436 -52
-468 -50
-440 -78
-428 -80
-452 -76
-464 -112
-424 -72
-424 -78
-432 -56
-360 -70
-396 -100
-392 -100
-440 -146
-424 -108
-408 -92
-440 -116
-408 -122
-432 -154
-464 -164
-524 -162
-428 -146
-436 -118
-404 -84
-432 -92
-464 -120
-428 -82
-468 -94
-420 -32
-452 -16
-444 -16
-484 -16
-524 -38
-484 2
-492 -18
-444 -36
-448 -56
-448 -44
-452 -56
-440 -38
-452 -58
-420 -32
-444 -36
-448 -54
-448 -32
-476 -22
-428 -28
-440 -54
-468 -80
-440 -114
-448 -150
-420 -146
-424 -178
-488 -202
-548 -232
-516 -230
-552 -234
-512 -238
-588 -258
-584 -250
-516 -258
-532 -230
-520 -226
-516 -234
-564 -234
-520 -250
-500 -228
-480 -212
-480 -220
-456 -224
-464 -200
-488 -210
-432 -188
-420 -148
-412 -134
-452 -136
-452 -142
-420 -114
-460 -160
-480 -170
-456 -162
-436 -176
-408 -154
-412 -154
-372 -140
-392 -168
-408 -178
-380 -174
-360 -150
-460 -174
-436 -112
-424 -106
-408 -72
-420 -100
-444 -94
-440 -100
-464 -130
-512 -132
-472 -98
-480 -100
-496 -98
-472 -78
-380 -80
-388 -70
-340 -36
-412 -68
-412 -68
-416 -96
-444 -98
-444 -82
-420 -72
-460 -84
-476 -52
-520 -74
-468 -56
-504 -90
-476 -90
-468 -86
-416 -76
-444 -66
-464 -72
-452 -38
-432 -78
-468 -78
-464 -80
-460 -66
-504 -66
-488 -86
-472 -54
-420 -60
-456 -88
-440 -102
-492 -98
-472 -112
-444 -122
-468 -118
-408 -148
-468 -172
-468 -174
-464 -136
-524 -156
-540 -172
-600 -186
-552 -160
-516 -172
-456 -156
-516 -150
-524 -144
-536 -138
-460 -136
-460 -128
-484 -140
-468 -110
-440 -106
-452 -88
-440 -88
-436 -86
-456 -90
-432 -94
-464 -118
-468 -126
-464 -118
-432 -90
-452 -84
-388 -66
-400 -46
-404 -54
-376 -28
-404 -22
-424 -48
-432 -38
-472 -42
-448 -4
-464 -4
-476 -10
-488 2
-432 22
-396 44
-472 32
-452 10
-488 22
-428 50
-444 32
-444 64
-456 44
-456 28
-476 40
-504 20
-452 0
-416 -28
-468 -2
-436 -10
-480 38
-504 96
-512 120
-436 92
-436 38
-460 -32
-496 -24
-492 -34
-496 -38
-480 -86
-444 -94
-460 -104
-428 -132
-468 -144
-440 -146
-444 -146
-420 -128
-404 -140
-348 -122
-376 -84
-400 -94
-440 -112
-424 -106
-424 -98
-412 -118
-432 -142
-476 -158
-492 -164
-460 -172
-476 -184
-452 -170
-436 -162
-500 -160
-488 -154
-512 -152
-460 -146
-436 -152
-468 -154
-512 -198
-488 -202
-524 -182
-564 -214
-536 -166
-472 -174
-492 -178
-516 -174
-516 -148
-508 -138
-468 -130
-468 -116
-468 -120
-472 -142
-496 -156
-488 -178
-540 -192
-524 -212
-556 -206
-564 -200
-444 -160
-464 -154
-448 -152
-492 -150
-512 -148
-496 -128
-524 -168
-480 -160
-524 -196
-492 -154
-504 -162
-524 -188
-500 -202
-500 -198
-556 -228
-572 -248
-592 -276
-572 -258
-544 -240
-548 -224
-568 -236
-536 -220
-500 -216
-488 -210
-544 -218
-488 -202
-520 -190
-528 -198
-576 -230
-540 -226
-564 -252
-540 -260
-468 -244
-556 -244
-556 -210
-520 -176
-480 -164
-468 -160
-452 -180
-440 -188
-500 -208
-496 -200
-544 -256
-540 -250
-520 -244
-500 -252
-484 -246
-520 -262
-488 -230
-516 -232
-536 -214
-528 -236
-504 -220
-452 -200
-552 -250
-472 -264
-508 -272
-572 -292
-492 -254
-464 -250
-488 -230
-468 -252
-476 -236
-500 -254
-484 -264
-500 -264
-536 -278
-584 -298
-556 -296
-572 -300
-564 -314
-504 -290
-452 -270
-448 -250
-476 -240
-448 -218
-476 -244
-488 -242
-508 -254
-516 -256
-500 -248
-496 -266
-472 -246
-536 -284
-552 -282
-528 -266
-612 -318
-572 -306
-572 -296
-576 -314
-564 -306
-580 -318
-536 -286
-524 -276
-572 -280
-544 -264
-564 -266
-560 -280
-564 -306
-568 -292
-536 -298
-500 -288
-536 -292
-572 -324
-600 -326
-632 -338
-572 -312
-548 -306
-572 -318
-556 -306
-528 -288
-584 -314
-552 -292
-564 -294
-564 -300
-580 -290
-552 -286
-592 -270
-588 -272
-552 -254
-580 -274
-580 -276
-628 -306
-612 -302
-592 -280
-548 -254
-536 -248
-500 -208
-512 -202
-468 -182
-476 -198
-500 -230
-492 -236
-456 -216
-452 -206
-484 -214
-524 -228
-468 -196
-476 -198
-524 -208
-484 -178
-476 -196
-540 -198
-556 -190
-552 -216
-488 -188
-532 -212
-492 -210
-488 -202
-536 -198
-532 -190
-516 -174
-512 -166
-516 -152
-520 -134
-520 -138
-548 -138
-568 -110
-512 -126
-500 -146
-480 -172
-444 -138
-456 -170
-428 -196
-504 -204
-524 -230
-532 -246
-556 -240
-572 -276
-548 -274
-544 -282
-556 -242
-588 -258
-612 -282
-564 -266
-568 -250
-552 -218
-568 -226
-540 -208
-548 -208
-568 -204
-580 -224
-596 -230
-568 -208
-572 -206
-512 -190
-532 -184
-484 -138
-500 -134
-508 -112
-508 -106
-520 -62
-488 -56
-440 -68
-488 -78
-500 -86
-456 -84
-492 -72
-456 -80
-496 -104
-496 -110
-476 -102
-440 -104
-428 -84
-428 -78
-404 -48
-440 -28
-476 -8
-484 -26
-484 -20
-436 -60
-436 -50
-452 -60
-476 -66
-516 -60
-508 -86
-488 -102
-504 -104
-464 -82
-456 -108
-492 -130
-476 -128
-460 -144
-496 -134
-496 -66
-464 -40
-432 -22
-404 -22
-392 -8
-408 18
-448 46
-436 78
-428 72
-436 74
-440 60
-424 66
-436 36
-432 60
-460 64
-424 60
-448 76
-480 98
-468 106
-476 94
-420 88
-444 66
-480 54
-496 54
-488 74
-456 108
-428 108
-412 118
-424 136
-452 148
-456 150
-456 158
-484 188
-476 168
-460 192
-460 186
-456 202
-472 208
-484 234
-468 248
-532 244
-512 226
-552 244
-548 224
-504 212
-484 216
-488 208
-460 204
-464 220
-480 234
-476 220
-520 246
-528 252
-544 254
-552 254
-604 272
-564 278
-540 286
-536 278
-568 276
-556 270
-560 272
-532 248
-524 256
-472 230
-504 244
-488 240
-480 234
-512 232
-524 232
-568 278
-520 248
-496 242
-540 264
-552 286
-532 274
-572 300
-540 282
-532 270
-520 280
-500 272
-516 290
-552 290
-568 286
-568 290
-584 304
-560 318
-608 334
-648 344
-660 352
-716 366
-644 354
-644 348
-620 330
-520 304
-568 312
-540 306
-564 314
-588 316
-624 344
-560 324
-612 334
-528 296
-600 326
-564 304
-552 300
-604 312
-560 296
-556 292
-556 290
-588 314
-540 294
-532 278
-508 276
-476 260
-536 288
-488 256
-508 248
-552 280
-544 270
-500 238
-576 266
-600 260
-572 244
-588 256
-548 252
-520 186
-528 184
-516 160
-508 176
-464 150
-472 180
-452 168
-412 140
-492 154
-480 118
-452 86
-480 90
-412 78
-408 70
-420 122
-448 126
-452 144
-488 122
-456 110
-452 96
-420 86
-384 72
-380 58
-372 60
-432 46
-424 40
-464 -4
-464 -16
-424 22
-420 58
-444 42
-436 38
-376 22
-424 24
-396 54
-424 66
-388 84
-412 106
-444 106
-436 114
-408 88
-412 130
-448 124
-484 122
-516 128
-536 144
-460 150
-512 182
-448 168
-464 168
-452 178
-432 180
-484 170
-516 162
-512 154
-500 148
-508 130
-512 156
-476 192
-528 204
-504 216
-520 212
-500 196
-452 208
-496 214
-492 206
-460 178
-488 216
-520 228
-516 236
-492 210
-460 168
-492 212
-472 214
-468 190
-440 188
-476 188
-508 194
-504 208
-500 190
-516 172
-484 116
-484 142
-444 96
-436 56
-472 38
-456 20
-464 6
-412 10
-420 22
-388 -6
-452 -20
-452 -4
-536 -20
-536 10
-524 20
-528 -12
-536 -32
-552 -36
-484 -16
-476 -32
-480 -26
-516 -34
-472 -24
-492 -22
-500 -30
-524 -28
-484 -24
-472 -22
-504 -34
-504 -50
-516 -12
-476 -8
-448 -8
-500 -20
-488 -20
-440 14
-416 28
-428 8
-424 2
-436 8
-436 20
-432 52
-400 32
-384 36
-448 40
-512 30
-504 22
-468 18
-448 16
-460 -16
-440 -40
-464 -18
-448 10
-428 10
-452 -10
-424 34
-444 52
-452 50
-464 -14
-464 -34
-496 -46
-464 -56
-472 -74
-452 -34
-428 14
-392 -8
-404 -8
-368 28
-420 6
-400 0
-400 -10
-392 -38
-428 -50
-472 -90
-480 -72
-520 -78
-492 -58
-516 -58
-508 -20
-476 -28
-476 -46
-480 -14
-492 -28
-468 4
-448 6
-436 -26
-412 30
-420 46
-464 74
-472 80
-500 78
-500 66
-500 68
-488 88
-464 84
-508 80
-468 60
-452 54
-384 68
-416 94
-452 54
-480 54
-468 32
-520 -2
-472 -2
-456 -20
-504 -44
-480 -40
-460 -42
-460 -32
-456 -68
-488 -124
-464 -134
-428 -102
-480 -110
-492 -148
-500 -122
-500 -146
-464 -168
-492 -188
-500 -220
-520 -232
-508 -232
-456 -204
-496 -232
-460 -236
-480 -240
-472 -230
-488 -248
-560 -278
-604 -274
-632 -296
-576 -274
-620 -312
-588 -308
-564 -300
-600 -310
-568 -290
-532 -250
-576 -256
-508 -240
-504 -252
-504 -250
-520 -256
-508 -234
-484 -200
-464 -204
-468 -228
-488 -236
-488 -244
-492 -226
-564 -220
-528 -208
-520 -216
-500 -198
-452 -170
-428 -170
-452 -158
-496 -182
-468 -180
-488 -154
-476 -158
-492 -138
-460 -144
-436 -146
-452 -166
-484 -174
-488 -190
-480 -192
-452 -184
-492 -204
-468 -206
-496 -248
-528 -256
-432 -222
-428 -222
-428 -238
-444 -242
-480 -244
-512 -278
-524 -280
-516 -264
-580 -298
-580 -306
-600 -308
-528 -268
-488 -250
-480 -248
-452 -238
-476 -246
-488 -242
-496 -256
-524 -268
-480 -272
-492 -268
-524 -278
-496 -246
-544 -262
-568 -292
-524 -282
-540 -292
-564 -296
-552 -276
-544 -276
-600 -300
-532 -284
-504 -266
-504 -274
-536 -274
-472 -248
-512 -254
-532 -270
-528 -264
-532 -244
-528 -258
-552 -276
-572 -310
-636 -334
-664 -326
-568 -294
-544 -290
-540 -286
-552 -298
-568 -300
-508 -270
-524 -248
-492 -238
-484 -240
-524 -262
-488 -244
-496 -210
-468 -222
-428 -214
-432 -220
-440 -216
-464 -224
-488 -234
-496 -282
-476 -268
-508 -266
-468 -234
-464 -208
-456 -182
-480 -188
-404 -166
-392 -144
-416 -104
-388 -58
-408 -70
-444 -96
-448 -42
-432 -70
-436 -82
-448 -74
-400 -72
-432 -56
-476 -80
-468 -82
-476 -66
-464 -74
-408 -72
-376 -66
-468 -68
-420 -50
-416 -56
-420 -2
-392 -42
-364 26
-392 36
-416 12
-432 -32
-432 -12
-376 -18
-396 14
-380 -42
-428 2
-416 -44
-432 -78
-440 -62
-444 -70
-440 -62
-416 -58
-408 -60
-432 -110
-436 -134
-468 -154
-460 -130
-460 -162
-468 -136
-476 -146
-444 -144
-452 -144
-380 -116
-400 -138
-416 -124
-416 -182
-440 -158
-420 -140
-456 -190
-480 -192
-460 -200
-572 -234
-560 -214
-568 -208
-564 -186
-516 -168
-504 -150
-460 -160
-460 -148
-528 -168
-496 -140
-460 -132
-452 -124
-536 -134
-504 -144
-528 -140
-528 -134
-532 -130
-532 -134
-532 -130
-508 -140
-504 -162
-504 -166
-496 -186
-484 -196
-536 -198
-500 -178
-448 -136
-424 -172
-408 -164
-448 -136
-476 -146
-464 -156
-448 -134
-444 -180
-464 -204
-512 -192
-440 -180
-420 -186
-424 -192
-456 -184
-432 -176
-456 -182
-440 -156
-396 -108
-396 -130
-412 -160
-432 -172
-428 -150
-484 -190
-448 -166
-452 -156
-444 -158
-448 -158
-468 -164
-456 -170
-500 -166
-504 -160
-488 -176
-492 -224
-512 -236
-548 -228
-572 -202
-532 -184
-552 -204
-548 -210
-532 -178
-560 -182
-540 -144
-472 -162
-440 -158
-464 -204
-408 -204
-432 -208
-476 -194
-472 -170
-472 -170
-460 -150
-392 -136
-432 -126
-428 -132
-452 -136
-476 -132
-500 -164
-496 -146
-492 -144
-540 -164
-524 -172
-544 -180
-500 -136
-496 -158
-532 -158
-508 -160
-440 -126
-476 -130
-484 -142
-492 -148
-476 -146
-484 -152
-476 -112
-460 -112
-468 -108
-448 -112
-448 -94
-384 -100
-396 -82
-372 -88
-336 -78
-400 -90
-424 -116
-504 -158
-484 -192
-488 -182
-496 -184
-460 -214
-476 -236
-516 -252
-524 -268
-512 -256
-468 -236
-468 -184
-448 -192
-396 -162
-428 -178
-420 -172
-452 -184
-444 -164
-452 -184
-444 -154
-460 -166
-432 -156
-376 -108
-364 -106
-388 -76
-436 -76
-448 -114
-472 -132
-432 -158
-416 -150
-464 -142
-408 -150
-364 -138
-440 -130
-468 -136
-484 -124
-460 -106
-464 -148
-440 -176
-416 -178
-424 -178
-344 -144
-360 -164
-412 -192
-408 -184
-472 -200
-460 -220
-492 -240
-544 -278
-544 -262
-556 -288
-508 -282
-552 -306
-608 -314
-532 -300
-544 -296
-552 -278
-512 -258
-492 -230
-492 -228
-528 -196
-536 -246
-540 -254
-468 -218
-472 -226
-464 -226
-492 -240
-468 -246
-512 -278
-508 -276
-516 -284
-604 -298
-528 -284
-592 -302
-552 -308
-556 -314
-552 -312
-600 -332
-560 -316
-624 -346
-600 -326
-612 -326
-536 -294
-552 -294
-532 -284
-580 -302
-552 -284
-540 -288
-544 -296
-596 -310
-504 -270
-532 -274
-512 -262
-460 -246
-452 -254
-448 -236
-504 -280
-556 -290
-552 -282
-552 -300
-536 -270
-528 -256
-540 -250
-504 -236
-488 -222
-540 -232
-564 -216
-540 -226
-528 -216
-488 -184
-456 -170
-468 -184
-500 -196
-484 -184
-512 -210
-484 -198
-548 -242
-540 -242
-584 -250
-492 -216
-484 -222
-488 -218
-536 -226
-572 -228
-552 -222
-584 -242
-580 -242
-540 -232
-516 -244
-512 -248
-528 -232
-552 -226
-556 -254
-492 -244
-524 -240
-460 -212
-448 -196
-456 -196
-520 -234
-496 -246
-516 -240
-528 -252
-456 -234
-528 -264
-564 -284
-552 -284
-548 -308
-528 -276
-532 -264
-524 -268
-540 -282
-528 -296
-584 -296
-580 -308
-588 -304
-564 -296
-472 -266
-516 -286
-548 -282
-564 -292
-576 -294
-516 -274
-472 -262
-508 -270
-528 -266
-540 -282
-488 -262
-488 -270
-464 -224
-504 -236
-536 -250
-548 -248
-544 -248
-532 -250
-508 -262
-468 -246
-520 -284
-580 -306
-616 -300
-656 -316
-588 -294
-596 -292
-528 -278
-540 -288
-560 -292
-588 -310
-572 -300
-564 -298
-528 -278
-564 -296
-532 -276
-592 -280
-572 -288
-548 -282
-540 -256
-496 -244
-484 -216
-472 -212
-480 -212
-504 -236
-480 -224
-536 -262
-556 -288
-552 -282
-480 -260
-512 -284
-544 -310
-572 -322
-604 -326
-624 -340
-600 -332
-520 -298
-540 -318
-568 -324
-588 -340
-668 -364
-656 -360
-680 -360
-644 -350
-580 -328
-576 -322
-584 -324
-632 -340
-588 -316
-572 -304
-584 -314
-580 -320
-624 -342
-592 -326
-540 -302
-524 -286
-444 -244
-440 -218
-448 -218
-460 -236
-456 -244
-472 -254
-520 -268
-516 -246
-492 -252
-528 -262
-580 -278
-564 -282
-548 -278
-556 -242
-496 -228
-528 -220
-512 -216
-472 -214
-480 -210
-524 -196
-476 -178
-480 -182
-452 -164
-484 -158
-376 -120
-476 -136
-500 -158
-456 -156
-420 -144
-420 -154
-472 -154
-452 -150
-472 -154
-488 -144
-432 -130
-432 -120
-440 -130
-488 -196
-488 -160
-436 -130
-428 -138
-480 -152
-508 -140
-496 -134
-428 -124
-496 -134
-444 -114
-424 -118
-448 -110
-440 -134
-424 -96
-432 -96
-436 -76
-460 -60
-480 -78
-452 -104
-480 -92
-468 -100
-544 -126
-520 -132
-480 -110
-460 -66
-480 -98
-496 -108
-504 -118
-500 -136
-512 -160
-484 -164
-504 -200
-544 -216
-532 -218
-544 -228
-476 -208
-556 -230
-540 -228
-520 -206
-528 -218
-464 -198
-468 -180
-504 -232
-568 -252
-528 -230
-528 -254
-512 -252
-520 -264
-516 -288
-528 -278
-532 -298
-540 -290
-540 -304
-528 -294
-536 -290
-560 -304
-616 -328
-544 -278
-540 -284
-508 -280
-500 -252
-532 -260
-432 -224
-464 -224
-468 -192
-464 -184
-496 -184
-432 -156
-388 -174
-404 -172
-376 -132
-440 -148
-440 -184
-468 -182
-452 -184
-420 -160
-368 -160
-424 -174
-432 -176
-448 -168
-456 -164
-464 -148
-448 -148
-420 -124
-420 -130
-424 -118
-476 -82
-508 -126
-520 -146
-580 -144
-596 -114
-520 -90
-520 -68
-556 -68
-528 -72
-516 -78
-452 -102
-460 -106
-472 -96
-520 -64
-488 -96
-516 -112
-540 -132
-536 -166
-544 -186
-520 -216
-544 -240
-516 -226
-472 -228
-472 -202
-512 -242
-540 -248
-540 -264
-508 -234
-500 -228
-528 -244
-504 -210
-472 -206
-480 -208
-516 -236
-524 -248
-536 -258
-576 -258
-564 -250
-592 -288
-616 -326
-580 -320
-568 -298
-540 -294
-508 -242
-508 -238
-544 -266
-520 -280
-564 -302
-576 -320
-572 -328
-580 -326
-540 -320
-540 -314
-544 -302
-488 -288
-520 -290
-552 -298
-572 -312
-564 -298
-592 -300
-572 -310
-556 -304
-552 -292
-556 -276
-584 -266
-540 -234
-552 -212
-552 -244
-512 -200
-488 -200
-516 -212
-480 -168
-484 -172
-468 -194
-476 -160
-428 -144
-480 -134
-508 -108
-464 -92
-460 -60
-396 -76
-400 -74
-428 -64
-416 -52
-436 -60
-468 -50
-456 -58
-444 -52
-436 -42
-416 -40
-412 -30
-432 -16
-444 -28
-404 -4
-416 18
-456 6
-476 -2
-460 -18
-456 -36
-468 -56
-420 -54
-424 -80
-420 -90
-408 -116
-436 -140
-408 -134
-492 -158
-472 -130
-484 -162
-516 -192
-468 -202
-468 -224
-472 -232
-488 -230
-492 -220
-532 -232
-524 -238
-532 -250
-544 -258
-572 -280
-548 -276
-568 -276
-584 -300
-560 -284
-592 -290
-616 -308
-660 -312
-656 -320
-644 -318
-648 -328
-640 -338
-612 -338
-628 -342
-584 -330
-564 -318
-584 -312
-576 -312
-580 -302
-572 -300
-524 -292
-504 -230
-500 -254
-508 -276
-536 -286
-564 -298
-588 -304
-572 -288
-528 -262
-564 -284
-584 -278
-584 -262
-556 -260
-516 -262
-524 -268
-528 -274
-472 -254
-444 -222
-432 -246
-520 -284
-540 -302
-552 -308
-520 -288
-568 -314
-592 -326
-572 -310
-596 -292
-592 -286
-560 -308
-624 -332
-568 -320
-512 -288
-532 -286
-560 -284
-576 -316
-528 -294
-524 -294
-544 -288
-576 -292
-568 -282
-548 -278
-528 -258
-508 -252
-508 -246
-552 -292
-532 -262
-520 -244
-520 -226
-540 -214
-508 -224
-552 -234
-564 -238
-476 -228
-488 -238
-524 -248
-552 -218
-524 -208
-540 -230
-528 -236
-504 -204
-540 -200
-516 -202
-512 -194
-524 -214
-488 -234
-456 -214
-460 -224
-444 -200
-492 -214
-492 -232
-496 -250
-544 -258
-536 -252
-504 -230
-532 -268
-564 -284
-580 -282
-532 -268
-512 -258
-556 -274
-548 -254
-544 -246
-564 -264
-552 -226
-508 -202
-536 -218
-512 -222
-508 -240
-464 -214
-468 -200
-464 -208
-504 -216
-520 -246
-532 -262
-532 -288
-508 -276
-504 -262
-564 -296
-584 -304
-552 -278
-528 -268
-576 -282
-544 -286
-548 -280
-564 -264
-480 -230
-496 -244
-492 -240
-528 -292
-544 -298
-544 -306
-576 -308
-596 -312
-600 -326
-628 -332
-644 -344
-592 -322
-572 -312
-552 -308
-548 -294
-632 -326
-616 -306
-580 -274
-584 -272
-592 -292
-584 -304
-532 -278
-548 -268
-540 -262
-520 -242
-464 -208
-500 -216
-508 -198
-532 -196
-472 -180
-496 -162
-464 -190
-476 -152
-512 -160
-472 -152
-468 -132
-488 -96
-464 -98
-500 -112
-444 -86
-492 -90
-524 -98
-548 -124
-492 -92
-468 -78
-472 -74
-468 -76
-460 -82
-468 -98
-472 -96
-468 -64
-480 -44
-480 -32
-516 -52
-500 -98
-480 -110
-432 -100
-424 -112
-472 -110
-468 -124
-468 -120
-444 -136
-444 -132
-400 -84
-408 -88
-428 -64
-372 -52
-404 -56
-448 -40
-436 -56
-412 -70
-396 -64
-428 -64
-444 -28
-420 0
-404 -14
-444 66
-456 72
-392 46
-400 84
-432 114
-448 132
-440 162
-408 144
-416 150
-440 142
-444 96
-432 104
-440 126
-476 130
-460 120
-460 116
-444 80
-404 60
-416 104
-460 90
-428 88
-372 108
-436 68
-452 92
-452 82
-424 70
-496 98
-488 112
-504 100
-512 92
-508 100
-540 114
-484 136
-504 144
-452 122
-444 96
-412 106
-488 124
-472 120
-456 128
-480 96
-500 102
-504 88
-480 76
-496 24
-460 30
-468 70
-476 100
-408 78
-460 106
-436 62
-408 72
-480 76
-488 46
-456 32
-436 44
-464 6
-460 -26
-352 -58
-396 -28
-392 -12
-416 -28
-408 -18
-396 -42
-360 -94
-384 -108
-380 -90
-384 -66
-376 -40
-332 -42
-372 -32
-424 -28
-396 0
-424 -16
-460 20
-388 4
-380 16
-444 2
-500 4
-468 -2
-524 18
-452 24
-440 2
-464 -48
-476 -82
-440 -152
-448 -150
-456 -144
-480 -134
-424 -106
-404 -114
-436 -108
-404 -58
-376 -54
-424 -90
-448 -106
-448 -110
-488 -130
-464 -132
-500 -132
-420 -90
-428 -96
-460 -100
-468 -116
-512 -106
-484 -106
-500 -82
-416 -60
-484 -42
-480 -80
-492 -94
-480 -104
-480 -120
-492 -146
-476 -136
-504 -138
-512 -140
-500 -174
-484 -172
-480 -166
-488 -188
-468 -190
-456 -202
-444 -208
-512 -214
-500 -208
-464 -212
-440 -208
-480 -236
-440 -232
-528 -270
-568 -284
-576 -302
-552 -308
-572 -322
-600 -340
-656 -350
-592 -330
-588 -326
-560 -304
-528 -282
-460 -252
-512 -278
-532 -276
-580 -294
-592 -296
-592 -268
-540 -246
-568 -252
-536 -266
-504 -254
-508 -258
-540 -274
-548 -280
-552 -278
-584 -268
-576 -292
-580 -288
-532 -300
-568 -292
-528 -268
-532 -268
-588 -286
-536 -276
-500 -248
-512 -240
-512 -238
-516 -246
-480 -246
-520 -252
-536 -250
-560 -264
-540 -284
-560 -300
-516 -282
-552 -260
-512 -252
-428 -228
-460 -238
-460 -220
-408 -196
-440 -216
-484 -218
-492 -220
-532 -274
-536 -284
-488 -236
-500 -244
-468 -264
-488 -252
-556 -288
-524 -274
-536 -260
-532 -260
-564 -258
-556 -268
-564 -280
-604 -302
-548 -282
-572 -288
-504 -264
-468 -252
-492 -268
-548 -268
-540 -258
-512 -262
-464 -230
-500 -260
-504 -256
-552 -280
-488 -250
-456 -226
-572 -296
-576 -300
-528 -272
-508 -264
-544 -274
-556 -286
-616 -310
-620 -324
-572 -320
-604 -334
-516 -300
-620 -312
-596 -316
-640 -338
-636 -332
-636 -342
-604 -336
-532 -312
-596 -316
-540 -314
-592 -322
-580 -296
-584 -292
-496 -278
-504 -280
-516 -288
-544 -298
-568 -296
-548 -302
-592 -324
-548 -276
-528 -274
-552 -296
-572 -292
-500 -248
-508 -260
-524 -258
-524 -236
-524 -242
-596 -272
-600 -264
-540 -260
-544 -264
-552 -260
-492 -254
-508 -264
-492 -238
-480 -194
-464 -174
