-8 26
-228 24
-364 26
-388 30
-380 22
-380 30
-340 28
-344 16
-368 40
-356 78
-380 78
-376 80
-396 104
-376 108
-424 130
-492 114
-440 134
-424 136
-424 92
-452 128
-404 150
-436 138
-416 144
-500 162
-472 154
-504 124
-516 80
-452 106
-488 116
-436 72
-420 90
-416 92
-384 118
-400 98
-428 90
-436 52
-440 70
-444 56
-460 112
-476 96
-472 62
-504 74
-524 78
-504 44
-496 6
-500 20
-472 20
-444 26
-404 28
-396 4
-408 16
-420 38
-428 6
-408 8
-416 12
-448 16
-364 10
-336 8
-356 16
-396 8
-372 26
-428 0
-424 20
-456 4
-456 24
-440 26
-476 32
-484 38
-448 24
-460 20
-476 44
-504 14
-504 10
-476 32
-436 34
-460 50
-400 42
-436 40
-464 62
-508 112
-488 126
-512 128
-484 132
-472 146
-484 132
-396 80
-396 74
-452 20
-464 4
-408 44
-404 12
-420 24
-404 12
-444 22
-436 10
-464 30
-496 42
-440 62
-392 50
-380 46
-444 36
-440 58
-472 64
-416 30
-444 24
-456 18
-444 4
-424 32
-424 8
-432 6
-420 6
-472 20
-468 20
-464 4
-444 14
-412 38
-424 48
-456 54
-432 82
-408 64
-436 36
-440 12
-360 30
-416 54
-424 78
-428 48
-436 34
-412 32
-376 24
-368 10
-448 34
-460 4
-428 4
-464 8
-464 2
-444 16
-472 16
-448 32
-464 20
-504 26
-544 50
-484 52
-420 52
-460 84
-440 68
-404 42
-400 46
-404 48
-436 26
-444 46
-432 10
-404 14
-444 10
-416 2
-432 8
-440 0
-448 16
-472 20
-472 22
-440 12
-444 12
-492 4
-496 20
-504 42
-460 36
-456 14
-480 2
-488 34
-488 44
-548 84
-568 100
-596 126
-556 120
-528 120
-460 134
-464 132
-412 118
-464 100
-444 98
-432 96
-448 92
-404 110
-440 126
-440 106
-424 148
-424 128
-460 130
-396 88
-392 46
-392 68
-404 68
-452 72
-384 48
-428 12
-440 40
-360 34
-396 54
-408 60
-436 72
-408 88
-408 78
-440 72
-424 36
-452 24
-424 30
-448 36
-444 50
-416 4
-452 26
-452 80
-492 66
-432 58
-424 62
-460 62
-432 38
-444 40
-412 22
-392 34
-412 82
-460 60
-492 72
-504 104
-452 148
-460 126
-448 130
-420 150
-448 174
-452 164
-448 162
-472 170
-480 170
-484 138
-472 152
-456 154
-416 150
-400 140
-464 148
-440 154
-452 166
-472 198
-504 228
-516 264
-532 270
-516 264
-492 226
-484 232
-408 220
-456 232
-464 222
-484 244
-552 266
-520 264
-524 246
-508 228
-464 196
-464 186
-460 166
-416 142
-424 150
-472 156
-476 114
-480 108
-464 86
-480 116
-484 132
-508 128
-528 98
-480 132
-456 132
-472 156
-408 122
-456 132
-440 164
-468 164
-480 146
-440 154
-436 168
-460 196
-460 190
-464 150
-432 178
-440 162
-476 162
-512 148
-504 134
-500 118
-508 116
-484 126
-492 120
-480 136
-512 148
-476 132
-492 162
-464 134
-476 124
-424 114
-432 144
-480 156
-492 172
-488 178
-472 210
-508 224
-504 226
-508 246
-488 216
-484 210
-492 200
-480 180
-488 186
-472 208
-492 208
-528 196
-576 192
-536 176
-524 188
-492 190
-456 182
-472 180
-472 172
-500 182
-528 222
-504 216
-560 222
-580 234
-520 228
-528 238
-560 256
-560 248
-520 244
-544 252
-568 266
-584 298
-556 276
-560 252
-540 216
-468 202
-516 222
-516 230
-488 216
-528 228
-532 232
-480 222
-472 214
-496 220
-484 232
-504 254
-520 224
-496 226
-524 222
-524 222
-552 258
-544 244
-520 264
-452 238
-512 246
-504 210
-524 232
-540 258
-488 232
-468 210
-536 260
-508 264
-544 266
-516 250
-460 214
-456 216
-508 212
-500 198
-484 214
-444 222
-464 226
-420 188
-504 212
-496 228
-488 236
-416 240
-464 242
-464 246
-488 260
-508 296
-520 284
-584 318
-588 306
-552 298
-532 310
-564 316
-560 304
-536 298
-560 304
-604 318
-548 300
-516 290
-528 268
-496 274
-540 296
-472 250
-512 262
-516 238
-520 234
-500 230
-532 246
-572 284
-540 268
-544 272
-544 254
-540 256
-520 260
-580 274
-568 290
-584 280
-556 268
-492 250
-516 262
-536 284
-592 286
-592 292
-616 310
-540 290
-568 290
-584 286
-584 312
-544 308
-504 282
-548 284
-568 278
-532 254
-532 246
-516 246
-528 236
-492 212
-484 204
-440 202
-492 230
-536 224
-484 208
-528 218
-528 234
-440 180
-480 196
-412 174
-472 162
-508 206
-488 228
-508 244
-480 248
-520 264
-528 268
-580 260
-552 242
-504 244
-520 224
-544 244
-496 244
-540 236
-524 230
-540 222
-516 206
-532 208
-480 214
-484 222
-524 242
-488 198
-428 180
-464 202
-500 204
-440 190
-460 160
-468 156
-488 168
-480 146
-524 178
-508 202
-504 174
-444 144
-452 152
-464 140
-496 144
-508 132
-516 154
-480 134
-456 136
-484 162
-504 180
-484 146
-504 134
-448 114
-464 122
-512 146
-496 180
-524 174
-464 122
-468 160
-480 142
-500 172
-492 174
-476 176
-500 192
-508 200
-496 198
-496 198
-472 212
-448 170
-432 170
-496 214
-456 194
-464 220
-496 224
-488 190
-492 178
-468 150
-384 130
-372 130
-376 116
-448 148
-448 144
-436 138
-448 138
-428 152
-448 178
-420 160
-404 170
-400 218
-460 252
-444 226
-464 224
-488 246
-508 258
-496 278
-548 292
-520 286
-516 272
-480 264
-524 268
-520 254
-516 232
-540 230
-540 242
-496 222
-432 200
-464 212
-500 236
-500 206
-448 196
-444 198
-456 198
-460 224
-412 208
-436 210
-444 224
-528 238
-556 274
-612 288
-592 288
-620 310
-576 308
-572 298
-576 314
-600 330
-592 332
-560 314
-568 300
-532 300
-592 326
-556 318
-536 294
-576 318
-548 310
-616 328
-560 316
-592 332
-616 328
-560 304
-588 290
-548 286
-560 294
-556 292
-588 294
-564 306
-556 304
-640 350
-656 354
-632 344
-584 326
-596 330
-536 304
-564 300
-572 308
-564 304
-556 304
-512 300
-488 292
-512 290
-460 248
-504 250
-500 236
-504 250
-496 230
-516 250
-492 232
-520 276
-544 280
-584 294
-528 266
-548 262
-536 252
-492 258
-548 274
-564 292
-568 288
-552 304
-556 292
-584 300
-516 272
-552 286
-596 312
-572 296
-556 292
-556 300
-588 326
-604 310
-584 288
-524 280
-596 302
-556 302
-592 304
