-12 6
-548 276
-512 286
-572 304
-556 300
-572 306
-592 300
-572 304
-520 278
-556 284
-552 290
-592 320
-564 314
-608 330
-628 334
-620 322
-608 324
-556 308
-552 294
-600 314
-592 316
-588 316
-592 316
-628 322
-584 310
-652 340
-580 302
-548 292
-604 314
-572 308
-576 322
-564 302
-552 300
-596 322
-560 302
-584 298
-596 298
-628 302
-600 310
-576 302
-636 322
-620 320
-572 308
-636 338
-612 330
-624 340
-644 356
-668 356
-608 320
-628 322
-636 340
-676 348
-668 342
-664 346
-644 342
-648 352
-600 338
-676 358
-644 346
-636 346
-660 346
-620 332
-640 338
-648 354
-688 368
-668 358
-588 324
-644 352
-636 338
-628 326
-652 342
-692 360
-696 360
-632 338
-588 312
-644 346
-660 350
-708 376
-700 372
-692 362
-616 336
-620 332
-620 340
-620 334
-672 356
-676 360
-680 368
-620 350
-624 346
-616 342
-628 340
-592 330
-636 334
-644 344
-636 336
-648 334
-652 340
-628 336
-664 332
-608 330
-604 328
-624 328
-600 328
-604 324
-632 332
-660 348
-608 338
-560 302
-540 290
-532 274
-584 312
-628 330
-600 322
-600 308
-572 290
-544 282
-556 296
-580 312
-560 304
-576 302
-568 286
-540 276
-588 314
-592 302
-576 306
-600 324
-584 326
-576 304
-532 294
-564 306
-556 308
-544 290
-556 312
-588 314
-620 332
-640 340
-588 328
-636 350
-656 340
-660 350
-644 346
-652 352
-644 336
-596 326
-584 300
-600 308
-536 296
-576 314
-636 344
-600 334
-604 338
-616 334
-636 328
-592 324
-596 320
-608 326
-560 316
-584 310
-612 306
-604 310
-624 330
-580 316
-580 310
-592 298
-604 326
-676 366
-684 358
-688 346
-668 346
-660 338
-640 342
-616 334
-628 342
-632 336
-640 346
-656 350
-596 332
-596 326
-628 338
-628 344
-592 326
-584 316
-548 310
-544 294
-528 272
-560 278
-568 290
-600 322
-648 344
-632 336
-668 356
-644 344
-640 346
-608 338
-592 330
-656 348
-660 348
-616 332
-628 318
-624 306
-620 292
-616 302
-588 310
-616 332
-620 332
-592 328
-644 348
-652 350
-592 324
-636 332
-616 324
-616 334
-584 304
-580 292
-540 278
-568 306
-560 290
-620 314
-560 290
-552 270
-564 260
-544 264
-600 302
-592 286
-600 310
-540 276
-520 252
-556 262
-532 252
-564 252
-620 280
-600 274
-572 272
-572 278
-564 282
-584 284
-576 274
-548 262
-496 232
-456 204
-508 222
-564 252
-584 292
-648 322
-636 318
-592 306
-592 306
-572 286
-564 276
-584 296
-576 284
-552 286
-592 314
-604 316
-628 342
-644 338
-632 322
-652 348
-656 342
-688 354
-660 352
-652 348
-640 348
-620 336
-612 334
-644 342
-692 356
-704 364
-708 364
-692 366
-656 352
-628 336
-660 350
-608 332
-580 300
-572 310
-628 324
-632 338
-632 332
-612 330
-656 338
-608 338
-632 340
-608 320
-628 330
-628 326
-624 342
-668 362
-672 362
-680 356
-616 318
-608 332
-608 328
-612 332
-592 322
-620 330
-688 366
-660 356
-632 332
-624 332
-644 336
-672 350
-612 344
-676 360
-684 366
-680 366
-684 356
-660 344
-664 352
-672 354
-648 338
-640 334
-604 326
-624 324
-596 300
-600 294
-656 320
-588 312
-596 322
-592 312
-584 320
-540 292
-556 280
-584 292
-588 312
-592 322
-548 302
-564 304
-520 286
-564 308
-600 320
-584 312
-592 328
-648 344
-628 346
-640 342
-648 344
-680 328
-676 346
-684 346
-680 346
-696 352
-656 348
-660 356
-632 344
-664 348
-660 340
-648 336
-600 326
-636 318
-616 314
-604 308
-612 316
-576 294
-616 312
-620 322
-644 336
-616 318
-548 300
-624 338
-596 328
-576 312
-580 312
-632 342
-632 336
-616 326
-604 332
-600 332
-612 340
-640 348
-680 356
-672 356
-672 356
-636 338
-616 326
-632 338
-560 314
-608 328
-592 324
-580 314
-536 298
-600 326
-648 348
-616 328
-628 322
-620 314
-600 318
-616 334
-596 322
-616 306
-616 306
-556 290
-628 326
-596 304
-588 304
-604 288
-636 324
-616 316
-608 328
-588 316
-592 318
-596 322
-612 342
-632 352
-600 332
-612 330
-584 314
-624 320
-660 336
-648 318
-600 300
-576 308
-644 342
-660 344
-644 340
-600 324
-564 316
-568 316
-528 284
-632 344
-640 356
-632 332
-628 332
-648 336
-612 326
-636 346
-604 328
-640 340
-644 344
-668 350
-660 342
-628 334
-644 340
-600 326
-648 346
-628 334
-668 336
-648 340
-648 346
-644 352
-644 344
-648 348
-660 352
-620 336
-600 328
-596 320
-556 294
-592 312
-584 310
-612 322
-564 296
-624 314
-600 316
-632 328
-620 320
-636 326
-628 318
-588 292
-592 272
-604 284
-640 278
-644 278
-568 244
-564 222
-596 252
-564 246
-528 242
-580 262
-544 230
-528 230
-528 226
-536 222
-548 224
-572 228
-576 220
-548 224
-556 232
-588 256
-592 256
-536 260
-512 232
-556 222
-520 200
-520 216
-500 238
-548 232
-536 232
-536 228
-592 242
-588 252
-568 244
-524 240
-552 228
-532 220
-556 254
-552 242
-608 250
-544 244
-568 242
-564 258
-568 248
-568 250
-572 242
-544 244
-552 254
-568 262
-568 254
-588 258
-624 278
-576 260
-556 234
-552 246
-560 268
-552 238
-516 222
-612 270
-580 238
-552 240
-540 208
-552 216
-512 206
-532 220
-496 200
-532 232
-508 224
-528 220
-536 194
-548 188
-552 194
-592 206
-544 200
-544 222
-508 214
-508 218
-552 212
-580 242
-548 252
-584 284
-656 308
-632 294
-644 308
-620 278
-656 258
-596 242
-592 246
-580 232
-548 216
-608 218
-572 208
-588 238
-552 244
-564 242
-488 238
-528 272
-568 282
-584 308
-576 304
-608 314
-640 328
-648 332
-684 352
-644 346
-676 362
-732 380
-760 390
-700 366
-660 354
-660 356
-636 350
-592 334
-596 322
-632 330
-592 304
-664 324
-600 300
-624 322
-640 324
-604 324
-632 338
-584 316
-556 298
-604 310
-548 292
-556 296
-572 310
-544 278
-584 318
-616 336
-636 344
-616 330
-612 328
-680 358
-700 366
-644 340
-608 328
-624 324
-584 320
-572 308
-604 316
-568 300
-560 298
-600 318
-552 312
-616 326
-572 318
-580 320
-588 314
-596 302
-576 298
-612 320
-616 326
-592 292
-612 308
-644 312
-620 318
-636 318
-580 294
-576 302
-572 294
-612 338
-620 334
-604 326
-588 318
-588 316
-524 284
-520 292
-556 296
-580 318
-628 324
-588 322
-596 328
-576 322
-520 300
-540 308
-576 316
-588 322
-576 308
-584 298
-564 306
-572 302
-596 302
-564 308
-600 338
-616 346
-676 360
-648 352
-640 348
-640 342
-652 340
-608 334
-596 324
-628 336
-636 338
-592 338
-632 346
-660 350
-560 322
-608 342
-656 350
-600 330
-572 308
-584 310
-600 328
-608 326
-628 344
-652 352
-660 348
-644 346
-664 352
-704 372
-700 364
-676 358
-656 346
-632 320
-636 322
-608 326
-616 320
-624 334
-612 322
-600 322
-588 308
-596 314
-612 308
-568 324
-552 306
-572 312
-536 302
-592 326
-560 306
-552 306
-584 304
-632 320
-624 316
-596 312
-600 320
-528 284
-536 276
-560 302
-580 308
-612 322
-616 338
-596 338
-624 336
-608 332
-660 348
-636 342
-620 326
-612 336
-656 354
-636 346
-648 352
-616 340
-592 314
-652 334
-640 338
-624 332
-632 344
-648 348
-652 348
-648 344
-640 344
-664 354
-676 358
-672 358
-680 366
-660 356
-652 354
-588 326
-620 342
-628 342
-648 346
-680 358
-688 364
-672 342
-648 340
-592 306
-580 280
-568 274
-600 310
-620 324
-596 310
-628 330
-572 308
-576 290
-528 286
-540 286
-552 276
-580 296
-608 328
-592 328
-612 328
-620 340
-684 362
-708 370
-692 358
-636 348
-664 358
-688 364
-676 360
-636 354
-600 334
-588 326
-552 304
-584 314
-636 346
-636 352
-676 354
-672 360
-680 360
-660 350
-676 356
-632 332
-620 336
-592 318
-576 328
-616 334
-648 346
-708 366
-692 368
-704 366
-648 350
-672 358
-592 332
-604 326
-592 304
-596 294
-556 274
-588 298
-588 294
-544 276
-568 266
-592 292
-576 284
-596 300
-568 296
-636 326
-636 326
-680 350
-680 356
-676 362
-668 356
-696 358
-656 344
-648 344
-636 338
-636 336
-664 354
-684 356
-640 334
-644 336
-668 346
-636 320
-612 310
-560 274
-588 278
-572 266
-584 280
-612 282
-584 294
-628 320
-636 328
-616 322
-608 306
-604 296
-564 280
-580 274
-564 286
-584 298
-568 294
-556 286
-568 284
-624 316
-576 310
-540 282
-588 308
-600 300
-564 306
-556 300
-608 326
-652 332
-620 318
-608 322
-592 306
-568 314
-576 316
-584 318
-568 300
-540 270
-640 318
-604 294
-600 296
-572 296
-588 300
-544 282
-544 276
-592 292
-608 284
-592 244
-560 232
-612 238
-568 206
-528 212
-540 206
-556 194
-548 162
-532 176
-536 178
-532 190
-512 190
-496 190
-480 194
-444 196
-520 182
-492 198
-564 210
-520 212
-524 220
-552 212
-540 214
-512 202
-544 192
-568 188
-568 186
-572 202
-512 192
-524 194
-500 208
-492 200
-504 166
-528 204
-508 222
-520 218
-536 238
-516 238
-504 248
-520 258
-496 244
-548 276
-564 286
-564 300
-548 304
-568 308
-528 270
-584 300
-640 324
-660 338
-656 348
-616 336
-656 352
-624 340
-616 334
-628 344
-632 346
-616 332
-616 334
-632 340
-636 346
-632 336
-636 326
-600 314
-660 352
-656 352
-652 342
-600 330
-624 340
-644 342
-664 350
-628 340
-648 344
-632 324
-628 324
-616 320
-648 324
-668 332
-608 314
-612 322
-640 328
-624 312
-592 312
-560 294
-560 284
-568 282
-584 294
-532 276
-524 274
-552 290
-532 284
-524 282
-560 302
-596 302
-632 334
-632 328
-648 346
-616 330
-628 332
-620 318
-600 296
-596 302
-584 266
-572 256
-600 272
-604 274
-600 282
-556 268
-508 234
-556 220
-592 228
-600 222
-620 238
-616 270
-588 238
-588 256
-552 260
-620 298
-568 278
-568 278
-568 264
-548 256
-552 250
-552 240
-576 252
-532 236
-596 292
-580 284
-472 232
-524 266
-556 252
-568 240
-548 270
-596 324
-628 336
-640 334
-596 330
-600 316
-600 310
-604 304
-572 288
-580 304
-556 296
-560 286
