10 35
-346 127
-338 145
-322 149
-334 155
-354 153
-322 153
-318 151
-334 151
-306 129
-282 131
-282 123
-278 133
-298 131
-330 139
-334 135
-262 119
-326 121
-310 103
-254 103
-246 97
-274 95
-282 103
-250 107
-302 99
-330 117
-314 99
-330 109
-270 89
-282 79
-274 69
-250 69
-222 55
-246 77
-250 61
-258 59
-274 53
-294 57
-270 27
-258 51
-274 59
-302 71
-282 45
-266 41
-278 57
-246 35
-258 17
-266 19
-282 39
-270 37
-282 29
-250 15
-226 9
-238 3
-222 3
-234 37
-254 43
-222 41
-214 45
-194 45
-218 51
-226 63
-226 85
-234 93
-238 103
-238 111
-250 91
-254 73
-278 55
-246 83
-266 77
-238 63
-230 45
-238 59
-278 77
-262 43
-278 71
-290 67
-294 89
-278 89
-286 83
-290 89
-282 89
-258 117
-278 123
-282 137
-298 161
-318 169
-326 171
-318 183
-302 159
-318 155
-326 165
-354 183
-318 163
-314 153
-322 157
-354 179
-334 179
-278 159
-290 153
-318 167
-310 159
-318 171
-290 159
-346 177
-338 189
-370 201
-362 197
-338 185
-342 183
-338 187
-334 183
-342 191
-318 179
-298 169
-342 185
-378 203
-410 213
-370 201
-370 201
-342 195
-334 181
-330 169
-302 153
-306 151
-322 147
-286 135
-270 125
-290 129
-290 125
-354 157
-362 173
-338 175
-314 171
-298 163
-274 163
-310 171
-334 193
-326 181
-394 207
-370 197
-398 211
-362 201
-342 189
-314 173
-290 151
-306 157
-338 177
-346 181
-342 177
-338 177
-346 193
-350 193
-382 205
-350 193
-306 163
-294 167
-322 177
-346 191
-370 193
-390 203
-354 181
-302 167
-290 153
-294 147
-310 149
-290 153
-298 155
-290 131
-294 145
-274 151
-302 139
-294 143
-270 135
-294 155
-290 149
-286 149
-238 109
-250 129
-250 123
-274 133
-298 149
-290 145
-314 141
-298 151
-278 135
-274 135
-290 143
-278 149
-262 143
-266 151
-270 137
-282 143
-282 119
-310 145
-302 147
-270 117
-286 151
-298 133
-298 131
-318 137
-282 129
-318 127
-306 113
-274 111
-238 111
-234 99
-270 109
-282 109
-254 97
-214 111
-258 71
-242 65
-246 25
-230 15
-230 5
-250 15
-258 23
-262 7
-226 9
-238 15
-242 5
-238 9
-234 17
-234 43
-222 71
-230 79
-254 115
-270 133
-282 147
-278 143
-290 165
-302 161
-294 163
-286 163
-322 173
-358 193
-318 175
-314 165
-330 161
-362 169
-318 149
-342 175
-330 163
-354 173
-318 149
-266 123
-246 133
-254 129
-286 139
-278 137
-266 127
-286 157
-274 151
-318 175
-270 157
-290 165
-266 155
-286 157
-302 163
-246 135
-262 135
-254 153
-286 169
-286 167
-294 149
-302 169
-314 183
-302 175
-366 199
-342 191
-410 213
-366 201
-390 209
-358 199
-322 177
-362 197
-334 185
-302 167
-274 161
-286 169
-306 181
-266 161
-290 141
-286 125
-262 109
-258 121
-274 147
-282 135
-330 149
-302 177
-294 173
-350 195
-386 201
-386 201
-338 177
-330 167
-350 177
-294 161
-318 155
-298 145
-282 147
-314 155
-306 151
-290 141
-266 145
-302 153
-330 149
-350 169
-334 157
-310 165
-306 141
-302 135
-310 131
-322 133
-306 119
-306 117
-278 115
-290 127
-310 141
-302 141
-274 133
-258 145
-298 157
-298 143
-306 135
-310 159
-298 153
-310 161
-306 135
-306 135
-314 131
-286 125
-286 129
-278 125
-262 127
-242 111
-226 111
-210 105
-234 111
-242 109
-262 113
-254 87
-246 57
-234 33
-226 35
-246 35
-250 67
-254 55
-266 59
-254 47
-286 49
-266 35
-262 55
-278 55
-254 35
-266 27
-270 23
-282 27
-250 13
-242 15
-242 23
-254 27
-250 5
-266 3
-258 27
-290 49
-294 73
-302 75
-274 71
-278 87
-262 87
-294 119
-266 87
-286 107
-254 91
-278 105
-294 91
-306 109
-298 107
-278 105
-286 107
-286 89
-274 95
-254 91
-246 105
-238 87
-254 71
-266 69
-270 55
-214 25
-194 1
-218 17
-234 15
-238 29
-242 43
-294 31
-282 27
-250 45
-274 73
-262 81
-242 63
-226 17
-182 15
-214 9
-190 13
-210 13
-230 33
-234 35
-234 51
-286 33
-274 45
-270 39
-254 19
-282 7
-286 11
-294 9
-306 5
-286 11
-282 5
-282 15
-266 33
-282 19
-286 17
-262 11
-246 5
-266 35
-286 71
-250 47
-238 51
-258 67
-262 59
-278 61
-306 75
-262 67
-230 47
-226 41
-274 17
-250 9
-242 1
-250 13
-270 15
-254 11
-274 7
-282 29
-230 33
-278 33
-258 45
-242 29
-198 5
-190 21
-222 17
-246 29
-254 3
-270 15
-278 11
-258 17
-242 31
-218 19
-246 5
-278 19
-258 29
-262 27
-250 25
-206 43
-258 49
-254 31
-254 23
-214 47
-250 19
-238 45
-266 71
-266 115
-286 137
-290 131
-310 131
-250 119
-270 117
-298 137
-294 159
-294 147
-298 143
-310 139
-310 149
-266 137
-262 133
-286 135
-326 141
-330 147
-310 151
-294 151
-322 159
-286 139
-334 151
-346 161
-334 165
-354 169
-326 187
-322 185
-322 177
-286 157
-298 151
-290 159
-266 153
-278 147
-282 139
-282 133
-274 137
-310 155
-350 181
-318 167
-290 137
-298 149
-306 143
-310 153
-294 149
-270 139
-294 135
-282 139
-286 141
-306 151
-314 159
-298 149
-298 139
-286 143
-290 153
-254 151
-274 155
-278 157
-298 151
-310 153
-290 145
-274 131
-266 131
-294 129
-294 123
-270 113
-250 99
-250 115
-254 111
-294 141
-282 123
-286 115
-266 105
-226 83
-262 89
-282 119
-282 127
-266 115
-306 135
-258 133
-302 137
-302 139
-310 129
-298 147
-290 129
-302 141
-250 129
-234 119
-250 135
-278 143
-282 149
-262 133
-290 133
-302 137
-318 133
-294 123
-290 125
-274 129
-270 141
-290 135
-282 133
-254 119
-246 129
-294 151
-258 143
-306 125
-262 111
-246 121
-242 105
-250 107
-250 105
-282 129
-290 141
-258 131
-278 131
-298 149
-302 149
-250 135
-278 149
-206 95
-206 107
-234 111
-262 129
-278 155
-294 171
-342 187
-354 197
-346 191
-370 193
-318 169
-326 163
-298 147
-322 151
-298 147
-322 145
-254 133
-314 147
-270 129
-266 133
-250 141
-302 179
-326 189
-354 189
-342 191
-314 187
-318 181
-326 183
-310 181
-298 175
-362 201
-346 191
-334 177
-358 195
-330 179
-342 181
-358 189
-314 179
-342 183
-334 173
-358 185
-362 185
-310 163
-322 159
-342 145
-350 153
-306 131
-322 133
-294 131
-282 113
-318 129
-258 123
-286 127
-274 121
-314 139
-310 157
-310 161
-334 179
-338 173
-338 183
-346 183
-362 187
-298 173
-282 155
-318 175
-298 167
-326 183
-322 189
-310 177
-346 193
-346 185
-398 211
-406 209
-386 201
-362 199
-386 207
-358 197
-350 191
-354 181
-342 171
-302 175
-350 187
-306 159
-338 181
-326 179
-334 175
-338 173
-330 177
-326 175
-342 177
-338 187
-310 179
-362 197
-370 201
-338 189
-350 193
-294 173
-334 185
-358 195
-354 197
-346 189
-342 189
-362 199
-330 185
-346 193
-314 179
-306 177
-370 201
-326 181
-314 183
-350 187
-314 171
-282 161
-314 155
-338 145
-294 109
-314 121
-266 97
-246 73
-274 53
-278 57
-306 37
-274 47
-246 27
-242 25
-218 31
-226 41
-262 31
-282 47
-266 67
-286 87
-298 105
-306 91
-306 73
-322 99
-342 105
-290 69
-298 49
-290 37
-298 55
-290 51
-278 65
-282 73
-298 61
-298 83
-286 87
-282 91
-286 83
-290 89
-270 91
-278 99
-278 89
-266 77
-254 65
-226 73
-250 91
-270 109
-258 109
-270 117
-294 125
-278 137
-274 113
-282 129
-270 119
-286 121
-290 131
-290 137
-286 141
-278 157
-262 129
-294 151
-310 161
-334 167
-306 157
-298 155
-278 141
-318 165
-306 177
-326 177
-310 161
-278 153
-246 145
-262 139
-274 137
-294 153
-298 143
-266 135
-290 127
-242 91
-246 79
-266 81
-222 89
-274 103
-246 113
-298 117
-302 127
-238 119
-266 123
-274 117
-250 89
-262 73
-254 83
-238 77
-246 57
-226 27
-238 43
-218 35
-262 41
-274 17
-262 17
-246 17
-258 7
-262 29
-238 31
-206 25
-226 37
-206 27
-250 31
-238 19
-262 11
-290 9
-294 7
-282 11
-270 21
-250 31
-246 45
-254 51
-266 43
-254 41
-262 49
-270 29
-274 23
-294 43
-302 47
-310 29
-250 1
-246 3
-286 11
-286 7
-294 9
-258 7
-262 1
-270 9
-278 13
-258 1
-230 49
-262 43
-286 33
-250 7
-230 17
-198 1
-210 7
-210 29
-214 23
-166 5
-214 27
-226 37
-254 49
-194 37
-218 47
-226 67
-246 45
-270 105
-250 131
-246 121
-254 127
-322 161
-338 161
-326 149
-350 159
-350 169
-354 181
-334 169
-318 163
-314 151
-294 151
-286 143
-258 121
-262 113
-254 129
-258 119
-282 141
-330 157
-334 167
-326 169
-298 151
-290 155
-326 165
-362 185
-350 185
-322 161
-334 169
-302 145
-298 153
-278 137
-230 113
-258 127
-298 143
-310 149
-334 157
-330 157
-326 157
-326 169
-342 187
-330 185
-314 181
-290 173
-310 177
-338 185
-338 183
-322 185
-338 181
-322 171
-342 179
-350 187
-354 193
-362 185
-262 149
-242 145
-254 151
-254 133
-262 159
-302 167
-266 153
-298 163
-322 155
-302 151
-298 141
-306 153
-298 139
-278 123
-250 101
-202 99
-254 107
-210 115
-234 123
-278 125
-282 123
-274 131
-266 145
-290 145
-326 153
-286 131
-262 141
-282 157
-274 167
-314 167
-346 179
-322 171
-330 179
-342 183
-282 157
-314 165
-326 173
-350 185
-322 171
-330 189
-346 191
-350 189
-386 203
-326 177
-314 181
-346 183
-306 179
-338 189
-322 185
-346 187
-346 183
-354 195
-334 183
-358 197
-350 189
-314 159
-274 143
-254 131
-242 113
-270 129
-278 137
-274 147
-282 149
-310 137
-294 135
-310 133
-330 157
-326 163
-254 147
-282 161
-294 161
-294 169
-314 171
-314 179
-342 189
-366 195
-338 187
-306 167
-322 169
-306 173
-286 165
-294 165
-298 159
-318 171
-310 163
-278 155
-274 149
-262 135
-258 141
-234 131
-258 137
-258 161
-330 181
-342 185
-326 167
-342 175
-350 185
-342 191
-334 189
-310 175
-294 159
-270 147
-286 151
-306 155
-318 157
-322 159
-282 153
-290 153
-282 133
-254 139
-314 163
-294 159
-294 151
-342 173
-326 179
-354 193
-334 181
-314 161
-334 181
-310 159
-302 173
-326 179
-306 173
-306 163
-314 161
-298 175
-294 169
-322 173
-326 177
-306 173
-362 191
-314 175
-346 187
-330 187
-334 185
-358 193
-350 189
-346 185
-354 193
-338 189
-370 199
-402 211
-378 203
-346 197
-334 189
-306 179
-346 183
-370 193
-350 185
-314 167
-346 179
-390 179
-334 159
-302 151
-282 137
-302 147
-318 149
-302 145
-266 123
-286 123
-278 141
-294 151
-286 137
-282 127
-274 113
-282 127
-274 133
-334 169
-342 175
-286 169
-326 179
-326 183
-350 189
-310 169
-270 153
-262 145
-266 131
-286 163
-278 141
-282 149
-298 157
-350 171
-362 189
-382 201
-358 195
-362 187
-338 187
-354 193
-358 195
-350 185
-346 191
-366 195
-330 185
-334 187
-310 167
-314 173
-310 165
-306 163
-282 151
-302 159
-322 159
-338 169
-306 153
-290 141
-330 157
-342 167
-310 151
-302 159
-318 177
-326 173
-330 179
-350 199
-370 201
-398 207
-370 199
-382 205
-378 205
-406 211
-382 203
-338 183
-354 195
-382 207
-282 169
-318 165
-346 181
-358 191
-382 203
-406 211
-410 213
-386 207
-354 195
-374 203
-394 205
-322 185
-318 185
-370 203
-310 175
-322 175
-294 161
-334 173
-318 173
-374 195
-374 197
-314 173
-322 177
-338 191
-330 181
-294 177
-302 167
-310 169
-310 161
-306 165
-270 133
-258 121
-262 123
-246 121
-282 139
-282 133
-270 135
-278 139
-318 155
-310 135
-322 149
-330 145
-310 131
-294 153
-314 153
-270 151
-342 185
-310 151
-294 143
-302 161
-294 151
-306 157
-298 165
-322 169
-302 161
-322 161
-334 167
-306 169
-318 157
-310 159
-326 175
-322 167
-330 159
-294 155
-282 149
-258 135
-266 145
-302 161
-302 147
-318 151
-262 147
-270 149
-286 151
-302 165
-334 189
-338 183
-338 179
-318 181
-338 189
-390 209
-378 205
-338 191
-342 189
-302 173
-290 159
-250 123
-262 147
-322 165
-294 157
-318 159
-278 153
-294 165
-318 175
-326 159
-298 157
-326 179
-346 189
-358 185
-334 181
-338 191
-338 185
-302 173
-298 165
-310 165
-318 161
-330 169
-338 175
-326 175
-326 179
-294 169
-318 163
-330 161
-334 161
-334 159
-310 155
-286 135
-298 153
-254 145
-270 157
-282 149
