10 35
-230 69
-262 79
-238 63
-250 71
-286 55
-246 51
-230 55
-222 65
-234 59
-238 87
-294 99
-286 105
-286 101
-282 115
-306 125
-326 105
-266 111
-290 123
-314 129
-314 139
-322 145
-302 141
-306 153
-302 147
-282 149
-306 157
-302 167
-302 171
-306 169
-310 171
-314 179
-326 187
-342 189
-286 163
-246 121
-258 119
-226 99
-254 113
-274 145
-314 155
-306 167
-342 189
-334 187
-338 191
-358 199
-326 187
-326 175
-346 191
-358 187
-330 181
-350 189
-366 195
-358 185
-314 175
-318 165
-306 173
-322 177
-326 181
-306 165
-274 163
-298 173
-290 163
-302 173
-310 169
-270 161
-310 175
-286 147
-314 163
-266 129
-258 135
-282 141
-278 125
-258 129
-250 143
-298 149
-270 139
-286 157
-322 173
-322 177
-338 181
-310 175
-326 177
-346 193
-334 181
-354 193
-378 201
-334 189
-322 181
-374 201
-382 205
-374 203
-366 197
-386 209
-374 201
-374 201
-370 201
-362 201
-338 193
-346 187
-330 189
-326 179
-314 181
-338 183
-314 171
-314 183
-330 191
-358 191
-362 193
-330 183
-322 173
-294 161
-310 149
-282 133
-282 131
-250 121
-238 109
-258 129
-278 139
-278 153
-290 169
-282 165
-330 187
-342 187
-358 191
-366 197
-390 201
-358 195
-334 187
-354 189
-354 189
-350 185
-366 201
-346 195
-350 193
-378 201
-366 197
-366 203
-350 187
-350 195
-342 187
-346 183
-318 169
-286 165
-274 135
-278 147
-286 137
-286 135
-306 147
-306 133
-318 159
-278 131
-302 149
-306 153
-286 163
-294 171
-318 175
-330 179
-286 147
-286 157
-294 161
-274 157
-282 151
-250 133
-254 137
-294 163
-310 167
-322 173
-318 167
-330 179
-354 191
-342 183
-390 207
-378 201
-346 189
-354 185
-318 161
-274 135
-262 133
-286 139
-322 157
-290 153
-322 169
-342 185
-346 183
-334 181
-294 167
-306 163
-362 195
-386 205
-386 191
-366 193
-362 193
-378 205
-406 213
-426 219
-422 217
-382 203
-386 203
-354 183
-306 177
-342 185
-338 185
-374 197
-390 209
-370 203
-322 185
-338 193
-354 185
-390 209
-354 189
-366 193
-346 187
-314 177
-302 167
-262 147
-266 137
-310 167
-310 159
-298 161
-354 179
-310 171
-302 169
-286 151
-322 163
-346 173
-338 171
-314 157
-322 161
-334 163
-310 169
-286 161
-258 129
-274 153
-258 137
-250 119
-294 149
-274 149
-310 171
-254 151
-294 171
-322 179
-330 175
-358 191
-318 183
-330 179
-322 179
-346 185
-314 177
-330 183
-310 157
-314 151
-286 135
-326 139
-306 153
-294 145
-274 143
-270 131
-278 143
-302 147
-322 165
-286 149
-286 155
-286 167
-322 181
-326 181
-358 185
-326 173
-302 165
-290 147
-318 135
-290 127
-278 119
-286 101
-286 101
-254 79
-282 81
-258 85
-282 121
-282 117
-258 131
-222 125
-222 131
-254 147
-266 153
-282 133
-278 131
-278 145
-274 135
-274 151
-306 161
-310 163
-318 163
-318 159
-290 169
-294 159
-274 151
-286 149
-310 167
-306 151
-318 155
-338 161
-342 161
-322 149
-294 131
-218 97
-222 57
-214 67
-234 73
-238 69
-270 81
-294 87
-290 73
-294 77
-242 25
-250 31
-254 31
-218 23
-254 47
-282 65
-278 43
-250 33
-290 33
-318 21
-306 11
-282 1
-270 3
-270 17
-302 11
-290 27
-270 35
-286 35
-294 13
-294 41
-290 33
-306 29
-314 35
-294 55
-266 55
-238 35
-246 29
-242 27
-250 35
-250 45
-242 53
-234 19
-222 31
-234 1
-234 5
-230 29
-226 39
-242 55
-210 55
-214 59
-238 99
-222 111
-250 119
-254 115
-294 145
-274 121
-298 145
-326 169
-294 143
-286 133
-310 117
-298 121
-290 119
-310 113
-294 109
-266 101
-278 129
-306 133
-310 137
-286 131
-306 151
-306 159
-310 137
-278 121
-238 99
-230 105
-242 105
-250 109
-254 123
-222 101
-258 115
-286 145
-314 173
-298 165
-274 163
-286 159
-278 159
-330 175
-322 181
-282 165
-346 189
-346 169
-318 153
-338 155
-366 165
-354 163
-346 165
-334 161
-298 157
-294 151
-290 137
-266 127
-262 137
-290 145
-290 159
-322 159
-342 153
-306 161
-318 171
-286 151
-338 163
-266 145
-322 157
-310 165
-278 157
-302 167
-330 183
-338 175
-362 187
-350 189
-346 185
-350 187
-358 195
-394 205
-374 199
-402 211
-410 215
-362 201
-350 193
-378 203
-346 185
-350 187
-362 193
-354 187
-370 199
-378 191
-342 185
-350 187
-350 185
-358 197
-382 205
-398 211
-394 209
-386 205
-370 203
-362 199
-354 199
-342 189
-334 183
-374 201
-354 193
-358 197
-370 203
-362 201
-354 191
-370 197
-370 193
-366 195
-370 195
-338 195
-322 183
-326 171
-318 163
-318 159
-326 155
-306 161
-314 161
-290 151
-302 161
-302 161
-322 175
-334 181
-286 145
-278 119
-270 101
-274 109
-246 93
-242 89
-286 93
-274 87
-314 81
-306 87
-270 107
-286 109
-274 109
-290 97
-278 99
-294 89
-282 99
-278 83
-270 81
-258 83
-278 103
-306 127
-298 131
-318 151
-270 131
-286 149
-306 157
-326 169
-350 181
-298 157
-290 163
-278 137
-238 137
-290 149
-250 155
-262 159
-282 155
-298 165
-258 153
-330 175
-358 193
-354 193
-310 181
-326 191
-306 171
-330 173
-346 181
-354 181
-306 163
-326 155
-346 165
-330 175
-318 169
-354 179
-362 185
-314 175
-330 183
-386 207
-354 195
-394 209
-366 197
-390 209
-390 205
-366 199
-422 215
-410 215
-370 199
-318 177
-298 173
-294 173
-342 173
-374 175
-330 165
-350 177
-318 163
-326 155
-314 141
-310 137
-282 123
-282 137
-278 125
-254 123
-254 121
-218 93
-214 81
-222 95
-258 95
-274 117
-270 139
-250 137
-306 169
-274 143
-278 149
-310 153
-310 147
-318 161
-334 183
-322 185
-294 177
-334 185
-290 155
-274 157
-298 159
-318 169
-330 167
-298 159
-326 169
-310 165
-326 175
-330 179
-298 167
-350 183
-334 175
-306 177
-346 187
-334 173
-298 165
-314 157
-306 159
-326 163
-314 165
-302 159
-310 165
-302 163
-294 151
-322 151
-314 163
-310 159
-310 167
-294 151
-302 151
-322 159
-298 163
-294 153
-302 147
-314 163
-322 161
-334 139
-322 141
-318 149
-338 163
-282 135
-302 139
-302 161
-314 173
-326 175
-330 185
-310 175
-302 147
-294 153
-302 145
-290 147
-310 153
-286 151
-250 127
-266 111
-266 109
-266 113
-250 121
-250 125
-294 125
-290 127
-262 109
-258 123
-286 133
-306 147
-310 163
-318 173
-310 155
-358 175
-342 169
-310 163
-306 171
-318 175
-310 167
-330 183
-326 187
-326 185
-286 163
-282 153
-286 161
-298 163
-282 167
-314 169
-298 169
-282 155
-334 185
-366 195
-362 195
-354 183
-354 191
-338 181
-342 177
-350 189
-370 197
-346 181
-326 177
-298 163
-306 161
-314 157
-282 141
-266 151
-318 173
-378 201
-350 183
-342 193
-394 209
-386 209
-370 199
-354 193
-322 181
-330 187
-334 181
-358 189
-314 175
-298 157
-310 163
-330 183
-278 163
-286 151
-310 167
-350 193
-390 209
-398 211
-390 205
-390 207
-374 201
-378 203
-406 213
-374 199
-426 217
-362 197
-374 197
-390 203
-386 201
-326 185
-326 187
-366 197
-366 199
-378 201
-378 197
-390 205
-378 203
-378 203
-386 205
-390 205
-390 205
-338 185
-334 187
-350 193
-378 205
-382 205
-374 201
-350 189
-346 193
-334 193
-326 167
-330 175
-314 169
-318 159
-322 171
-306 167
-330 167
-306 163
-334 167
-330 169
-350 173
-330 167
-350 181
-330 167
-322 169
-310 161
-298 151
-298 147
-286 137
-310 161
-314 153
-330 173
-326 161
-286 157
-274 145
-266 143
-262 135
-258 111
-270 99
-210 65
-242 55
-234 49
-238 75
-226 77
-234 59
-258 77
-270 127
-286 125
-282 123
-298 121
-274 101
-270 85
-282 79
-266 97
-254 87
-298 113
-298 123
-294 119
-286 129
-330 145
-318 149
-338 177
-366 183
-346 183
-354 175
-362 175
-350 175
-326 163
-274 143
-314 167
-362 185
-322 171
-298 147
-318 153
-298 141
-294 141
-326 149
-298 157
-298 127
-302 157
-290 143
-258 127
-286 143
-302 159
-282 163
-298 169
-306 175
-318 167
-338 171
-314 167
-326 173
-306 153
-318 165
-294 159
-338 165
-354 157
-346 157
-326 143
-290 157
-302 143
-294 155
-306 137
-278 117
-238 107
-262 101
-282 109
-278 87
-274 81
-270 105
-266 95
-218 55
-262 23
-254 9
-270 33
-270 27
-318 57
-310 49
-310 53
-286 47
-302 75
-274 87
-250 73
-246 95
-254 79
-262 81
-274 67
-242 63
-242 75
-250 63
-258 75
-230 91
-234 63
-214 51
-218 39
-218 23
-258 35
-274 29
-290 29
-266 45
-242 41
-242 39
-274 63
-230 55
-226 35
-210 51
-218 45
-226 19
-226 1
-218 13
-230 35
-246 59
-258 77
-266 101
-246 57
-238 65
-242 51
-238 67
-238 57
-234 51
-218 49
-238 69
-258 55
-258 73
-282 99
-278 119
-250 101
-230 65
-234 73
-270 65
-250 73
-274 65
-254 77
-242 91
-238 79
-226 73
-254 75
-254 83
-242 75
-234 55
-222 85
-254 87
-290 91
-266 75
-274 69
-234 79
-246 93
-254 107
-274 101
-262 85
-278 79
-286 97
-294 111
-290 119
-298 149
-294 153
-258 153
-310 171
-298 155
-274 133
-278 147
-270 149
-234 127
-262 139
-342 171
-314 167
-286 159
-298 149
-254 117
-246 125
-270 139
-246 119
-286 153
-282 159
-286 149
-314 173
-342 181
-322 169
-342 173
-334 173
-310 157
-294 143
-282 145
-294 159
-318 175
-326 165
-330 167
-298 161
-294 159
-338 173
-310 175
-310 169
-338 169
-310 163
-334 167
-350 179
-362 179
-358 187
-342 175
-350 191
-330 185
-362 195
-346 177
-354 191
-362 193
-358 179
-370 193
-362 199
-350 175
-322 165
-318 177
-302 165
-338 179
-310 165
-298 151
-286 153
-286 147
-302 163
-306 167
-298 167
-358 197
-370 183
-358 177
-338 177
-354 193
-322 183
-318 181
-298 179
-334 195
-374 201
-354 191
-342 189
-298 169
-262 149
-258 135
-274 143
-302 149
-322 169
-294 151
-322 155
-318 169
-302 159
-298 161
-294 157
-310 161
-298 159
-286 147
-278 137
-270 157
-278 155
-306 163
-270 147
-318 173
-262 145
-250 141
-262 125
-286 143
-294 137
-282 141
-314 139
-302 155
-350 165
-358 159
-346 181
-338 185
-302 171
-298 169
-342 187
-354 195
-342 193
-302 173
-278 145
-282 139
-294 139
-314 145
-298 135
-274 117
-274 125
-274 119
-290 161
-282 141
-286 147
-298 137
-238 117
-262 113
-238 85
-250 109
-266 123
-290 137
-274 139
-310 169
-330 189
-354 195
-330 177
-322 171
-334 161
-302 163
-334 175
-310 161
-326 177
-306 159
-282 135
-274 117
-266 117
-266 123
-318 157
-346 185
-318 173
-278 163
-262 153
-242 141
-270 157
-318 179
-334 177
-310 169
-290 163
-334 183
-350 195
-390 199
-386 197
-382 205
-362 199
-350 193
-386 205
-382 205
-386 205
-358 197
-346 191
-378 193
-370 197
-382 203
-354 193
-314 171
-326 177
-350 185
-358 191
-362 197
-402 213
-410 215
-382 205
-354 199
-318 177
-302 161
-234 143
-246 119
-290 143
-298 147
-266 137
-274 147
-262 139
-278 129
-262 129
-262 131
-214 85
-222 81
-198 53
-198 85
-202 81
-234 101
-262 133
-234 109
-230 93
-226 87
-246 79
-246 79
-250 107
-286 145
-302 155
-286 167
-326 179
-322 173
-278 159
-302 167
-334 189
-314 175
-330 179
-370 193
-330 173
-294 173
-310 167
-298 139
-310 139
-330 151
-290 131
-306 133
-298 139
-290 115
-326 133
-306 119
-270 117
-314 135
-282 149
-290 153
-330 171
-362 195
-338 187
-366 201
-374 199
-330 185
-338 181
-318 181
-310 173
-338 177
-330 169
-318 165
-322 165
-338 163
-322 167
-342 161
-330 163
-330 165
-350 163
-338 167
-326 167
-310 173
-314 169
-338 185
-362 187
-354 175
-358 191
-330 185
-350 193
-370 199
-382 199
-354 189
-342 177
-326 171
-306 159
-238 139
-282 151
-286 155
-334 177
-294 167
-310 175
-314 175
-342 193
-362 201
-374 205
-390 209
-410 209
-346 193
-362 193
-362 189
-314 175
-310 165
-286 155
-246 127
-286 133
-310 139
-310 133
-334 149
-274 117
-242 123
-266 131
-278 137
-294 141
-278 153
-318 157
-282 139
-302 145
-278 147
-298 169
-338 173
-310 155
-322 167
-350 185
-282 169
-318 169
-318 169
-346 185
-338 183
-358 199
-358 197
-362 195
-378 203
-358 195
-322 179
-310 157
-322 161
-286 151
-274 153
-282 145
-294 145
-318 151
-342 155
-310 147
-306 143
-318 143
-350 145
