-48 28
-284 18
-348 26
-344 8
-360 12
-348 10
-384 8
-392 22
-428 10
-440 40
-400 26
-404 36
-388 34
-444 44
-392 36
-376 34
-384 50
-420 38
-404 50
-412 50
-432 30
-444 52
-448 46
-468 54
-468 60
-420 44
-392 30
-412 68
-428 56
-440 54
-436 52
-432 44
-468 14
-464 0
-492 14
-484 10
-488 6
-424 20
-492 6
-528 26
-536 44
-508 12
-492 24
-488 18
-496 6
-488 32
-512 44
-504 34
-468 26
-412 48
-460 38
-480 54
-496 90
-488 100
-500 116
-472 122
-460 98
-440 102
-460 106
-440 96
-396 88
-412 64
-460 70
-488 46
-492 34
-500 46
-456 50
-480 38
-404 48
-452 36
-460 38
-464 50
-504 16
-476 16
-468 48
-488 2
-452 6
-436 4
-460 8
-432 30
-412 34
-456 66
-476 90
-468 82
-468 60
-444 10
-472 2
-460 44
-472 40
-456 22
-472 4
-492 14
-500 18
-460 86
-500 52
-480 30
-440 30
-488 46
-444 42
-472 52
-456 90
-492 96
-464 86
-460 82
-468 52
-520 58
-524 72
-488 84
-468 66
-452 90
-488 94
-448 122
-472 98
-488 90
-472 106
-440 102
-484 100
-424 90
-368 86
-348 82
-416 104
-440 92
-420 98
-440 136
-424 146
