14 11
-310 159
-298 149
-306 141
-318 145
-346 161
-314 139
-314 139
-306 147
-358 167
-350 145
-350 147
-334 127
-318 115
-302 103
-266 93
-298 97
-338 109
-302 103
-302 97
-298 99
-310 105
-302 93
-294 91
-278 71
-282 63
-254 55
-286 49
-274 87
-286 73
-262 61
-250 59
-246 63
-258 57
-250 29
-250 55
-302 41
-282 31
-278 19
-274 13
-270 29
-266 39
-306 17
-318 39
-274 53
-282 27
-274 43
-258 47
-246 59
-278 33
-258 31
-274 31
-250 43
-274 33
-250 17
-282 39
-274 43
-290 37
-290 41
-254 51
-270 63
-286 55
-278 47
-262 51
-234 55
-262 91
-294 95
-326 111
-290 103
-290 95
-310 103
-330 121
-298 117
-286 121
-314 145
-314 161
-322 151
-322 157
-346 161
-310 149
-350 163
-310 155
-246 121
-270 129
-258 131
-282 135
-254 125
-282 145
-294 157
-282 155
-302 159
-342 181
-318 181
-358 195
-350 189
-350 187
-278 163
-318 169
-298 171
-314 167
-330 173
-354 185
-354 187
-338 183
-310 175
-350 187
-346 185
-298 167
-294 167
-310 167
-270 145
-342 173
-310 165
-338 181
-298 159
-298 169
-302 181
-298 179
-310 173
-306 173
-338 179
-350 177
-386 207
-354 193
-374 201
-366 197
-398 211
-366 197
-338 189
-362 201
-354 199
-354 193
-338 183
-326 181
-366 195
-338 187
-334 181
-338 185
-330 169
-326 171
-326 167
-314 169
-290 167
-314 171
-282 151
-294 145
-286 147
-322 149
-298 133
-294 149
-334 153
-342 139
-342 125
-286 129
-298 133
-322 139
-302 139
-318 139
-314 123
-306 131
-282 119
-282 91
-258 89
-274 109
-274 119
-246 117
-310 135
-266 129
-306 159
-342 177
-306 165
-334 169
-326 179
-338 183
-290 173
-330 171
-354 179
-306 167
-286 157
-326 177
-334 183
-350 195
-358 197
-346 191
-318 175
-354 191
-362 187
-378 195
-354 193
-362 197
-342 193
-346 189
-366 199
-358 195
-326 181
-358 199
-354 183
-342 179
-350 191
-350 195
-358 197
-362 197
-354 195
-366 197
-366 201
-366 193
-354 189
-358 187
-346 181
-302 159
-326 181
-342 181
-310 181
-322 177
-366 199
-354 189
-378 203
-358 191
-358 191
-346 189
-374 201
-394 211
-390 207
-370 201
-338 189
-370 199
-386 207
-402 213
-382 205
-338 191
-350 187
-354 193
-378 201
-410 209
-378 203
-378 199
-366 199
-370 199
-358 191
-342 181
-314 181
-334 179
-286 149
-302 135
-310 145
-342 155
-306 147
-298 157
-314 155
-334 157
-330 159
-310 153
-334 163
-306 161
-302 147
-318 159
-334 163
-318 165
-282 139
-318 145
-346 159
-334 147
-318 139
-310 151
-318 159
-318 167
-322 177
-322 179
-358 191
-358 181
-362 181
-354 185
-382 205
-358 189
-366 199
-390 209
-378 199
-362 191
-282 161
-306 161
-354 173
-334 153
-294 131
-278 143
-310 155
-314 149
-330 159
-334 173
-342 165
-326 149
-354 151
-290 123
-274 123
-254 99
-270 101
-270 95
-314 135
-338 123
-290 121
-318 157
-338 173
-342 179
-338 175
-358 191
-350 179
-302 171
-322 185
-358 189
-374 197
-362 195
-322 175
-402 211
-350 197
-374 201
-382 201
-362 195
-354 193
-330 179
-318 177
-346 189
-370 195
-354 191
-318 169
-318 167
-342 157
-314 147
-350 161
-298 135
-334 155
-334 157
-318 159
-298 123
-298 117
-318 117
-314 117
-314 81
-294 85
-294 73
-286 85
-278 103
-286 107
-290 113
-266 127
-306 137
-302 161
-306 171
-298 159
-302 165
-266 145
-282 153
-314 173
-346 195
-366 191
-358 193
-322 183
-294 167
-334 183
-346 189
-306 175
-350 187
-342 181
-334 183
-282 157
-338 183
-370 197
-366 199
-338 185
-330 181
-358 185
-350 189
-390 207
-374 201
-402 211
-394 205
-386 205
-394 207
-366 199
-374 203
-382 203
-366 197
-402 209
-390 207
-378 203
-322 173
-350 185
-366 189
-354 187
-358 191
-310 169
-370 183
-334 179
-326 187
-306 179
-298 175
-342 181
-358 191
-338 179
-370 189
-358 193
-354 195
-354 195
-370 191
-350 189
-354 195
-346 193
-354 191
-274 157
-302 171
-318 183
-350 189
-314 177
-342 185
-354 193
-330 183
-366 201
-334 183
-326 179
-322 181
-306 181
-314 181
-370 199
-378 205
-362 193
-358 197
-334 185
-310 173
-326 173
-322 177
-366 181
-334 181
-338 177
-338 165
-342 173
-342 171
-302 153
-318 171
-338 183
-338 171
-334 171
-334 185
-342 189
-358 195
-362 203
-338 191
-354 197
-346 191
-338 191
-358 195
-390 203
-406 213
-434 221
-406 213
-414 211
-410 207
-354 191
-350 185
-374 201
-358 197
-370 199
-342 191
-318 183
-310 181
-318 175
-330 173
-290 163
-310 177
-310 175
-294 173
-326 181
-334 177
-326 173
-294 163
-334 181
-354 193
-342 187
-342 175
-330 177
-298 157
-342 181
-370 203
-386 205
-374 203
-362 197
-398 211
-338 191
-338 189
-382 201
-358 189
-370 187
-338 165
-346 181
-354 189
-330 183
-346 189
-378 197
-378 201
-398 211
-402 211
-410 213
-370 199
-362 201
-414 215
-390 205
-362 199
-374 199
-354 197
-318 187
-302 173
-330 183
-346 195
-362 191
-338 177
-326 177
-330 179
-298 173
-294 157
-338 179
-310 175
-310 177
-322 159
-302 159
-306 149
-322 157
-358 171
-322 169
-310 173
-330 177
-286 155
-290 149
-350 181
-370 187
-350 179
-322 157
-330 159
-354 195
-346 195
-362 199
-370 201
-366 203
-354 199
-370 195
-358 191
-326 187
-382 199
-378 203
-374 199
-358 201
-358 195
-338 193
-354 195
-370 199
-350 195
-374 199
-338 193
-394 209
-398 209
-350 197
-350 195
-334 187
-346 185
-322 183
-298 157
-322 183
-290 173
-338 181
-354 181
-362 187
-342 187
-374 199
-354 195
-362 199
-390 205
-354 199
-366 197
-370 201
-346 193
-354 197
-362 199
-330 185
-338 187
-342 189
-362 199
-358 191
-330 185
-286 169
-310 175
-322 171
-322 185
-350 197
-314 183
-338 185
-322 173
-286 155
-270 139
-262 129
-278 147
-302 163
-310 155
-318 171
-334 169
-322 171
-306 177
-322 161
-306 159
-294 159
-306 175
-334 169
-330 167
-334 175
-334 179
-314 165
-342 161
-342 153
-306 133
-334 151
-346 161
-322 149
-334 155
-346 163
-314 165
-390 185
-362 183
-334 185
-378 195
-350 179
-350 185
-370 203
-394 211
-382 207
-362 197
-374 187
-382 179
-362 173
-358 181
-342 175
-330 173
-362 187
-378 201
-406 213
-402 213
-358 197
-370 189
-334 181
-310 171
-326 187
-306 171
-314 171
-338 179
-346 189
-358 197
-294 163
-302 165
-326 179
-334 191
-390 203
-358 193
-362 191
-370 203
-346 185
-350 181
-358 193
-366 195
-358 187
-322 161
-306 153
-266 135
-262 145
-230 129
-262 149
-286 165
-326 185
-322 177
-302 179
-330 187
-342 179
-358 187
-358 177
-322 169
-334 163
-346 165
-358 179
-350 187
-306 175
-342 179
-366 191
-350 187
-342 183
-338 187
-326 177
-326 183
-338 189
-274 147
-294 121
-322 153
-346 161
-362 183
-326 173
-366 189
-366 187
-326 181
-282 157
-266 153
-342 195
-350 193
-306 175
-362 199
-390 207
-382 205
-410 211
-366 201
-378 203
-370 197
-402 209
-402 211
-418 217
-414 215
-378 203
-366 193
-370 197
-346 185
-366 193
-326 175
-338 177
-314 175
-338 177
-366 191
-338 181
-294 157
-286 159
-262 157
-294 155
-310 167
-322 157
-338 165
-326 149
-338 153
-290 131
-302 133
-282 151
-282 163
-322 175
-294 175
-314 175
-322 185
-358 199
-350 189
-362 199
-346 187
-342 177
-338 187
-382 201
-374 197
-370 201
-362 199
-358 199
-354 197
-370 197
-370 197
-358 189
-370 197
-354 187
-382 199
-374 203
-362 191
-362 193
-378 203
-334 187
-354 197
-378 205
-386 209
-418 215
-434 221
-418 215
-390 207
-382 205
-378 205
-382 199
-358 191
-354 195
-370 193
-394 205
-398 209
-402 211
-394 209
-346 193
-338 181
-362 197
-346 191
-362 199
-350 193
-366 203
-346 185
-350 185
-322 185
-342 189
-334 179
-342 189
-294 177
-326 183
-346 191
-382 205
-370 201
-370 203
-402 211
-422 215
-414 215
-370 195
-374 201
-374 201
-390 203
-378 207
-390 207
-382 205
-370 203
-354 191
-386 209
-394 211
-386 207
-410 215
-418 215
-386 207
-398 211
-394 207
-390 207
-354 199
-386 205
-354 193
-338 189
-370 193
-322 183
-342 185
-266 141
-294 153
-302 155
-286 137
-298 161
-306 163
-318 169
-322 167
-370 171
-346 173
-350 173
-338 179
-310 155
-302 173
-338 169
-314 163
-294 159
-342 163
-366 163
-338 169
-338 175
-314 169
-282 161
-338 189
-366 195
-354 195
-362 197
-378 205
-378 203
-366 195
-410 213
-378 203
-398 207
-354 193
-362 199
-354 193
-358 197
-370 199
-366 199
-358 199
-354 193
-342 193
-338 195
-346 195
-350 189
-366 197
-362 191
-358 199
-374 203
-386 207
-370 199
-326 183
-318 173
-346 171
-334 167
-326 161
-302 169
-358 185
-322 177
-362 197
-378 199
-374 205
-362 195
-330 187
-362 199
-330 193
-346 195
-334 183
-362 189
-334 185
-342 187
-358 195
-338 185
-302 161
-306 163
-322 165
-310 169
-314 175
-326 173
-342 167
-366 177
-354 181
-330 161
-346 181
-322 169
-350 183
-330 187
-346 185
-330 179
-362 177
-310 171
-294 155
-330 177
-330 187
-358 193
-306 175
-310 175
-334 183
-378 201
-370 197
-330 177
-374 191
-342 189
-382 201
-350 197
-334 187
-354 191
-386 207
-398 209
-382 201
-378 201
-326 181
-346 189
-358 189
-294 169
-326 159
-314 139
-274 113
-270 79
-242 61
-234 71
-250 75
-258 79
-286 65
-270 53
-250 33
-254 41
-250 29
-246 31
-234 27
-226 15
-286 33
-314 31
-298 37
-266 35
-242 67
-234 67
-254 61
-278 77
-278 65
-242 59
-226 45
-258 17
-262 25
-286 21
-266 31
-238 55
-238 63
-190 65
-210 73
-198 75
-226 59
-230 55
-246 35
-230 31
-246 45
-254 33
-294 51
-294 65
-274 57
-266 61
-278 57
-318 83
-314 97
-294 83
-286 103
-286 129
-266 109
-282 127
-306 137
-302 127
-302 131
-266 129
-286 143
-270 143
-290 141
-326 145
-326 161
-346 153
-314 141
-266 137
-286 131
-322 145
-294 145
-274 145
-330 171
-306 157
-318 159
-334 159
-310 149
-322 169
-302 169
-294 157
-302 163
-342 179
-342 181
-358 193
-366 201
-366 193
-342 169
-330 175
-330 179
-366 187
-338 179
-322 163
-306 151
-318 135
-314 133
-318 99
-302 117
-314 149
-322 143
-334 125
-302 131
-322 129
-302 137
-298 141
-274 147
-294 131
-282 143
-262 123
-282 115
-302 115
-322 99
-270 113
-246 97
-286 117
-278 129
-302 153
-274 129
-258 121
-266 127
-278 141
-246 123
-254 115
-258 99
-254 109
-246 109
-254 109
-270 111
-298 129
-310 157
-350 195
-346 187
-382 203
-346 189
-378 203
-354 191
-378 193
-354 179
-346 187
-382 205
-382 203
-398 205
-374 199
-394 207
-358 191
-366 199
-358 201
-330 181
-354 185
-338 185
-362 191
-302 171
-314 173
-318 167
-330 177
-314 165
-278 147
-282 151
-318 175
-366 195
-338 179
-342 189
-322 179
-338 189
-374 193
-326 189
-350 195
-322 187
-342 193
-310 173
-326 185
-286 163
-298 143
-278 151
-298 165
-334 169
-330 169
-310 155
-338 171
-306 161
-290 141
-294 151
-330 167
-318 171
-330 173
-310 167
-314 161
-302 163
-338 179
-342 191
-350 191
-358 195
-386 207
-374 205
-378 205
-362 197
-350 197
-330 185
-338 185
-314 163
-362 173
-350 185
-370 199
-398 211
-398 207
-406 213
-370 203
-378 203
-378 205
-378 205
-378 203
-330 187
-346 193
-370 199
-374 191
-374 197
-362 191
-334 175
-306 165
-330 175
-350 183
-366 191
-362 195
-354 195
-370 195
-378 199
-374 197
-350 189
-322 177
-298 169
-282 159
-290 153
-322 171
-330 189
-358 197
-394 205
-390 203
-354 193
-366 189
-350 191
-374 201
-358 197
-362 193
-338 177
-334 181
-358 193
-354 191
-290 149
-322 153
-302 153
-366 197
-346 187
-310 169
-338 175
-342 183
-358 189
-366 189
-378 193
-374 193
-350 179
-358 175
-326 185
-338 179
-342 181
-378 195
-334 185
-354 189
-322 189
-358 191
-374 205
-410 215
-418 217
-406 213
-426 215
-426 219
-398 211
-382 205
-358 195
-386 197
-386 191
-378 179
-342 171
-350 193
-358 193
-342 191
-374 205
-390 209
-370 205
-362 199
-330 189
-326 189
-374 203
-386 205
-398 207
-390 205
-330 183
-326 163
-318 157
-342 169
-322 175
-338 175
-330 185
-310 179
-350 189
-370 197
-390 203
-366 197
-330 181
-346 191
-378 203
-358 197
-354 195
-402 207
-338 191
-354 193
-370 199
-374 199
-378 205
-378 199
-346 191
-362 201
-326 185
-354 197
-358 197
-358 193
-398 207
-382 207
-394 211
-390 203
-402 209
-422 215
-402 211
-378 201
-374 203
-318 185
-382 199
-378 195
-378 199
-330 179
-354 189
-358 181
-334 179
-322 181
-326 187
-342 177
-334 181
-342 181
-354 195
-330 189
-314 175
-310 167
-346 175
-314 155
-310 159
-310 161
-326 165
-310 165
-294 163
-326 167
-306 151
-302 143
-366 173
-346 177
-350 167
-326 167
-302 145
-318 147
-274 139
-326 181
-330 179
-302 175
-270 147
-286 149
-286 153
-270 151
-322 181
-278 159
-310 167
-302 169
-326 171
-302 173
-310 177
-314 179
-366 197
-402 209
-370 201
-386 207
-358 193
-370 193
-350 197
-350 193
-366 197
-378 203
-378 201
-382 207
-398 209
-354 195
-374 205
-382 197
-386 205
-350 193
-346 173
-314 167
-322 157
-330 157
-282 141
-246 139
-266 137
-282 157
-310 143
-318 167
-318 169
-326 175
-322 169
-318 175
-334 177
-278 155
-282 163
-282 151
-298 157
-322 167
-354 185
-354 181
-362 177
-358 191
-358 195
-390 199
-386 197
-366 195
-342 185
-330 179
-338 175
-314 167
-338 175
-362 179
-342 171
-270 159
-286 161
-266 155
-238 117
-238 113
-214 99
-246 133
-274 149
-238 145
-250 147
-282 157
-286 145
-258 155
-302 157
-310 175
-334 171
-250 141
-310 157
-282 153
-298 163
-334 167
-322 159
-334 167
-350 163
-346 159
-326 163
-322 141
-334 139
-322 121
-298 107
-294 89
-302 89
-274 69
-298 87
-294 107
-302 97
-266 111
-274 141
-278 129
-306 133
-258 103
-286 141
-326 139
-322 145
-346 135
-338 133
-310 139
-314 131
-282 103
-298 71
-290 55
-274 61
-282 67
-286 73
-294 95
-310 97
-322 121
-294 109
-322 127
-306 135
-278 127
-302 129
-270 131
-306 117
-294 131
-334 161
-366 189
-366 175
-362 191
-374 187
-374 199
-326 181
-302 163
-338 181
-314 169
-318 163
-318 171
-310 171
-338 173
-346 175
-314 167
-342 167
-362 169
-358 175
-306 155
-258 135
-282 149
-322 175
-370 199
-338 179
-330 183
-354 193
-350 197
-358 195
-322 183
-358 191
-382 201
-362 199
-306 169
-338 181
-334 183
-322 183
-266 143
-262 143
-254 131
-262 119
-286 119
-246 123
-274 125
-290 125
-294 113
-254 119
-266 109
-262 93
-258 93
-242 91
-282 119
-286 95
-290 87
-250 67
-254 65
-258 63
-266 85
-310 101
-302 117
-274 109
-290 97
-286 77
-274 77
-258 65
-282 61
-322 69
-290 71
-310 77
-262 61
-274 59
-230 67
-254 73
-234 63
-214 49
-278 67
-266 29
-234 15
-234 29
-234 47
-246 33
-282 45
-286 71
-242 77
-238 55
-246 89
-266 107
-262 105
-254 87
-230 61
-262 43
-246 61
-246 65
-278 51
-278 75
-262 73
-282 85
-282 67
-270 61
-294 47
-298 51
-298 69
-294 79
-286 51
-282 37
-306 27
-310 43
-250 45
-246 53
-266 55
-310 69
-294 61
-262 43
-294 53
-302 81
-286 81
-290 33
-314 55
-298 69
-314 75
-314 65
-330 77
-290 87
-302 103
-322 97
-326 107
-318 119
-306 129
-330 141
-318 141
-358 155
-338 175
-310 169
-354 193
-350 195
-334 187
-302 179
-322 183
-274 153
-310 173
-334 189
-350 191
-354 189
-350 189
-334 191
-326 187
-334 185
-330 181
-350 195
-362 199
-394 209
-362 197
-358 189
-374 195
-394 201
-366 191
-358 189
-370 195
-370 199
-358 193
-338 187
-350 189
-354 185
-322 183
-350 189
-362 193
-330 183
-338 191
-374 203
-390 203
-362 191
-354 195
-346 185
-374 199
-394 205
-398 207
-378 201
-374 203
-350 195
-362 189
-322 181
-350 193
-354 189
-374 205
-382 205
-362 193
-358 177
-322 163
-334 165
-338 171
-366 195
-346 181
-354 189
-338 183
-354 187
-366 199
-354 195
-374 203
-374 199
-410 213
-418 217
-362 199
-374 203
-350 197
-350 193
-374 203
-358 197
-378 203
-338 189
-362 195
-398 211
-402 211
-386 205
-398 207
-398 207
-386 205
-406 211
-394 203
-374 205
-362 199
-382 201
-362 197
-382 205
-394 209
-398 211
-398 209
-402 211
-402 211
-366 197
-370 203
-370 203
-374 205
-366 201
-350 197
-366 199
-358 193
-310 165
-306 163
-334 167
-326 181
-350 189
-350 189
-310 167
-294 161
-306 163
-294 149
-310 153
-314 151
-278 139
-302 151
-318 161
-334 173
-322 169
-354 185
-346 193
-370 203
-378 205
-374 201
-386 205
-354 187
-382 203
-418 215
-426 219
-386 209
-374 205
-366 201
-350 183
-366 191
-326 175
-338 183
-390 207
-378 203
-342 189
-334 185
-334 193
-386 205
-390 203
-374 189
-378 195
-342 179
-290 155
-302 161
-334 187
-330 189
-338 191
-354 185
-322 177
-322 167
-366 193
-382 199
-318 163
-314 171
-298 167
-314 171
-330 167
-326 167
-322 179
-342 191
-342 187
-326 171
-274 155
-290 171
-290 163
-294 151
-286 139
-306 147
-274 147
-314 167
-322 181
-290 159
-322 173
-310 171
-310 159
-266 149
-278 155
-294 161
-338 181
-354 187
-370 193
-350 189
-354 179
-370 187
-354 181
-338 179
-354 189
-342 185
-370 195
-366 197
-358 193
-366 201
-374 199
-386 205
-330 183
-326 183
-310 179
-334 187
-302 169
-330 177
-346 175
-338 173
-322 171
-326 151
-342 151
-318 133
-330 141
-314 153
-378 179
-362 183
-354 183
-330 171
-302 169
-298 159
-302 155
-302 169
-298 163
-310 163
-342 181
-330 181
-334 181
-310 175
-322 183
-374 195
-382 195
-310 159
-274 139
-250 127
-254 139
-294 151
-294 155
-322 159
-330 179
-278 165
-310 161
-326 177
-334 189
-342 189
-378 195
-346 187
-350 191
-370 197
-322 173
-338 183
-358 189
-314 167
-362 189
-342 179
-326 161
-314 163
-298 141
-302 151
-310 163
-286 155
-338 187
-326 181
-366 199
-358 187
-350 181
-318 173
-346 173
-298 165
-302 177
-306 179
-334 189
-342 191
-350 191
-362 197
-374 201
-410 215
-354 191
-350 175
-330 177
-314 171
-282 175
-294 167
-314 159
-326 161
-326 171
-330 181
-330 179
-354 195
-382 193
-366 201
-362 193
-342 187
-370 193
-330 185
-358 195
-298 171
-350 179
-358 189
-394 209
-382 203
-354 197
-354 193
-362 195
-346 189
-330 183
-354 181
-346 179
-326 169
-330 177
-334 181
-346 193
-354 189
-362 197
-394 209
-366 201
-382 205
-426 217
-394 207
-394 207
-378 203
-418 217
-426 219
-422 217
-390 207
-390 207
-398 209
-390 205
-386 205
-394 209
-394 209
-362 191
-334 179
-338 169
-338 173
-306 163
-286 161
-302 167
-330 183
-302 167
-350 171
-318 175
-330 179
-342 185
-346 189
-342 183
-366 199
-334 187
-346 193
-322 183
-354 179
-350 187
-350 187
-350 175
-342 169
-342 175
-358 191
-374 199
-362 193
-398 207
-386 209
-358 195
-330 183
-342 185
-354 185
-350 183
-354 187
-386 185
-358 185
-314 171
-342 177
-346 185
-314 175
-306 165
-354 181
-330 173
-334 179
-318 167
-306 143
-310 153
-334 155
-354 179
-342 169
-350 181
-338 175
-330 183
-278 153
-278 145
-290 139
-290 133
-314 159
-346 179
-358 185
-382 205
-406 211
-394 211
-418 215
-390 205
-370 197
-382 203
-358 197
-302 165
-306 159
-342 163
-366 179
-346 169
-346 171
-374 181
-338 177
-338 183
-334 183
-306 183
-350 197
-358 197
-358 195
-350 193
-354 189
-322 185
-350 191
-330 179
-314 173
-294 143
-274 123
-310 135
-298 139
-266 137
-278 143
-318 149
-278 147
-282 139
-322 167
-290 159
-326 159
-322 155
-330 147
-314 133
-318 135
-306 133
-298 145
-262 141
-310 155
-306 145
-306 139
-322 141
-310 125
-294 109
-286 113
-254 93
-270 79
-258 63
-270 51
-278 81
-294 79
-286 81
-266 81
-282 93
-282 105
-286 99
-278 113
-258 95
-290 109
-274 93
-274 107
-286 89
-266 99
-270 105
-258 95
-234 85
-242 89
-230 83
-226 73
-206 73
-230 77
-206 57
-194 53
-230 63
-226 63
-246 95
-250 93
-298 127
-294 125
-266 139
-282 151
-262 145
-274 121
-250 119
-302 145
-290 155
-254 143
-302 167
-322 175
-322 163
-346 175
-310 167
-322 183
-350 195
-354 193
-354 185
-390 203
-358 195
-394 209
-402 213
-394 209
-386 205
-402 211
-410 215
-382 207
-386 203
-382 201
-406 213
-382 205
-390 209
-386 207
-378 203
-382 203
-378 203
-358 199
-338 189
-334 183
-302 161
-330 169
-330 177
-302 173
-274 143
-282 139
-306 145
-322 131
-294 139
-278 129
-246 129
-266 133
-262 129
-302 139
-278 129
-270 131
-286 125
-254 103
-270 97
-282 105
-306 113
-290 111
-338 131
-334 117
-294 111
-282 93
-278 59
-306 53
-294 29
-270 3
-250 7
-218 13
-238 29
-254 13
-254 5
-250 7
-270 25
-246 11
-246 9
-230 3
-246 21
-270 21
-270 37
-270 45
-242 49
-258 73
-274 57
-282 57
-306 65
-298 51
-282 53
-266 51
-246 63
-266 89
-306 127
-286 119
-250 87
-282 79
-318 93
-266 101
-262 119
-278 101
-290 67
-266 47
-258 57
-266 29
-238 29
-250 13
-226 17
-274 33
-262 43
-290 27
-274 3
-290 3
-294 3
-294 7
-294 13
-278 19
-266 35
-246 43
-258 47
-262 41
-270 51
-270 73
-230 67
-222 61
-250 103
-290 133
-302 135
-282 145
-266 149
-266 163
-298 173
-302 165
-294 153
-310 163
-274 139
-294 145
-254 133
-318 151
-326 155
-294 157
-326 167
-350 185
-322 183
-314 177
-350 187
-354 191
-382 199
-394 205
-378 199
-334 191
-378 199
-406 213
-418 215
-386 209
-322 173
-338 163
-314 171
-362 195
-350 187
-342 183
-334 179
-342 193
-330 187
-310 175
-334 161
-342 179
-306 165
-318 169
-330 167
-338 173
-306 155
-314 165
-350 165
-342 171
-330 185
-354 189
-350 191
-342 185
-358 191
-342 193
-366 199
-410 213
-370 203
-426 219
-402 209
-346 195
-362 201
-378 201
-342 185
-382 203
-302 169
-310 173
-342 191
-338 181
-350 179
-342 189
-334 181
-362 197
-334 187
-314 177
-330 181
-330 165
-358 181
-354 175
-334 179
-334 161
-326 169
-326 159
-350 179
-326 179
-338 181
-370 201
-358 197
-362 199
-378 205
-318 181
-326 183
-350 191
-302 169
-334 185
-366 197
-338 185
-394 209
-390 203
-410 203
-402 201
-390 203
-346 189
-366 201
-338 189
-358 197
-354 193
-342 189
-358 195
-378 199
-410 211
-362 201
-358 187
-326 171
-342 189
-326 187
-354 195
-374 201
-390 209
-382 205
-382 207
-378 205
-354 195
-378 203
-386 205
-370 201
-346 183
-338 179
-334 161
-298 157
-302 147
-326 149
-322 169
-278 159
-294 159
-322 173
-338 173
-330 179
-382 203
-390 207
-398 209
-378 203
-370 199
-338 177
-322 175
-378 201
-362 201
-378 195
-394 205
-402 207
-378 195
-362 183
-386 205
-366 201
-354 191
-346 187
-306 169
-310 173
-334 175
-358 193
-354 195
-338 185
-334 191
-330 183
-282 167
-334 187
-366 199
-334 191
-370 197
-342 187
-330 173
-350 167
-338 161
-322 159
-350 157
-370 155
-334 147
-334 151
-298 159
-314 151
-330 145
-330 141
-302 143
-326 139
-318 133
-302 127
-278 115
-258 117
-254 87
-234 73
-238 49
-274 39
-270 33
-254 33
-278 31
-234 15
-226 13
-202 27
-202 35
-230 7
-274 27
-254 35
-250 7
-254 3
-234 7
-274 25
-266 19
-278 41
-270 65
-226 77
-222 53
-202 35
-222 33
-242 37
-214 65
-274 83
-290 77
-282 67
-234 53
-218 49
-238 73
-222 117
-230 111
-226 93
-286 127
-294 141
-310 163
-318 159
-362 179
-298 165
-306 133
-302 119
-306 139
-306 143
-298 133
-278 147
-286 173
-310 179
-314 167
-294 163
-326 179
-318 181
-330 189
-314 185
-314 177
-302 175
-326 179
-338 191
-334 181
-342 181
-366 193
-362 187
-354 191
-358 193
-354 191
-334 183
-310 177
-350 189
-370 199
-338 181
-350 175
-318 145
-322 163
-318 171
-294 167
-314 159
-302 171
-294 165
-334 185
-326 179
-326 177
-318 169
-318 165
-318 161
-338 167
-338 179
-366 193
-366 199
-350 197
-362 199
-346 187
-366 191
-394 209
-338 187
-358 191
-370 197
-330 175
-346 185
-326 173
-330 179
-326 157
-338 181
-314 183
-282 161
-310 173
-354 191
-362 201
-322 181
-290 155
-314 171
-286 153
-306 159
-306 163
-294 175
-326 181
-338 165
-342 183
-294 159
-278 153
-350 181
-334 175
-354 191
-374 197
-366 187
-382 199
-402 211
-398 209
-378 205
-378 193
