10 35
-350 183
-314 173
-298 161
-342 177
-342 187
-362 193
-366 189
-354 195
-350 199
-378 203
-374 201
-362 195
-366 197
-354 189
-378 201
-402 211
-374 197
-354 197
-330 183
-346 191
-326 183
-342 185
-322 183
-318 173
-362 197
-354 195
-362 201
-326 185
-350 193
-370 199
-386 205
-346 189
-334 177
-350 189
-386 201
-374 201
-354 197
-354 191
-338 189
-394 203
-362 193
-350 187
-346 181
-334 187
-310 185
-326 187
-302 153
-318 149
-258 143
-278 149
-254 147
-254 137
-258 149
-298 153
-278 149
-298 161
-274 157
-318 173
-334 187
-326 177
-318 169
-326 163
-330 175
-322 161
-270 129
-318 163
-318 171
-334 167
-290 149
-306 147
-314 157
-290 143
-326 153
-314 157
-350 179
-366 183
-342 179
-358 191
-346 187
-330 185
-370 197
-374 195
-326 183
-342 195
-350 197
-362 193
-402 211
-418 215
-414 215
-418 215
-382 207
-378 205
-386 207
-370 193
-350 193
-326 185
-346 191
-338 191
-362 193
-342 181
-378 171
-362 165
-366 167
-334 153
-302 137
-326 151
-282 153
-290 153
-318 167
-290 135
-290 109
-310 101
-306 99
-278 107
-290 119
-286 117
-302 111
-286 119
-290 115
-282 123
-306 129
-286 107
-274 99
-262 99
-278 85
-294 87
-290 97
-286 95
-282 117
-290 129
-246 99
-278 111
-262 109
-218 105
-214 81
-254 111
-286 139
-342 153
-362 169
-314 135
-298 129
-322 125
-342 153
-322 163
-338 171
-342 173
-330 169
-342 175
-378 189
-346 173
-350 175
-346 175
-314 153
-306 155
-318 167
-306 175
-294 159
-330 167
-266 137
-242 129
-310 155
-298 147
-334 173
-346 177
-334 173
-318 173
-342 181
-354 185
-354 181
-346 187
-322 183
-338 183
-326 187
-326 173
-334 181
-334 179
-322 173
-338 181
-342 181
-362 197
-366 199
-354 193
-346 191
-318 177
-286 147
-326 165
-290 147
-274 149
-278 141
-322 157
-326 165
-354 165
-326 159
-306 153
-334 163
-298 171
-322 171
-334 175
-362 185
-330 173
-326 163
-310 157
-290 147
-278 141
-250 151
-286 169
-282 159
-294 147
-298 143
-286 135
-310 151
-318 161
-338 179
-338 177
-350 185
-342 195
-322 189
-358 187
-342 181
-362 199
-294 171
-294 161
-262 153
-302 177
-286 167
-278 157
-302 171
-306 181
-342 191
-370 201
-390 207
-394 205
-330 191
-374 197
-294 167
-298 161
-294 155
-310 171
-314 157
-330 143
-318 151
-298 137
-310 141
-314 171
-302 171
-302 169
-322 179
-314 181
-318 179
-338 177
-330 167
-318 171
-342 189
-382 199
-330 189
-354 193
-366 199
-318 181
-350 191
-358 197
-362 197
-330 185
-326 187
-302 159
-306 147
-286 145
-294 145
-318 149
-286 125
-266 131
-262 123
-306 127
-274 113
-302 97
-254 97
-258 97
-242 101
-194 83
-230 75
-258 89
-202 69
-242 105
-262 115
-218 127
-266 139
-270 143
-274 135
-226 125
-254 137
-266 125
-262 131
-266 131
-286 137
-290 147
-274 135
-298 159
-326 175
-322 165
-330 177
-358 189
-342 187
-326 185
-342 187
-310 177
-314 179
-322 175
-318 175
-394 199
-366 185
-354 181
-354 181
-366 197
-366 195
-342 179
-298 167
-246 143
-250 119
-262 131
-254 131
-298 123
-278 123
-306 163
-318 167
-306 165
-306 175
-318 173
-302 151
-318 157
-302 167
-338 169
-286 145
-262 151
-278 161
-322 173
-322 187
-350 187
-346 181
-322 181
-374 201
-346 191
-322 183
-346 187
-366 197
-394 211
-386 205
-402 213
-398 211
-422 217
-366 199
-386 201
-342 191
-342 187
-346 183
-298 159
-342 175
-318 175
-294 163
-322 171
-302 165
-310 173
-314 183
-338 181
-310 177
-334 175
-330 175
-342 187
-274 157
-302 149
-286 151
-326 163
-330 151
-286 139
-298 147
-306 133
-302 145
-318 151
-294 159
-294 153
-278 141
-250 133
-278 141
-270 151
-326 177
-306 155
-322 155
-334 145
-338 151
-330 159
-338 169
-330 169
-330 177
-342 185
-326 175
-310 163
-318 171
-370 197
-398 211
-410 213
-382 205
-374 201
-334 179
-370 193
-314 171
-346 173
-322 177
-374 203
-334 177
-290 163
-306 161
-310 159
-346 187
-362 197
-358 195
-326 187
-350 197
-406 213
-370 197
-318 169
-342 183
-374 201
-394 211
-422 217
-374 201
-330 187
-314 175
-302 169
-282 159
-286 155
-322 161
-326 155
-330 147
-310 149
-318 135
-314 131
-298 141
-290 141
-294 139
-322 163
-298 161
-294 163
-258 143
-306 153
-314 149
-318 149
-314 153
-282 151
-298 143
-266 127
-306 165
-346 185
-342 187
-358 195
-366 195
-334 175
-354 181
-306 167
-314 177
-322 181
-318 177
-314 181
-358 193
-318 185
-274 165
-302 167
-358 191
-318 179
-354 187
-358 195
-366 199
-358 199
-366 195
-354 189
-378 203
-366 201
-342 193
-354 197
-366 197
-386 203
-370 199
-342 187
-370 201
-410 215
-382 203
-342 189
-338 187
-362 191
-330 183
-334 187
-326 175
-334 179
-342 175
-314 175
-314 185
-286 157
-302 171
-326 179
-350 193
-326 177
-278 161
-290 147
-310 167
-310 167
-330 167
-322 151
-266 111
-286 123
-302 141
-286 147
-314 149
-290 125
-286 115
-294 111
-306 121
-246 97
-314 157
-346 167
-330 153
-318 137
-290 109
-282 107
-258 139
-262 151
-262 143
-250 151
-286 159
-306 159
-274 165
-306 175
-310 177
-338 179
-334 177
-326 173
-318 167
-334 175
-322 169
-274 155
-286 153
-286 141
-298 141
-270 139
-286 145
-286 147
-330 165
-334 171
-350 167
-314 177
-334 185
-306 181
-346 191
-346 181
-338 173
-314 165
-346 169
-314 167
-298 153
-282 129
-302 131
-258 115
-290 143
-290 143
-318 177
-354 195
-342 193
-338 183
-362 195
-366 201
-390 207
-382 201
-326 189
-358 195
-318 183
-362 189
-318 183
-366 193
-338 187
-362 193
-378 191
-366 189
-338 181
-326 181
-386 201
-382 203
-410 213
-390 209
-350 195
-342 181
-322 175
-314 185
-354 197
-402 211
-398 211
-418 217
-386 205
-366 201
-382 203
-362 195
-366 191
-362 195
-374 193
-334 183
-290 169
-354 187
-330 183
-334 181
-322 179
-338 181
-366 197
-350 187
-358 189
-350 187
-354 195
-322 175
-326 173
-342 183
-314 175
-278 161
-286 149
-310 159
-282 153
-322 163
-358 183
-382 185
-390 171
-334 157
-310 163
-346 159
-338 157
-350 177
-350 173
-346 173
-370 181
-338 175
-342 173
-342 165
-338 157
-334 157
-358 161
-358 147
-338 135
-330 113
-302 107
-326 123
-338 141
-342 145
-306 127
-314 133
-318 123
-322 139
-326 161
-326 181
-350 185
-334 175
-346 185
-366 191
-398 211
-370 203
-378 205
-358 193
-382 203
-386 205
-398 209
-374 199
-394 209
-386 207
-374 199
-426 219
-414 215
-378 203
-362 189
-346 191
-354 193
-338 187
-394 207
-366 191
-390 205
-350 189
-374 199
-362 189
-338 185
-290 159
-286 151
-274 143
-310 139
-302 133
-306 131
-334 161
-330 167
-338 165
-338 161
-334 173
-298 155
-306 149
-290 143
-282 161
-278 151
-282 155
-298 149
-318 155
-338 171
-354 171
-322 175
-330 175
-330 171
-350 177
-346 181
-322 183
-354 189
-378 197
-370 199
-362 193
-366 199
-326 181
-310 173
-362 201
-394 205
-390 201
-370 193
-342 189
-358 191
-362 193
-354 193
-386 203
-398 205
-398 209
-382 207
-354 185
-322 169
-302 159
-290 157
-330 167
-314 173
-318 175
-342 185
-358 197
-334 189
-342 187
-326 175
-330 175
-282 151
-238 113
-238 109
-254 109
-246 107
-230 109
-262 109
-258 103
-278 123
-298 133
-278 127
-286 133
-302 139
-306 137
-282 105
-290 123
-318 145
-298 127
-298 91
-294 99
-306 89
-294 85
-286 69
-290 69
-322 83
-342 111
-354 105
-310 93
-338 91
-306 75
-278 87
-294 75
-286 81
-294 65
-282 65
-254 73
-230 65
-254 73
-250 93
-270 93
-278 77
-250 97
-262 99
-278 89
-262 73
-242 55
-218 83
-214 97
-206 99
-234 109
-270 139
-278 133
-266 137
-338 171
-350 177
-346 169
-310 155
-314 175
-322 179
-342 175
-314 175
-382 193
-386 195
-370 197
-386 205
-378 199
-374 197
-322 179
-314 173
-322 173
-358 193
-342 189
-410 215
-382 203
-358 195
-310 173
-338 173
-322 169
-334 171
-374 181
-394 199
-374 197
-378 193
-350 187
-358 187
-342 189
-326 173
-334 175
-326 157
-318 165
-306 151
-314 151
-298 149
-314 159
-318 161
-306 173
-342 187
-326 187
-362 193
-386 205
-406 209
-326 187
-362 201
-354 197
-394 209
-362 197
-374 203
-358 199
-378 203
-394 209
-374 203
-426 215
-406 211
-398 211
-398 211
-362 197
-354 193
-342 189
-306 177
-322 181
-334 181
-358 193
-370 199
-314 183
-302 167
-322 169
-322 153
-330 171
-330 179
-358 191
-354 193
-346 187
-330 167
-278 147
-290 155
-306 163
-326 175
-342 181
-290 155
-322 157
-314 135
-310 129
-262 83
-242 93
-266 101
-278 115
-282 131
-310 147
-322 159
-330 165
-246 133
-270 135
-302 157
-306 165
-278 147
-294 155
-286 151
-310 157
-318 173
-290 167
-282 155
-282 149
-286 147
-322 159
-302 155
-306 143
-266 127
-254 117
-254 125
-250 135
-266 125
-246 141
-230 117
-242 113
-274 137
-282 141
-242 137
-270 147
-306 147
-334 169
-310 163
-310 151
-326 147
-334 153
-350 167
-334 173
-354 177
-338 181
-302 169
-350 191
-358 195
-354 193
-338 181
-374 205
-374 199
-366 185
-334 169
-306 159
-330 173
-342 177
-354 185
-386 203
-362 189
-374 205
-362 193
-382 201
-342 191
-282 169
-306 173
-302 173
-302 171
-310 171
-306 145
-298 149
-254 143
-322 163
-310 153
-318 185
-286 165
-306 149
-290 151
-302 139
-294 127
-246 115
-234 103
-246 105
-282 117
-250 121
-246 107
-294 139
-286 133
-290 159
-298 165
-282 157
-274 153
-334 173
-342 187
-334 175
-334 161
-330 155
-350 181
-318 159
-310 163
-334 165
-314 161
-322 171
-278 153
-310 161
-270 153
-342 179
-378 181
-346 161
-322 161
-262 143
-302 167
-350 181
-306 171
-350 183
-338 191
-362 187
-382 189
-382 193
-378 197
-378 201
-342 189
-310 175
-330 183
-334 177
-318 175
-354 189
-366 201
-366 199
-382 203
-350 195
-358 195
-322 181
-362 197
-326 169
-322 177
-354 185
-362 193
-362 197
-406 213
-354 195
-362 195
-382 201
-390 207
-394 209
-378 203
-366 197
-298 167
-286 169
-286 171
-326 169
-354 189
-378 191
-362 193
-330 165
-346 169
-330 169
-314 159
-274 131
-258 133
-306 145
-274 137
-250 117
-266 123
-314 157
-306 169
-310 169
-298 165
-318 167
-318 167
-310 163
-330 175
-334 179
-350 183
-346 191
-322 183
-318 187
-326 185
-330 173
-346 181
-370 185
-338 181
-346 187
-378 199
-342 185
-314 179
-366 195
-366 195
-362 195
-338 185
-334 185
-350 191
-386 197
-390 203
-394 211
-358 199
-350 195
-310 175
-314 175
-242 135
-226 115
-286 137
-298 151
-258 135
-294 145
-318 171
-374 191
-370 203
-350 197
-366 201
-310 185
-322 177
-334 177
-314 161
-330 175
-338 179
-366 195
-366 181
-346 165
-342 165
-354 165
-350 185
-350 183
-314 177
-314 175
-302 173
-274 133
-262 137
-254 139
-242 135
-270 133
-290 141
-310 159
-314 171
-290 167
-326 187
-334 191
-286 173
-322 185
-294 169
-298 155
-278 147
-330 177
-318 167
-310 173
-318 173
-338 179
-330 171
-258 131
-258 149
-258 149
-306 161
-326 165
-310 159
-282 163
-326 169
-386 191
-322 175
-306 181
-314 177
-286 161
-266 161
-306 159
-366 187
-322 173
-314 165
-342 185
-342 183
-342 179
-326 181
-330 185
-334 189
-322 173
-346 179
-346 195
-326 191
-362 187
-362 193
-342 191
-354 179
-330 179
-330 181
-346 189
-354 189
-334 181
-346 189
-318 177
-322 169
-338 171
-282 149
-286 139
-278 155
-286 155
-274 153
-266 153
-286 149
-262 151
-274 135
-298 147
-286 145
-310 149
-326 161
-294 157
-310 141
-302 133
-274 133
-286 121
-262 113
-274 129
-286 117
-250 119
-286 129
-278 117
-262 103
-234 83
-254 103
-238 87
-234 85
-226 77
-258 79
-222 65
-226 67
-218 79
-266 135
-270 133
-262 135
-270 117
-270 137
-298 127
-334 137
-282 105
-270 109
-266 107
-246 101
-234 83
-258 71
-282 101
-286 71
-242 99
-302 95
-286 115
-282 131
-302 141
-338 141
-342 137
-330 129
-314 139
-290 141
-318 141
-318 135
-282 119
-286 89
-274 87
-286 67
-254 37
-250 35
-254 27
-266 29
-266 23
-250 11
-246 3
-266 31
-254 39
-238 23
-274 35
-258 39
-266 39
-298 33
