44 22
-256 4
-312 24
-336 34
-408 54
-404 42
-432 48
-404 30
-420 34
-404 60
-376 44
-388 44
-456 70
-480 88
-432 48
-428 34
-440 38
-384 38
-420 44
-440 54
-484 82
-456 52
-432 42
-444 4
-436 28
-456 60
-428 46
-432 26
-452 48
-408 40
-352 62
-376 64
-392 84
-408 64
-460 122
-448 132
-460 136
-488 152
-452 130
-480 136
-516 136
-544 138
-492 136
-588 180
-552 184
-548 192
-524 184
-592 200
-572 186
-544 182
-508 162
-504 142
-496 144
-488 134
-464 166
-452 180
-464 182
-512 208
-512 216
-492 212
-460 226
-524 252
-524 274
-492 250
-524 248
-536 278
-524 260
-568 280
-588 298
-572 302
-576 310
-548 294
-528 284
-524 266
-508 258
-500 264
-496 270
-488 274
-520 280
-548 282
-524 296
-512 268
-512 264
-456 250
-512 278
-528 296
-564 302
-492 286
-536 266
-556 288
-616 310
-620 320
-624 316
-576 302
-568 298
-536 288
-524 278
-524 278
-532 274
-508 278
-548 268
-520 292
-556 284
-584 302
-560 310
-604 330
-616 328
-676 350
-640 346
-608 328
-712 362
-640 344
-600 324
-596 330
-628 338
-632 346
-644 352
-708 372
-600 334
-600 332
-620 344
-648 350
-652 354
-572 322
-580 320
-584 314
-588 308
-624 308
-600 296
-520 286
-476 272
-568 308
-580 312
-536 290
-520 284
-520 260
-556 286
-508 250
-536 252
-508 242
-520 238
-552 264
-560 288
-572 278
-576 274
-564 256
-544 280
-516 286
-556 286
-572 302
-532 282
-552 290
-528 284
-564 292
-524 274
-540 278
-564 290
-528 280
-520 286
-524 284
-572 296
-616 334
-576 322
-576 322
-628 324
-596 328
-564 318
-596 332
-604 328
-600 336
-616 324
-580 320
-564 314
-632 338
-612 336
-660 356
-616 322
-592 312
-580 296
-516 254
-580 280
-552 282
-548 274
-580 278
-568 260
-516 244
-528 242
-572 282
-544 278
-552 290
-544 284
-532 288
-544 262
-484 256
-524 258
-492 236
-536 252
-552 244
-520 230
-532 242
-540 260
-552 264
-584 278
-528 254
-528 252
-496 250
-504 238
-516 268
-536 282
-580 304
-548 270
-560 282
-564 290
-584 294
-568 268
-528 256
-524 262
-556 292
-560 302
-588 308
-536 286
-552 290
-600 304
-548 294
-608 324
-560 312
-552 298
-528 294
-492 296
-464 270
-516 286
-512 284
-528 294
-524 288
-524 278
-536 280
-524 266
-548 252
-492 226
-444 222
-508 222
-472 200
-524 216
-504 236
-536 276
-492 264
-484 244
-496 272
-540 290
-500 268
-536 282
-508 256
-504 238
-516 236
-532 220
-516 212
-448 186
-432 164
-436 152
-404 154
-408 130
-412 156
-424 156
-464 152
-468 154
-444 180
-448 180
-480 188
-440 162
-428 160
-488 180
-472 206
-484 172
-500 174
-464 140
-456 128
-484 154
-512 164
-516 174
-516 176
-556 184
-560 222
-584 224
-584 244
-556 228
-560 234
-520 226
-532 234
-472 190
-544 214
-540 196
-496 184
-488 162
-516 168
-512 170
-524 178
-480 146
-492 178
-508 166
-520 172
-492 178
-500 152
-524 172
-548 166
-512 184
-548 188
-564 224
-528 216
-524 186
-508 166
-480 170
-492 188
-512 194
-476 186
-496 200
-472 218
-500 236
-476 238
-448 232
-516 228
-516 236
-556 288
-564 276
-520 262
-504 244
-544 256
-452 244
-480 256
-528 274
-544 292
-520 280
-548 286
-560 286
-512 272
-484 280
-496 282
-512 268
-504 264
-492 274
-544 310
-580 318
-628 336
-576 320
-612 338
-544 314
-548 310
-580 322
-632 348
-632 352
-612 330
-632 326
-612 310
-580 310
-552 304
-576 310
-520 306
-520 306
-544 306
-564 298
-568 284
-540 264
-556 280
-532 264
-508 218
-520 230
-512 208
-476 170
-488 174
-512 224
-500 218
-508 202
-540 230
-548 230
-560 238
-596 260
-564 226
-524 204
-488 216
-444 200
-452 210
-524 228
-508 220
-500 230
-540 236
-584 266
-596 272
-560 264
-568 270
-568 270
-528 262
-536 262
-492 240
-468 216
-464 178
-456 184
-444 174
-492 184
-488 182
-524 228
-508 224
-540 218
-512 210
-508 222
-508 218
-572 226
-528 214
-536 234
-512 252
-500 258
-496 276
-524 298
-576 314
-604 332
-608 334
-592 316
-560 314
-600 328
-596 326
-608 324
-576 314
-548 282
-616 300
-612 296
-556 282
-548 300
-556 312
-572 306
-636 328
-608 316
-616 318
-540 292
-528 292
-544 296
-548 318
-612 332
-620 338
-680 364
-616 346
-636 346
-620 342
-660 352
-668 352
-676 356
-680 350
-648 342
-620 336
-592 330
-672 358
-620 328
-620 330
-644 334
-624 336
-564 302
-512 272
-484 264
-548 280
-556 282
-592 280
-592 268
-580 276
-596 284
-584 272
-536 260
-568 252
-540 254
-572 262
-536 250
-544 258
-488 248
-520 244
-548 268
-520 232
-504 240
-516 250
-500 240
-416 186
-456 182
-456 186
-444 198
-460 180
-468 192
-468 184
-484 148
-460 156
-464 138
-440 154
-464 192
-456 172
-408 176
-448 164
-416 160
-388 182
-424 172
-460 142
-452 120
-416 88
-444 78
-440 72
-440 28
-496 40
-496 42
-456 20
-392 6
-420 48
-500 28
-512 4
-452 34
-472 8
-448 16
-452 28
-464 46
-504 52
-500 66
-524 98
-460 104
-492 94
-516 82
-488 76
-468 50
-460 74
-456 76
-472 60
-476 46
-456 22
-496 50
-468 28
-464 50
-476 50
-488 30
-476 12
-456 16
-496 10
-516 30
-440 50
-392 46
-420 22
-452 34
-436 32
-464 20
-476 18
-496 6
-472 6
-504 18
-484 8
-500 6
-540 8
-532 10
-500 12
-424 30
-400 14
-364 34
-412 30
-436 16
-460 22
-424 24
-380 20
-356 36
-400 42
-396 28
-424 24
-416 10
-412 12
-404 24
-424 6
-400 6
-432 4
-404 20
-440 2
-440 16
-452 46
-416 38
-460 40
-512 50
-452 56
-464 54
-424 46
-496 70
-516 86
-488 84
-508 96
-492 104
-492 126
-508 128
-464 110
-468 94
-456 98
-460 152
-496 134
-484 104
-492 104
-496 128
-496 152
-556 174
-532 146
-520 170
-476 180
-516 208
-536 180
-476 186
-456 202
-424 180
-456 188
-452 190
-432 174
-440 186
-412 166
-460 196
-492 208
-544 244
-540 260
-504 220
-508 224
-488 226
-524 240
-548 248
-544 226
-508 236
-532 198
-460 180
-452 188
-468 190
-460 220
-484 226
-468 222
-492 238
-508 238
-516 242
-524 250
-516 240
-460 224
-468 194
-488 180
-496 162
-476 162
-432 168
-444 160
-512 184
-536 184
-492 190
-496 180
-492 170
-540 200
-520 200
-492 182
-540 194
-524 214
-576 238
-600 250
-512 218
-536 240
-572 242
-528 234
-560 238
-532 220
-516 214
-464 190
-520 186
-508 200
-508 196
-520 176
-508 164
-544 190
-524 182
-468 148
-452 176
-468 194
-444 182
-420 172
-424 174
-412 202
-452 210
-436 188
-476 222
-476 224
-480 214
-432 166
-484 174
-504 160
-520 134
-484 134
-480 130
-420 104
-424 100
-464 70
-476 68
-468 72
-496 90
-504 74
-476 58
-396 60
-460 72
-456 106
-456 78
-448 82
-396 54
-424 68
-420 48
-464 32
-428 28
-388 34
-380 54
-392 60
-400 18
-420 30
-380 50
-476 94
-432 114
-476 154
-520 174
-464 172
-452 200
-480 204
-488 200
-508 216
-508 234
-524 228
-512 246
-564 276
-552 268
-552 268
-536 276
-536 284
-476 264
-452 240
-444 238
-460 230
-452 196
-488 226
-528 248
-496 250
-512 254
-480 254
-444 240
-516 280
-564 268
-540 260
-544 248
-556 264
-472 234
-496 232
-492 228
-504 214
-516 244
-524 222
-468 206
-484 204
-484 238
-460 216
-480 204
-488 228
-504 236
-536 246
-496 246
-484 230
-520 262
-548 268
-548 264
-548 252
-540 222
-500 206
-524 192
-480 168
-480 154
-480 148
-472 156
-488 140
-460 156
-420 140
-456 148
-476 164
-512 164
-504 126
-488 130
-436 130
-500 112
-504 108
-432 108
-448 92
-452 100
-456 132
-456 114
-472 84
-452 122
-452 158
-480 194
-496 208
-464 190
-544 228
-540 240
-536 244
-524 242
-564 252
-500 218
-544 236
-560 254
-512 256
-524 266
-552 282
-572 272
-596 276
-584 282
-600 312
-576 316
-592 326
-584 328
-584 326
-668 350
-572 324
-608 320
-568 312
-588 320
-608 328
-560 308
-580 308
-592 308
-576 304
-576 310
-568 304
-536 286
-516 246
-524 240
-512 234
-508 232
-496 228
-496 248
-508 250
-488 254
-544 268
-512 266
-528 272
-560 286
-536 260
-528 270
-564 258
-524 248
-544 248
-584 260
-572 252
-532 240
-512 204
-520 192
-456 176
-408 154
-404 150
-492 188
-468 188
-516 176
-480 174
-484 172
-476 214
-528 238
-572 262
-588 248
-568 244
-564 234
-504 196
-548 204
-496 196
-504 198
-540 206
-564 240
-532 236
-516 222
-544 216
-516 204
-516 194
-460 182
-476 196
-512 192
-480 202
-504 202
-460 182
-508 216
-456 208
-468 168
-448 128
-444 112
-456 106
-388 84
-420 108
-468 104
-532 88
-528 84
-524 52
-476 14
-448 32
-444 48
-440 60
-472 96
-484 66
-492 68
-484 66
-528 40
-464 48
-476 40
-524 36
-508 32
-504 30
-508 18
-524 2
-528 16
-568 2
-488 2
-420 4
-468 6
-492 2
-472 20
-428 26
-476 24
-508 64
-488 92
-484 90
-448 88
-492 110
-452 88
-456 98
-484 62
-444 72
-480 120
-460 108
-480 120
-416 100
-440 152
-480 150
-432 126
-436 112
-492 146
-480 138
-448 168
-440 160
-412 164
-412 190
-420 152
-440 124
-472 150
-440 154
-356 122
-408 154
-476 184
-532 228
-540 218
-552 206
-524 222
-540 224
-548 230
-492 206
-512 194
-460 188
-468 142
-424 124
-452 152
-464 110
-496 118
-500 148
-440 144
-464 130
-448 106
-440 110
-452 58
-464 64
-432 58
-384 50
-416 108
-436 102
-448 112
-500 106
-480 70
-492 96
-492 134
-496 146
-460 158
-464 150
-456 164
-428 158
-472 188
-460 120
-472 110
-496 94
-488 102
-460 76
-428 78
-456 94
-488 120
-484 88
-456 104
-532 124
-484 98
-468 78
-452 104
-452 104
-484 114
-504 116
-548 106
-564 104
-536 122
-536 130
-544 138
-500 138
-484 172
-488 164
-488 166
-484 182
-452 158
-396 156
-440 164
-416 148
-428 156
-472 144
-504 178
-496 200
-504 220
-444 216
-508 240
-544 210
-484 200
-512 192
-472 154
-496 124
-472 104
-484 74
-472 82
-464 68
-480 70
-464 86
-488 84
-460 136
-492 136
-444 128
-440 146
-476 182
-448 178
-448 194
-448 198
-420 170
-464 208
-532 242
-480 212
-456 192
-452 188
-496 196
-480 220
-468 210
-508 226
-464 202
-436 206
-452 202
-512 256
-548 268
-548 298
-568 290
-540 282
-560 264
-592 292
-596 302
-596 322
-596 322
-540 302
-556 296
-564 310
-504 274
-484 264
-464 268
-492 272
-540 290
-548 270
-588 252
-580 272
-612 286
-580 268
-616 280
-580 270
-524 248
-512 216
-524 224
-524 240
-556 266
-588 308
-552 294
-560 308
-608 310
-616 332
-600 330
-576 314
-584 312
-584 316
-564 302
-604 306
-512 272
-536 278
-512 276
-512 266
-620 326
-540 296
-476 250
-488 252
-508 270
-536 276
-556 274
-580 280
-544 272
-560 290
-552 284
-508 280
-488 266
-500 262
-528 266
-548 288
-552 304
-576 300
-568 318
-548 300
-532 286
-552 298
-540 296
-472 254
-520 284
-568 300
-572 306
-540 292
-560 292
-556 278
-536 294
-576 292
-600 308
-572 314
-532 290
-512 284
-540 314
-588 322
-584 328
-652 356
-628 342
-644 338
-604 338
-552 316
-604 322
-620 336
-592 314
-556 298
-524 268
-508 244
-496 226
-468 228
-508 244
-508 262
-520 298
-572 288
-568 304
-600 318
-580 318
-612 320
-544 306
-568 296
-544 292
-540 272
-552 290
-580 302
-588 300
-540 302
-536 294
-504 268
-512 268
-512 258
-460 232
-512 246
-528 266
-508 284
-560 300
-588 320
-620 320
-572 306
-540 312
-576 312
-568 300
-512 282
-540 286
-604 316
-584 320
-520 278
-480 256
-484 270
-484 248
-520 242
-544 244
-568 242
-552 244
-564 226
-560 238
-580 248
-580 238
-576 236
-512 208
-556 198
-508 194
-516 220
-476 198
-484 186
-512 208
-540 258
-556 256
-520 236
-536 250
-540 274
-544 260
-532 254
-548 244
-604 292
-532 276
-548 288
-492 270
-528 282
-556 284
-516 260
-516 258
-456 242
-444 216
-536 236
-548 230
-552 240
-464 208
-548 254
-536 274
-580 268
-540 246
-544 222
-528 218
-532 198
-464 176
-496 192
-504 192
-528 194
-476 194
-444 186
-488 228
-508 234
-588 268
-572 268
-528 248
-540 254
-484 250
-468 220
-472 208
-496 204
-448 196
-428 192
-500 214
-520 224
-516 232
-476 208
-484 178
