16 6
-252 58
-328 58
-372 62
-416 58
-452 60
-460 44
-428 46
-488 50
-480 8
-480 10
-532 4
-556 2
-540 10
-548 32
-552 26
-536 24
-520 12
-528 6
-548 34
-572 34
-556 46
-588 92
-580 84
-568 88
-580 94
-600 88
-608 102
-620 120
-576 92
-600 118
-576 94
-528 104
-560 90
-556 98
-536 100
-576 82
-544 80
-584 76
-592 78
-580 86
-560 88
-568 94
-528 98
-552 110
-564 108
-544 126
-564 104
-552 106
-544 140
-588 140
-592 128
-584 136
-600 134
-572 140
-608 154
-596 152
-592 146
-604 164
-596 182
-588 174
-588 190
-608 190
-628 184
-608 190
-596 214
-604 208
-592 194
-596 194
-564 192
-592 184
-624 196
-600 192
-604 212
-608 218
-548 184
-612 206
-608 214
-612 212
-632 228
-604 210
-596 216
-552 214
-588 212
-560 198
-564 202
-592 206
-600 228
-580 222
-608 254
-612 266
-580 262
-628 268
-628 278
-648 290
-648 290
-640 302
-648 320
-652 338
-692 356
-684 352
-700 362
-700 372
-724 378
-712 370
-708 372
-680 362
-664 354
-668 364
-700 366
-704 374
-708 370
-712 364
-708 358
-700 350
-704 362
-692 366
-692 364
-680 354
-724 370
-728 366
-744 368
-736 376
-740 382
-716 376
-708 372
-728 380
-720 376
-740 384
-732 380
-752 386
-704 372
-716 374
-712 374
-688 370
-700 374
-664 358
-696 366
-692 360
-708 362
-704 364
-676 354
-676 360
-724 376
-724 378
-700 366
-704 366
-672 364
-696 372
-728 380
-756 388
-732 372
-676 362
-696 368
-716 372
-720 376
-720 376
-752 386
-776 394
-740 384
-748 382
-696 360
-744 384
-736 384
-748 386
-716 372
-688 366
-724 380
-744 386
-748 386
-740 384
-732 380
-728 378
-700 366
-680 358
-720 378
-712 370
-732 378
-716 374
-704 360
-680 364
-684 354
-696 366
-676 362
-652 350
-732 378
-732 380
-732 378
-700 370
-704 372
-676 362
-656 352
-696 362
-668 350
-692 358
-748 380
-748 386
-768 392
-792 398
-792 398
-756 388
-768 392
-736 384
-720 376
-712 372
-724 376
-688 362
-720 380
-708 372
-708 372
-720 380
-720 378
-752 382
-732 380
-688 366
-724 378
-736 380
-708 374
-692 370
-716 378
-720 374
-720 374
-680 364
-692 364
-740 384
-736 382
-720 380
-748 386
-744 384
-712 374
-716 374
-724 372
-740 376
-700 374
-716 376
-768 392
-704 372
-660 362
-708 374
-720 376
-684 356
-680 362
-700 368
-700 374
-688 360
-696 364
-720 374
-684 366
-740 380
-756 384
-764 390
-756 388
-736 382
-732 378
-744 384
-720 374
-764 386
-736 374
-756 388
-724 378
-704 368
-756 388
-768 390
-720 370
-736 380
-720 376
-720 378
-716 376
-728 382
-720 376
-724 376
-708 370
-700 368
-696 366
-716 378
-696 370
-744 384
-708 376
-740 378
-688 360
-704 364
-696 358
-684 358
-720 374
-704 368
-732 378
-748 384
-696 370
-684 362
-676 354
-688 370
-656 348
-640 338
-632 334
-648 336
-632 330
-636 346
-648 342
-676 358
-676 356
-672 354
-668 358
-692 366
-668 360
-680 366
-700 370
-732 382
-736 380
-744 384
-700 370
-664 358
-700 370
-724 372
-752 382
-712 370
-684 364
-680 364
-716 374
-724 378
-700 366
-692 362
-696 368
-712 374
-724 378
-684 362
-692 368
-700 370
-728 378
-728 380
-728 382
-728 380
-724 378
-708 370
-724 378
-692 360
-664 352
-688 358
-696 356
-664 354
-632 352
-696 370
-712 374
-724 378
-732 380
-716 374
-684 362
-700 368
-724 374
-696 368
-652 348
-676 358
-708 364
-700 362
-688 362
-692 368
-752 388
-728 380
-728 378
-708 370
-704 374
-660 352
-656 352
-636 352
-708 366
-700 364
-716 370
-736 376
-708 372
-712 372
-728 378
-704 374
-708 362
-704 370
-676 366
-700 368
-720 378
-712 376
-716 376
-724 372
-684 362
-660 356
-720 378
-728 382
-680 362
-684 348
-624 328
-608 316
-628 326
-656 340
-676 358
-664 352
-692 362
-676 360
-684 362
-720 372
-684 364
-724 376
-684 358
-732 378
-716 376
-704 372
-724 380
-744 384
-708 376
-668 362
-684 366
-672 358
-668 358
-724 366
-672 340
-708 364
-684 366
-716 374
-700 370
-700 366
-708 358
-676 332
-688 356
-684 352
-664 346
-652 354
-696 370
-700 370
-708 374
-708 374
-736 382
-716 378
-744 386
-744 380
-700 364
-712 366
-684 364
-688 366
-692 368
-688 364
-636 340
-700 370
-696 370
-732 378
-688 368
-728 380
-740 384
-756 386
-744 384
-732 382
-728 380
-716 374
-744 386
-736 382
-708 374
-660 360
-696 364
-716 372
-724 372
-684 360
-632 344
-664 350
-624 336
-664 348
-680 360
-672 360
-668 354
-700 372
-720 378
-716 370
-736 376
-708 372
-704 374
-700 364
-676 356
-648 352
-660 358
-724 378
-728 382
-760 390
-744 384
-708 372
-700 364
-660 342
-676 352
-668 354
-676 360
-704 370
-716 376
-740 380
-728 380
-684 356
-656 354
-708 368
-676 358
-640 346
-704 372
-744 384
-724 378
-680 358
-696 362
-684 362
-704 374
-748 386
-688 364
-688 366
-732 382
-772 392
-728 378
-736 382
-700 370
-684 364
-660 350
-612 330
-672 354
-700 354
-688 362
-700 374
-708 364
-656 346
-692 364
-660 342
-640 334
-648 350
-708 366
-708 362
-680 354
-664 346
-668 350
-668 360
-656 356
-700 366
-656 348
-640 336
-660 346
-708 364
-696 368
-720 376
-736 380
-748 386
-728 378
-716 374
-700 368
-692 366
-696 372
-688 364
-752 388
-712 378
-712 376
-764 390
-768 392
-748 384
-756 386
-744 382
-700 368
-704 370
-680 366
-676 366
-720 378
-708 374
-704 372
-732 382
-700 372
-704 372
-664 360
-696 366
-716 376
-684 366
-692 362
-728 380
-720 376
-692 372
-720 378
-736 384
-720 376
-752 384
-740 380
-740 382
-704 362
-700 368
-704 372
-724 378
-684 366
-692 364
-648 354
-732 378
-720 376
-712 376
-732 380
-748 386
-728 378
-712 376
-716 376
-712 372
-692 364
-688 360
-672 356
-716 372
-692 362
-688 366
-676 362
-712 374
-680 364
-688 364
-692 358
-640 348
-692 370
-692 370
-732 372
-724 364
-692 364
-640 344
-676 344
-672 340
-636 324
-624 332
-580 306
-608 318
-648 330
-668 340
-648 350
-596 320
-628 332
-632 336
-644 334
-648 338
-656 344
-672 356
-692 364
-692 358
-696 358
-708 358
-728 374
-716 372
-720 372
-708 370
-704 368
-688 366
-736 382
-708 372
-696 368
-676 358
-700 368
-752 388
-748 386
-684 362
-688 364
-716 376
-688 360
-704 370
-708 372
-720 374
-728 372
-668 360
-696 368
-716 378
-716 372
-760 388
-752 386
-696 366
-724 374
-716 370
-736 380
-728 376
-732 382
-728 382
-728 380
-716 372
-736 380
-692 368
-688 362
-708 368
-656 354
-648 346
-692 360
-724 378
-664 352
-676 348
-692 356
-672 352
-680 356
-684 352
-676 356
-692 368
-668 358
-604 328
-628 328
-652 354
-708 372
-636 340
-640 346
-676 352
-676 360
-704 374
-708 376
-704 372
-720 376
-740 384
-736 382
-732 382
-776 394
-732 380
-712 374
-672 360
-652 342
-648 332
-704 362
-692 356
-684 364
-688 362
-704 370
-704 366
-676 358
-744 384
-712 374
-708 372
-732 376
-736 384
-712 374
-688 366
-700 368
-728 376
-740 380
-720 368
-680 350
-696 360
-712 378
-740 384
-760 390
-716 378
-700 368
-704 372
-688 366
-672 360
-644 356
-684 368
-676 356
-696 372
-720 376
-704 370
-668 360
-684 368
-720 376
-684 366
-700 370
-732 378
-724 380
-712 376
-720 374
-712 374
-720 368
-704 366
-724 378
-716 376
-720 370
-708 370
-732 380
-668 358
-680 362
-700 366
-720 376
-736 380
-768 392
-724 380
-720 376
-716 378
-716 376
-692 370
-752 388
-732 382
-672 364
-724 376
-720 378
-740 384
-724 378
-744 384
-740 384
-760 388
-712 376
-724 378
-768 392
-728 380
-704 372
-748 386
-712 378
-768 392
-748 386
-772 392
-728 378
-744 384
-756 388
-744 384
-752 386
-736 382
-696 372
-736 382
-716 376
-708 376
-724 374
-748 384
-736 376
-728 376
-704 364
-688 352
-696 354
-672 348
-640 352
-680 366
-700 372
-696 366
-708 374
-692 364
-664 354
-688 366
-740 384
-776 394
-764 390
-680 366
-700 372
-732 380
-740 384
-744 384
-744 382
-728 376
-692 368
-700 368
-740 384
-732 382
-724 378
-712 372
-724 380
-736 382
-712 376
-720 378
-716 372
-736 382
-736 382
-708 368
-692 366
-676 362
-676 368
-656 350
-680 348
-680 342
-660 334
-656 346
-656 350
-656 350
-680 366
-744 386
-692 364
-732 378
-740 380
-732 378
-748 386
-740 384
-756 384
-700 372
-748 386
-716 372
-740 382
-712 374
-708 370
-724 378
-728 380
-740 380
-708 368
-712 366
-680 358
-696 354
-668 350
-688 352
-628 326
-640 336
-664 350
-668 356
-716 376
-648 348
-592 328
-656 350
-688 356
-700 372
-676 362
-672 364
-700 372
-708 376
-716 376
-728 380
-708 372
-708 376
-720 374
-744 384
-700 372
-668 360
-660 348
-628 332
-648 340
-644 334
-672 346
-664 352
-676 350
-668 338
-636 334
-672 344
-692 352
-664 346
-672 354
-696 358
-680 352
-672 344
-688 360
-692 350
-684 360
-724 380
-716 376
-696 374
-744 382
-696 368
-704 370
-720 376
-752 384
-740 382
-756 388
-724 380
-716 374
-732 378
-744 380
-704 374
-740 384
-752 386
-696 368
-684 356
-704 364
-696 366
-692 366
-696 366
-664 348
-660 354
-660 356
-676 362
-656 356
-668 346
-676 358
-688 352
-672 348
-636 334
-644 340
-652 324
-604 290
-612 286
-592 290
-620 300
-628 302
-640 304
-632 290
-624 296
-644 306
-648 310
-648 302
-640 288
-608 298
-600 298
-640 296
-636 278
-644 286
-672 312
-680 326
-704 348
-708 346
-700 360
-712 366
-744 382
-728 380
-720 376
-736 382
-756 388
-700 370
-732 376
-728 378
-720 376
-736 384
-712 374
-708 376
-712 378
-700 370
-728 376
-708 370
-720 376
-664 354
-660 358
-652 336
-664 352
-688 366
-684 366
-724 378
-716 376
-700 370
-720 380
-712 370
-708 372
-676 360
-660 352
-704 372
-716 370
-700 370
