-12 6
-596 308
-624 318
-620 322
-624 308
-592 300
-600 296
-636 292
-600 278
-604 284
-580 284
-632 310
-580 304
-596 314
-572 300
-576 294
-604 310
-624 316
-596 308
-616 318
-572 312
-616 328
-644 330
-648 346
-684 364
-712 376
-704 374
-692 370
-656 346
-648 354
-628 348
-620 322
-608 334
-600 328
-552 322
-588 320
-544 298
-592 308
-600 304
-612 320
-608 310
-604 312
-584 302
-628 316
-600 304
-580 294
-556 292
-548 288
-560 278
-584 286
-596 264
-576 252
-604 268
-592 258
-504 248
-496 244
-476 248
-508 260
-504 236
-548 266
-560 274
-612 296
-604 296
-560 284
-548 284
-580 278
-580 290
-576 276
-624 290
-628 292
-624 296
-616 308
-592 280
-580 274
-564 258
-584 268
-588 268
-560 228
-596 232
-584 210
-556 182
-492 174
-532 186
-520 196
-528 202
-548 216
-548 224
-560 234
-588 254
-544 242
-536 210
-532 224
-516 234
-492 214
-476 210
-460 222
-472 206
-552 208
-564 250
-636 282
-548 248
-548 256
-532 260
-516 264
-520 278
-528 260
-528 252
-528 258
-584 284
-560 284
-572 288
-580 292
-536 296
-616 312
-632 346
-680 360
-664 356
-636 348
-608 340
-640 346
-628 340
-664 344
-692 356
-676 338
-660 332
-596 308
-600 302
-612 312
-612 306
-652 324
-664 336
-596 304
-608 306
-592 302
-580 308
-612 308
-572 310
-644 316
-620 304
-608 296
-556 284
-576 290
-584 292
-600 292
-588 282
-556 292
-572 278
-576 298
-620 300
-572 280
-592 310
-592 320
-608 336
-644 350
-684 360
-648 356
-676 358
-660 356
-688 364
-728 378
-728 378
-644 344
-660 344
-644 344
-636 340
-688 362
-716 370
-728 374
-696 366
-720 374
-728 368
-696 368
-668 358
-612 344
-600 332
-648 344
-592 318
-608 310
-632 304
-608 300
-588 298
-636 316
-600 318
-660 328
-628 318
-624 314
-652 336
-636 322
-652 340
-608 326
-596 316
-564 300
-568 310
-592 322
-608 332
-648 344
-644 336
-640 330
-632 304
-632 324
-652 332
-704 356
-700 358
-672 348
-704 364
-680 352
-692 360
-696 366
-668 356
-680 364
-688 366
-660 354
-644 342
-616 334
-640 340
-624 338
-644 330
-636 326
-624 310
-608 294
-636 310
-644 314
-588 266
-588 256
-560 274
-552 294
-600 336
-680 362
-684 366
-684 368
-708 364
-732 378
-672 358
-652 344
-660 354
-712 374
-680 362
-664 360
-676 358
-664 360
-628 330
-636 330
-616 316
-624 330
-636 336
-656 352
-680 356
-644 354
-660 362
-728 380
-688 368
-692 362
-632 328
-624 320
-588 322
-608 340
-628 332
-628 330
-664 362
-652 354
-664 356
-672 356
-632 340
-664 340
-636 322
-620 322
-544 300
-588 314
-592 316
-672 358
-696 366
-696 370
-680 364
-680 364
-684 366
-680 366
-668 358
-648 344
-616 326
-632 328
-636 328
-604 332
-616 322
-592 316
-608 326
-584 314
-580 308
-612 316
-584 310
-576 288
-540 266
-572 262
-560 252
-524 242
-560 252
-528 238
-560 266
-548 260
-512 252
-560 268
-536 254
-504 248
-532 246
-548 246
-536 262
-544 236
-528 248
-520 272
-556 290
-576 296
-588 318
-588 304
-568 302
-608 312
-604 328
-660 348
-664 348
-680 358
-636 342
-652 354
-648 356
-608 330
-632 338
-652 344
-660 346
-696 362
-672 354
-684 364
-676 364
-652 356
-704 368
-716 376
-692 364
-596 330
-616 332
-640 334
-644 332
-636 334
-612 324
-556 298
-556 302
-572 296
-556 282
-564 294
-596 308
-628 334
-620 324
-632 332
-600 304
-604 288
-628 294
-604 284
-576 264
-572 266
-556 272
-612 296
-616 306
-652 324
-640 328
-592 320
-584 312
-556 314
-572 330
-624 346
-584 314
-584 328
-588 334
-592 314
-560 314
-564 314
-588 326
-584 322
-628 336
-660 346
-640 342
-624 334
-624 336
-560 322
-552 316
-548 310
-572 312
-544 286
-572 302
-596 318
-592 320
-628 332
-612 328
-604 318
-628 336
-720 378
-696 368
-644 348
-656 350
-648 352
-660 346
-668 352
-628 346
-632 342
-596 328
-628 338
-532 302
-596 308
-620 308
-616 320
-616 322
-656 336
-660 348
-656 356
-628 348
-672 360
-644 346
-656 352
-596 326
-576 314
-564 298
-524 268
-536 270
-584 284
-624 320
-612 322
-632 338
-664 350
-668 350
-664 350
-624 336
-652 348
-644 350
-648 354
-644 346
-596 312
-584 308
-556 292
-596 314
-560 304
-536 262
-540 248
-532 262
-552 272
-588 296
-608 290
-584 290
-556 278
-488 276
-536 266
-544 262
-556 280
-584 276
-588 286
-596 286
-616 290
-516 248
-524 264
-536 266
-540 284
-608 296
-592 302
-576 284
-600 286
-536 274
-532 256
-592 272
-572 290
-636 334
-656 332
-620 304
-672 320
-652 314
-640 310
-632 324
-624 324
-576 314
-552 302
-656 354
-664 344
-668 348
-648 342
-616 334
-628 330
-588 320
-608 310
-580 296
-572 292
-532 262
-516 242
-524 242
-536 206
-524 214
-552 226
-544 248
-552 242
-568 250
-580 244
-580 246
-564 248
-564 266
-544 246
-540 258
-564 264
-576 278
-600 304
-576 308
-584 292
-644 304
-660 314
-676 332
-632 302
-592 296
-584 298
-592 288
-608 288
-620 278
-592 278
-584 286
-584 306
-580 302
-600 316
-636 324
-612 316
-620 324
-612 314
-636 320
-604 314
-600 322
-600 322
-608 316
-576 300
-560 302
-616 330
-608 322
-596 328
-576 308
-600 308
-588 300
-616 300
-640 328
-616 320
-640 336
-648 344
-676 354
-676 352
-704 360
-680 360
-716 370
-716 376
-736 384
-708 368
-672 362
-680 364
-688 362
-632 346
-652 348
-672 350
-688 356
-696 368
-688 364
-572 320
-672 346
-604 320
-628 320
-620 324
-664 344
-616 324
-664 338
-668 350
-660 352
-668 356
-624 330
-584 304
-592 288
-556 262
-584 298
-544 272
-584 296
-596 278
-596 258
-580 250
-556 222
-564 212
-540 208
-528 220
-536 212
-540 236
-536 250
-524 244
-584 270
-592 280
-604 292
-624 288
-612 300
-604 292
-556 288
-632 316
-620 320
-612 316
-656 334
-660 340
-636 326
-664 328
-640 326
-672 344
-672 342
-644 336
-632 338
-644 340
-636 342
-620 340
-632 324
-640 340
-664 322
-616 326
-660 350
-700 368
-692 372
-696 370
-720 380
-768 390
-700 366
-720 376
-696 362
-692 364
-680 358
-692 364
-644 348
-604 336
-632 338
-648 344
-648 334
-596 320
-632 332
-636 328
-696 350
-668 348
-628 338
-688 362
-644 354
-628 338
-616 328
-620 328
-616 340
-616 330
-608 330
-644 336
-584 312
-552 306
-548 290
-540 298
-660 326
-632 330
-628 330
-596 318
-596 326
-636 350
-612 332
-656 346
-656 348
-596 330
-608 328
-596 318
-620 338
-640 340
-660 346
-648 346
-652 346
-656 344
-640 340
-608 332
-660 346
-676 356
-688 354
-664 350
-636 342
-616 344
-680 362
-704 372
-712 376
-748 386
-764 390
-720 378
-696 368
-644 348
-684 364
-628 342
-632 346
-700 370
-732 378
-712 370
-664 348
-664 354
-648 348
-632 334
-600 326
-592 318
-584 324
-612 326
-620 340
-572 308
-524 290
-508 264
-516 262
-600 304
-588 322
-636 340
-616 336
-616 334
-652 348
-648 350
-600 336
-656 352
-652 350
-656 346
-656 344
-692 352
-700 348
-696 360
-668 338
-636 336
-636 348
-652 354
-672 356
-672 358
-688 366
-652 344
-660 352
-680 350
-620 312
-600 320
-640 342
-644 350
-664 348
-660 348
-652 348
-624 328
-612 328
-608 316
-604 328
-620 316
-588 306
-588 296
-564 288
-520 250
-516 254
-504 240
-548 262
-572 258
-588 244
-584 272
-616 294
-660 302
-652 324
-616 314
-588 302
-620 318
-640 318
-628 312
-644 300
-600 276
-616 272
-596 276
-584 284
-548 292
-520 286
-568 318
-552 288
-588 326
-632 330
-612 320
-596 326
-608 324
-644 334
-632 344
-644 320
-660 340
-580 304
-584 302
-556 272
-588 298
-584 284
-608 318
-668 338
-664 348
-692 358
-632 350
-684 362
-656 354
-680 364
-660 356
-704 370
-664 360
-656 348
-652 350
-640 340
-636 340
-624 336
-608 326
-560 300
-584 316
-616 326
-656 338
-612 322
-616 334
-608 340
-648 352
-604 328
-644 348
-704 370
-696 366
-680 360
-656 348
-644 346
-652 356
-664 350
-652 348
-640 340
-616 336
-668 348
-648 336
-672 352
-720 376
-688 364
-700 366
-640 346
-664 350
-636 344
-604 336
-648 346
-616 336
-644 344
-648 356
-568 314
-652 354
-644 354
-640 350
-628 338
-616 340
-596 322
-592 318
-588 322
-580 320
-632 332
-580 312
-600 334
-588 304
-608 294
-604 312
-620 322
-620 336
-632 342
-624 328
-592 330
-632 324
-624 310
-560 274
-528 272
-556 288
-592 314
-580 302
-544 284
-472 260
-492 258
-532 282
-548 298
-604 316
-572 314
-604 330
-604 326
-652 338
-652 340
-648 328
-628 314
-660 346
-648 350
-616 340
-596 312
-596 318
-608 308
-648 308
-608 300
-600 306
-648 324
-628 308
-644 322
-616 326
-580 322
-584 322
-600 306
-596 304
-620 310
-600 310
-592 296
-584 306
-568 284
-560 284
-588 314
-600 318
-632 314
-652 324
-668 334
-668 344
-632 334
-608 320
-628 342
-632 340
-612 324
-552 296
-572 298
-544 298
-560 296
-584 308
-624 340
-616 328
-572 328
-592 330
-616 322
-660 346
-676 356
-724 370
-692 370
-692 366
-700 368
-676 362
-656 348
-632 340
-608 320
-672 340
-676 352
-656 350
-628 344
-644 352
-612 334
-696 368
-668 360
-676 360
-644 352
-664 356
-692 364
-664 358
-676 356
-704 360
-664 356
-652 356
-664 348
-624 342
-628 330
-616 324
-636 342
-636 348
-664 358
-692 360
-696 368
-620 340
-680 364
-688 368
-652 356
-672 364
-688 368
-692 366
-732 380
-704 368
-684 358
-620 338
-640 346
-604 326
-656 350
-596 328
-652 356
-624 344
-660 356
-624 340
-652 342
-644 346
-640 346
-644 354
-684 366
-624 342
-588 326
-576 322
-588 318
-572 318
-612 328
-620 340
-620 336
-672 354
-632 342
-660 334
-624 344
-660 352
-684 360
-700 372
-680 364
-684 366
-672 364
-704 366
-688 362
-720 374
-712 376
-664 358
-644 348
-660 358
-660 354
-652 348
