14 11
-242 121
-238 115
-274 137
-290 151
-290 159
-314 167
-322 167
-302 161
-294 153
-318 161
-306 149
-342 177
-338 171
-342 171
-314 177
-318 169
-342 163
-302 141
-314 145
-334 155
-310 145
-310 127
-270 113
-290 133
-298 119
-278 131
-282 127
-270 133
-250 123
-266 129
-278 133
-282 147
-274 147
-286 163
-294 161
-278 149
-302 153
-302 163
-298 149
-290 153
-290 147
-242 137
-286 159
-310 169
-342 179
-330 163
-330 157
-322 143
-314 153
-282 151
-306 159
-290 155
-334 179
-314 159
-306 159
-350 171
-302 165
-286 167
-302 175
-330 189
-346 189
-354 195
-350 189
-354 193
-338 195
-346 187
-350 193
-346 191
-354 189
-322 177
-326 177
-318 177
-330 181
-346 179
-338 177
-290 145
-314 157
-302 139
-322 159
-330 161
-338 153
-326 179
-302 163
-326 173
-298 149
-250 137
-330 181
-310 173
-330 171
-314 169
-262 143
-242 141
-210 113
-278 113
-230 103
-246 97
-266 115
-242 115
-274 97
-218 87
-226 83
-246 93
-234 89
-282 89
-290 73
-262 73
-290 101
-294 113
-298 103
-294 123
-310 139
-278 131
-262 111
-298 137
-290 141
-278 145
-278 149
-254 139
-274 139
-274 157
-278 161
-338 183
-314 171
-314 175
-294 171
-290 155
-258 145
-274 159
-302 169
-310 173
-346 183
-342 185
-330 183
-350 181
-286 159
-306 167
-298 169
-338 185
-314 165
-322 173
-326 165
-302 153
-274 151
-282 127
-286 149
-302 149
-302 141
-326 139
-306 121
-314 143
-266 151
-298 149
-338 135
-334 129
-346 147
-298 135
-326 151
-306 149
-318 159
-306 145
-314 145
-302 141
-294 137
-278 157
-302 149
-318 157
-314 177
-350 183
-374 199
-394 205
-354 199
-406 211
-394 209
-410 213
-406 211
-370 199
-398 199
-370 185
-378 199
-362 201
-334 187
-362 195
-350 193
-354 197
-350 187
-366 197
-330 183
-338 179
-310 179
-290 149
-318 153
-318 147
-310 151
-318 159
-314 159
-274 155
-298 159
-290 163
-302 169
-278 151
-286 145
-286 147
-314 163
-286 163
-298 179
-334 185
-318 183
-278 163
-286 173
-346 195
-326 181
-354 183
-350 175
-330 177
-326 181
-354 187
-302 181
-334 185
-306 163
-310 161
-326 149
-310 139
-306 151
-322 173
-350 189
-338 181
-358 191
-386 201
-370 195
-398 195
-362 187
-358 193
-326 179
-302 171
-282 149
-290 141
-262 123
-274 139
-306 125
-310 115
-334 115
-262 107
-270 109
-298 125
-334 133
-310 119
-342 131
-294 121
-322 143
-306 111
-314 125
-286 99
-254 101
-278 113
-262 91
-230 107
-246 103
-294 103
-262 135
-274 137
-278 145
-302 153
-330 171
-322 159
-306 157
-310 141
-322 119
-338 145
-338 161
-354 171
-342 165
-322 159
-298 151
-354 169
-354 167
-294 161
-314 145
-302 125
-270 121
-310 139
-286 135
-318 145
-322 143
-338 175
-318 151
-306 163
-322 177
-302 165
-270 143
-250 133
-266 137
-334 163
-330 169
-310 155
-270 147
-310 165
-306 159
-326 173
-318 155
-322 163
-278 149
-270 133
-290 151
-262 141
-298 149
-306 151
-310 153
-314 155
-326 169
-330 173
-310 163
-322 151
-266 137
-242 137
-286 155
-282 137
-250 119
-278 135
-306 147
-322 151
-302 159
-322 175
-314 173
-330 173
-346 187
-318 185
-350 193
-366 201
-370 201
-386 199
-394 207
-398 207
-394 209
-370 197
-374 201
-302 169
-318 177
-318 161
-350 177
-314 169
-326 177
-386 203
-370 191
-278 151
-278 157
-306 165
-246 139
-310 157
-354 167
-298 147
-326 153
-290 137
-266 121
-278 121
-294 141
-302 165
-258 149
-282 153
-330 183
-350 193
-386 195
-378 191
-386 195
-322 183
-314 175
-282 167
-334 173
-342 179
-338 183
-286 159
-282 135
-278 137
-302 151
-306 149
-322 159
-294 157
-250 141
-214 131
-278 141
-290 143
-306 151
-310 161
-306 157
-330 175
-318 167
-314 171
-274 155
-310 165
-286 159
-322 179
-334 183
-358 179
-314 159
-286 147
-286 149
-318 177
-314 173
-298 169
-286 167
-278 153
-250 147
-286 155
-314 163
-282 149
-358 191
-338 181
-310 161
-326 175
-322 165
-306 165
-334 177
-330 181
-314 175
-278 149
-318 169
-302 173
-318 177
-374 203
-354 189
-374 195
-386 203
-390 205
-382 201
-382 195
-402 213
-402 209
-374 201
-338 185
-306 153
-258 127
-286 139
-282 117
-286 135
-274 137
-286 105
-254 75
-278 99
-290 59
-302 77
-242 39
-270 41
-258 65
-274 53
-262 55
-302 83
-298 65
-286 51
-306 71
-254 57
-278 47
-262 57
-294 65
-310 63
-270 71
-282 93
-262 83
-278 75
-294 65
-274 85
-254 103
-246 111
-294 121
-266 99
-294 69
-310 49
-278 51
-238 39
-218 27
-270 17
-286 9
-258 9
-230 5
-222 15
-238 13
-202 19
-234 21
-250 49
-266 51
-246 55
-266 53
-278 73
-238 49
-202 79
-218 63
-214 55
-198 59
-162 65
-238 83
-202 69
-262 85
-286 111
-298 109
-290 99
-270 85
-282 71
-270 85
-238 65
-286 69
-310 101
-314 95
-326 109
-326 125
-310 119
-310 107
-302 103
-290 101
-278 111
-294 95
-298 67
-298 71
-306 69
-310 69
-306 79
-306 65
-254 57
-206 49
-222 37
-242 33
-254 31
-258 43
-222 33
-214 59
-222 77
-226 67
-262 87
-270 97
-250 103
-254 115
-294 115
-286 119
-286 155
-310 163
-266 129
-214 115
-250 111
-270 133
-286 121
-282 107
-302 111
-270 117
-262 91
-286 113
-250 83
-222 75
-250 101
-226 117
-262 129
-234 141
-238 123
-254 115
-258 119
-274 107
-278 141
-290 129
-290 117
-266 97
-246 109
-302 137
-294 129
-290 137
-286 143
-294 127
-302 149
-274 129
-254 119
-298 141
-294 155
-322 159
-298 153
-266 127
-302 127
-294 149
-302 143
-318 175
-322 173
-310 173
-318 177
-322 163
-330 175
-298 163
-286 151
-290 139
-310 151
-298 141
-302 137
-326 163
-306 159
-330 181
-354 191
-338 181
-314 173
-350 191
-306 177
-346 189
-314 177
-378 197
-386 203
-390 209
-382 205
-370 201
-374 193
-342 183
-366 193
-350 189
-374 203
-374 195
-338 183
-290 167
-322 169
-282 163
-318 173
-326 177
-306 169
-306 159
-286 163
-278 141
-270 119
-254 117
-250 121
-310 155
-330 165
-338 151
-294 133
-302 141
-338 147
-354 147
-346 159
-250 137
-302 157
-306 157
-322 175
-270 157
-294 165
-306 167
-302 173
-350 193
-378 199
-362 189
-366 181
-366 179
-338 175
-334 167
-326 161
-318 163
-330 167
-330 161
-306 163
-322 167
-278 163
-278 153
-306 167
-334 185
-386 203
-370 197
-366 193
-378 203
-362 199
-378 201
-346 183
-330 183
-318 171
-350 189
-374 203
-398 211
-362 195
-398 211
-406 213
-374 201
-350 189
-362 195
-342 193
-358 197
-362 197
-394 205
-398 209
-378 203
-370 195
-338 189
-342 187
-358 193
-346 191
-362 197
-370 201
-354 195
-334 181
-346 185
-350 181
-362 193
-330 179
-342 187
-298 165
-326 185
-334 183
-322 179
-302 165
-298 161
-298 151
-334 167
-326 161
-262 121
-286 129
-286 131
-306 145
-322 159
-286 149
-298 165
-270 153
-298 157
-326 177
-322 181
-290 159
-318 157
-334 165
-310 165
-302 155
-302 163
-278 139
-286 137
-290 139
-302 159
-286 141
-298 147
-318 147
-314 159
-286 153
-294 151
-330 177
-338 179
-342 183
-326 177
-350 189
-334 183
-354 193
-354 191
-398 209
-354 201
-378 199
-394 205
-394 209
-390 207
-394 209
-374 203
-390 207
-358 189
-362 193
-358 189
-298 171
-298 161
-326 181
-326 179
-310 159
-302 167
-306 165
-282 141
-302 165
-282 161
-330 175
-334 175
-318 183
-386 201
-370 195
-382 203
-342 193
-322 175
-330 171
-330 173
-310 181
-354 191
-390 207
-418 217
-370 201
-374 201
-366 195
-382 203
-366 193
-362 193
-354 187
-350 185
-334 177
-322 169
-350 183
-330 187
-334 175
-342 183
-350 185
-358 195
-334 181
-322 181
-354 185
-346 187
-326 173
-286 165
-314 161
-290 155
-294 159
-262 145
-270 127
-282 157
-318 171
-318 171
-306 171
-302 165
-306 151
-270 149
-282 153
-306 173
-354 191
-310 179
-326 167
-278 159
-290 149
-294 147
-246 121
-286 129
-302 131
-302 135
-266 119
-294 129
-278 125
-282 137
-306 155
-334 159
-350 175
-318 167
-326 181
-310 173
-334 185
-378 197
-386 207
-414 211
-386 205
-350 189
-350 191
-322 185
-322 175
-350 185
-306 179
-346 185
-314 179
-282 163
-286 159
-286 167
-238 143
-286 167
-266 145
-290 151
-338 173
-362 189
-350 185
-370 191
-330 173
-338 169
-330 177
-354 187
-342 179
-358 173
-354 175
-350 169
-350 167
-350 167
-358 177
-350 163
-326 157
-306 157
-294 143
-310 151
-334 155
-338 155
-306 137
-306 125
-306 131
-298 131
-278 125
-310 129
-246 85
-242 69
-234 73
-282 81
-250 49
-230 27
-270 27
-250 11
-266 43
-226 27
-290 55
-282 55
-266 69
-290 85
-278 63
-318 83
-330 105
-318 105
-306 107
-322 109
-358 133
-346 121
-330 123
-262 117
-274 117
-278 99
-314 93
-314 91
-302 95
-298 93
-250 49
-266 57
-242 61
-234 75
-282 95
-294 99
-270 105
-298 103
-274 105
-314 113
-310 107
-290 97
-278 79
-294 103
-298 123
-270 115
-310 131
-302 129
-326 135
-318 119
-338 121
-330 123
-346 143
-326 141
-326 159
-338 151
-338 141
-322 135
-302 127
-330 149
-318 139
-310 119
-282 125
-282 117
-310 127
-290 119
-282 141
-314 139
-314 133
-286 131
-298 115
-238 123
-318 133
-274 119
-282 109
-294 119
-314 141
-318 133
-306 151
-338 151
-330 157
-282 137
-322 141
-318 157
-314 159
-330 179
-370 195
-346 181
-342 173
-354 189
-326 181
-346 187
-346 195
-334 189
-366 189
-350 185
-310 171
-286 175
-278 147
-322 153
-286 141
-286 127
-282 125
-302 137
-278 149
-298 165
-314 167
-334 171
-310 169
-346 181
-366 195
-354 195
-318 173
-286 169
-278 145
-298 141
-334 129
-286 129
-270 117
-286 131
-278 133
-306 115
-302 133
-278 107
-310 113
-286 121
-294 125
-294 121
-286 115
-298 153
-290 145
-298 147
-306 151
-310 135
-294 143
-334 163
-302 151
-314 147
-342 171
-338 165
-298 145
-266 133
-298 135
-282 101
-274 95
-258 85
-250 89
-282 93
-250 103
-198 91
-230 83
-226 111
-286 143
-274 131
-226 117
-270 121
-266 129
-274 129
-254 99
-238 115
-250 117
-290 135
-290 137
-254 127
-270 115
-314 105
-286 97
-282 91
-278 85
-258 73
-238 79
-270 55
-294 19
-270 37
-258 1
-246 1
-238 11
-254 19
-254 47
-262 61
-262 57
-254 65
-254 57
-266 75
-302 87
-290 41
-266 29
-254 57
-274 61
-238 29
-226 25
-222 35
-238 31
-198 13
-246 41
-246 51
-250 41
-230 31
-230 9
-222 1
-230 31
-186 41
-206 25
-186 23
-190 63
-210 73
-218 69
-214 75
-206 73
-214 83
-210 59
-218 51
-186 53
-186 51
-194 67
-202 89
-214 81
-242 57
-250 43
-242 45
-274 65
-278 63
-270 55
-282 81
-290 105
-274 105
-278 97
-314 109
-346 113
-302 105
-314 113
-298 117
-302 133
-318 157
-354 151
-334 127
-278 111
-270 97
-258 97
-254 43
-238 51
-266 45
-226 57
-190 83
-226 103
-262 127
-266 93
-238 107
-230 105
-226 93
-234 101
-282 145
-298 135
-310 149
-338 171
-322 169
-334 173
-334 175
-322 183
-362 199
-374 199
-366 193
-342 183
-370 197
-334 183
-318 173
-338 181
-338 179
-326 171
-322 177
-310 169
-294 179
-366 193
-398 209
-418 217
-378 203
-350 187
-366 189
-366 187
-350 185
-378 201
-398 211
-418 217
-382 207
-410 215
-386 205
-370 201
-314 181
-270 151
-262 139
-274 135
-250 123
-270 137
-294 135
-302 129
-302 117
-282 117
-286 127
-246 89
-250 69
-254 95
-274 115
-202 73
-234 93
-270 117
-266 133
-302 165
-282 161
-310 175
-350 185
-326 171
-354 183
-378 183
-318 175
-302 171
-290 157
-310 171
-318 181
-314 169
-334 189
-326 185
-282 159
-282 161
-302 177
-310 173
-338 185
-326 183
-318 173
-314 161
-274 151
-278 139
-338 167
-338 193
-358 199
-370 197
-366 199
-342 193
-370 197
-354 191
-378 203
-370 195
-378 197
-346 189
-318 183
-326 175
-310 177
-318 173
-330 173
-314 173
-366 181
-322 173
-302 151
-262 139
-302 169
-318 173
-354 185
-370 199
-310 179
-298 167
-294 153
-286 141
-242 123
-278 149
-278 155
-302 167
-294 147
-278 149
-270 137
-250 125
-238 109
-246 109
-242 121
-246 87
-226 73
-210 65
-218 53
-250 51
-238 31
-250 31
-234 43
-226 49
-234 55
-242 59
-234 35
-246 27
-258 25
-226 21
-250 21
-254 21
-258 23
-266 33
-290 63
-282 39
-278 35
-274 17
-298 31
-294 9
-270 3
-254 13
-238 5
-242 31
-254 35
-262 57
-242 65
-238 65
-222 73
-226 55
-230 65
-254 81
-262 67
-310 71
-306 57
-310 53
-286 73
-258 91
-234 85
-254 61
-254 97
-274 111
-298 125
-270 85
-286 101
-270 107
-250 115
-218 119
-266 129
-298 121
-290 129
-290 149
-254 137
-278 137
-258 127
-278 131
-278 127
-282 131
-282 139
-318 165
-278 161
-314 181
-358 193
-350 183
-318 173
-342 191
-258 147
-282 151
-250 111
-274 111
-286 133
-282 115
-342 155
-354 163
-306 149
-286 137
-242 119
-262 117
-274 105
-298 113
-286 101
-294 93
-286 99
-254 55
-230 57
-242 59
-246 57
-242 91
-278 89
-286 109
-306 117
-310 121
-306 131
-270 113
-254 109
-206 87
-250 101
-234 75
-250 59
-266 79
-266 75
-258 77
-286 49
-286 35
-282 57
-262 47
-278 5
-258 11
-266 27
-258 11
-238 11
-278 9
-274 23
-282 15
-238 37
-230 49
-242 59
-234 79
-246 97
-238 97
-286 103
-254 91
-242 89
-258 107
-246 115
-250 101
-242 111
-222 67
-214 59
-226 45
-246 47
-234 43
-214 25
-226 7
-234 15
-218 21
-198 15
-210 9
-198 13
-222 23
-242 21
-246 47
-250 57
-218 85
-302 141
-290 137
-258 121
-274 123
-258 103
-278 121
-274 129
-298 165
-354 183
-294 157
-298 147
-294 163
-370 197
-362 187
-394 211
-422 217
-382 203
-354 195
-382 201
-350 191
-370 197
-362 191
-346 181
-302 157
-302 153
-302 175
-286 157
-250 139
-318 155
-298 167
-306 175
-322 175
-326 179
-326 169
-334 183
-370 201
-422 217
-406 209
-406 213
-402 211
-382 205
-334 185
-302 179
-314 173
-274 163
-282 159
-330 161
-326 169
-306 163
-346 181
-282 161
-318 177
-330 183
-358 191
-326 183
-338 187
-362 197
-390 203
-398 207
-398 211
-406 213
-398 211
-374 199
-346 197
-326 183
-326 179
-342 187
-410 215
-370 203
-378 205
-322 177
-286 153
-302 173
-334 189
-338 175
-318 171
-326 171
-338 187
-362 187
-326 181
-278 155
-314 161
-334 177
-354 181
-318 177
-350 193
-398 203
-310 171
-318 169
-318 171
-314 171
-322 177
-306 169
-310 169
-302 169
-306 157
-334 181
-350 187
-346 183
-298 175
-318 169
-326 169
-318 173
-302 177
-354 185
-350 189
-310 173
-326 177
-314 173
-338 187
-334 185
-390 205
-366 197
-386 209
-374 203
-378 203
-362 199
-370 199
-342 193
-310 179
-330 177
-366 197
-382 193
-354 187
-334 171
-330 169
-294 163
-282 159
-274 151
-314 159
-314 167
-302 177
-290 165
-350 191
-334 177
-338 185
-322 173
-282 133
-298 139
-262 131
-226 115
-270 119
-230 85
-230 83
-282 85
-270 93
-262 97
-294 99
-242 87
-230 77
-270 85
-270 95
-278 121
-266 121
-278 105
-258 103
-274 117
-286 121
-302 129
-318 145
-306 137
-282 109
-306 115
-294 113
-286 115
-298 123
-290 111
-286 117
-298 123
-306 113
-318 131
-318 141
-314 139
-310 121
-282 125
-262 137
-262 147
-306 151
-322 147
-330 169
-306 159
-270 155
-298 155
-310 153
-306 149
-322 169
-338 173
-270 145
-294 157
-346 169
-298 151
-338 177
-342 187
-358 193
-358 197
-354 195
-330 177
-302 161
-270 163
-286 161
-258 145
-274 147
-266 133
-282 147
-222 111
-234 91
-210 97
-206 91
-218 75
-202 75
-186 45
-206 27
-238 11
-230 19
-238 21
-234 13
-222 17
-242 13
-238 27
-278 43
-274 17
-242 19
-246 29
-242 19
-226 19
-294 31
-306 21
-258 23
-262 21
-254 39
-274 67
-278 71
-238 87
-254 75
-242 77
-226 91
-258 103
-278 111
-230 83
-238 79
-242 87
-258 73
-278 91
-270 99
-274 119
-298 123
-266 133
-250 127
-262 135
-306 173
-286 163
-318 161
-294 163
-278 151
-298 145
-290 127
-286 139
-298 141
-286 155
-286 139
-298 153
-318 145
-322 165
-314 169
-318 181
-334 189
-314 179
-342 189
-330 175
-314 155
-270 135
-310 129
-330 135
-306 137
-298 135
-334 143
-274 125
-258 129
-266 121
-350 163
-318 167
-326 175
-306 163
-330 169
-314 161
-306 155
-318 153
-374 165
-318 147
-318 147
-354 159
-342 157
-290 133
-314 119
-318 125
-282 125
-290 139
-286 135
-306 147
-274 119
-266 109
-258 111
-266 109
-258 119
-262 131
-274 115
-290 123
-286 135
-290 141
-318 129
-274 109
-326 133
-322 133
-306 107
-318 113
-286 109
-290 103
-278 115
-278 113
-286 113
-254 105
-262 117
-226 103
-222 93
-254 107
-274 111
-278 89
-306 111
-298 111
-226 101
-226 113
-230 129
-234 123
-226 111
-230 125
-250 121
-286 121
-294 151
-294 149
-306 149
-314 159
-294 153
-266 137
-306 127
-314 135
-286 127
-242 109
-226 53
-226 61
-266 93
-282 115
-282 113
-310 113
-310 139
-294 137
-286 125
-258 133
-274 119
-306 139
-282 147
-302 143
-298 139
-310 155
-314 173
-358 193
-346 185
-338 177
-338 177
-338 171
-350 191
-362 177
-330 171
-334 169
-326 167
-334 171
-350 169
-334 175
-318 159
-306 157
-302 137
-306 147
-330 157
-322 161
-322 161
-334 163
-326 167
-338 165
-346 169
-314 167
-334 159
-298 155
-302 153
-310 165
-334 181
-354 185
-354 189
-342 193
-358 199
-346 189
-366 191
-354 181
-386 205
-350 195
-334 181
-346 183
-282 157
-342 173
-334 175
-326 175
-334 175
-318 179
-346 185
-342 187
-318 185
-338 191
-354 191
-310 173
-338 177
-318 167
-310 155
-310 143
-302 151
-302 151
-282 157
-330 159
-310 145
-338 161
-334 153
-294 137
-294 129
-294 127
-318 131
-306 135
-314 123
-262 117
-246 103
-286 137
-310 147
-294 137
-294 127
-318 131
-274 123
-274 119
-258 105
-230 111
-218 115
-254 135
-262 109
-238 97
-230 103
-286 117
-250 101
-266 93
-306 109
-298 131
-330 133
-330 149
-330 167
-342 181
-322 171
-334 173
-326 183
-326 173
-354 177
-350 175
-306 163
-286 153
-278 127
-238 133
-254 123
-294 133
-286 145
-302 161
-270 143
-270 125
-266 125
-278 133
-302 145
-310 139
-302 141
-290 149
-302 175
-330 175
-302 161
-342 181
-342 171
-302 151
-294 171
-314 153
-290 131
-290 127
-270 125
-290 113
-286 117
-258 99
-290 111
-294 105
-278 119
-310 119
-334 137
-306 149
-318 139
-322 131
-318 131
-298 129
-286 141
-262 123
-290 117
-334 125
-294 117
-282 147
-270 139
-306 147
-306 147
-282 137
-290 129
-274 115
-310 129
-266 117
-222 85
-246 91
-270 107
-286 135
-290 127
-318 127
-282 119
-274 87
-270 101
-250 89
-258 85
-270 83
-266 65
-266 61
-302 85
-278 63
-262 57
-282 73
-302 103
-314 123
-274 115
-278 97
-254 75
-242 83
-258 87
-258 83
-234 61
-250 67
-258 89
-266 87
-258 75
-262 83
-242 75
-254 77
-246 87
-286 97
-290 99
-306 109
-282 101
-254 103
-230 107
-190 83
-198 81
-186 79
-218 69
-190 77
-194 83
-198 99
-238 107
-266 117
-254 123
-262 127
-262 129
-278 157
-302 155
-234 123
-246 129
-238 129
-286 149
-306 153
-282 151
-354 171
-358 181
-382 191
-350 187
-342 179
-370 193
-358 195
-362 195
-318 181
-334 185
-358 191
-350 187
-346 191
-386 203
-394 209
-342 189
-326 191
-382 201
-390 209
-398 211
-398 209
-386 207
-394 209
-418 209
-394 207
-354 193
-366 197
-314 173
-342 183
-326 181
-354 187
-358 193
-370 197
-406 211
-382 205
-358 187
-350 189
-366 197
-346 191
-362 195
-298 175
-326 189
-318 185
-382 207
-366 201
-378 201
-386 205
-386 207
-378 203
-378 203
-394 207
-378 201
-366 197
-374 201
-334 187
-354 191
-402 211
-370 199
-354 193
-354 187
-322 171
-306 171
-314 155
-330 177
-358 191
-326 189
-378 205
-362 199
-362 197
-382 207
-410 215
-354 193
-334 187
-326 183
-294 171
-306 181
-238 143
-306 169
-298 163
-302 165
-274 145
-290 127
-278 125
-262 107
-282 115
-282 121
-302 135
-298 151
-294 139
-278 133
-334 155
-274 141
-314 157
-314 171
-350 187
-334 191
-366 197
-378 195
-354 183
-362 193
-390 207
-382 205
-378 201
-350 191
-350 193
-334 181
-330 175
-326 179
-322 187
-314 181
-318 171
-318 177
-290 161
-382 199
-366 201
-370 197
-358 189
-342 193
-390 195
-350 191
-342 193
-322 185
-334 177
-318 179
-334 179
-358 193
-362 185
-342 191
-358 193
-334 179
-298 169
-342 191
-386 205
-338 191
-334 173
-350 187
-382 205
-390 207
-378 203
-334 195
-326 185
-366 195
-398 211
-370 195
-358 187
-342 185
-354 191
-374 201
-366 195
-346 185
-338 185
-378 205
-398 209
-382 207
-386 207
-374 205
-374 199
-350 187
-366 199
-342 189
-346 187
-322 173
-330 171
-306 153
-326 143
-294 137
-258 125
-270 115
-306 135
-294 113
-310 135
-270 139
-286 139
-302 173
-294 159
-282 147
-262 135
-266 141
-318 169
-306 165
-282 161
-322 167
-306 173
-302 163
-298 161
-254 135
-262 131
-290 135
-298 155
-298 137
-282 149
-266 137
-278 135
-262 121
-254 117
-270 119
-238 117
-282 119
-242 117
-250 135
-250 129
-242 97
-246 79
-226 77
-246 79
-270 83
-230 69
-254 65
-270 77
-250 71
-246 53
-258 51
-258 61
-258 77
-274 75
-310 101
-338 121
-330 115
-306 105
-290 115
-290 123
-314 157
-310 159
-290 141
-290 127
-302 131
-334 139
-282 133
-278 121
-274 135
-254 131
-310 171
-338 165
-298 159
-298 149
-326 153
-314 143
-298 139
-294 149
-350 169
-314 159
-358 175
-366 193
-338 185
-358 191
-362 195
-362 195
-354 187
-362 185
-322 179
-286 173
-242 151
-230 143
-230 143
-262 133
-258 115
-254 137
-286 139
-286 151
-310 159
-310 161
-298 161
-302 155
-286 125
-294 129
-318 133
-326 139
-302 137
-306 147
-334 161
-350 153
-326 159
-294 159
-274 145
-250 141
-202 95
-250 105
-242 117
-270 123
-246 109
-246 111
-330 159
-346 165
-338 169
-326 159
-322 165
-342 187
-370 201
-322 169
-318 165
-350 175
-362 179
-366 179
-330 183
-310 167
-322 169
-346 173
-286 163
-330 183
-286 157
-322 175
-346 167
-350 169
-342 167
-314 159
-318 159
-302 165
-274 155
-290 163
-322 179
-358 181
-362 189
-342 181
-322 165
-346 173
-322 173
-318 157
-322 165
-310 157
-358 181
-358 183
-318 169
-286 161
-346 181
-354 195
-354 197
-378 205
-374 201
-350 187
-334 175
-318 175
-318 169
-318 157
-318 155
-334 175
-338 183
-318 185
-366 199
-358 189
-350 193
-310 179
-330 179
-374 201
-354 191
-334 177
-322 169
-358 179
-326 179
-362 175
-322 165
-330 173
-302 165
-274 161
-286 157
-310 165
-322 167
-338 177
-346 183
-326 171
-334 189
-370 201
-342 195
-386 207
-402 211
-346 191
-346 187
-358 195
-354 191
-358 185
-330 179
-350 187
-326 183
-322 171
-290 157
-322 167
-306 157
-318 163
-302 153
-298 163
-302 165
-274 127
-246 103
-242 109
-198 81
-226 91
-218 87
-242 105
-246 111
-266 111
-262 111
-262 113
-238 101
-278 127
-258 125
-242 139
-302 163
-298 171
-314 167
-322 175
-338 171
-294 155
-302 155
-318 175
-322 165
-330 183
-322 187
-386 209
-394 211
-366 201
-390 209
-394 205
-378 197
-346 187
-282 161
-326 177
-358 181
-366 193
-346 177
-302 167
-342 187
-334 191
-358 201
-358 199
-382 201
-338 181
-310 179
-302 167
-306 179
-334 181
-306 173
-294 169
-322 177
-334 191
-370 197
-362 191
-350 185
-366 195
-366 191
-346 193
-362 195
-326 185
-338 169
-378 187
-330 177
-314 171
-358 183
-326 169
-314 167
-346 177
-338 173
-302 161
-306 175
-358 199
-338 187
-338 187
-370 197
-362 195
-362 193
-378 205
-342 193
-358 181
-350 167
-358 181
-358 169
-310 155
-310 157
-318 173
-354 173
-378 187
-362 193
-338 189
-382 205
-398 211
-394 209
-382 201
-374 189
-358 173
-346 179
-378 191
-326 171
-306 155
-310 157
-350 187
-374 199
-374 205
-366 197
-346 187
-334 189
-330 181
-358 195
-350 193
-350 191
-346 185
-302 169
-310 175
-294 161
-306 163
-346 185
-354 193
-314 171
-322 175
-342 181
-358 177
-354 177
-338 169
-334 175
-334 169
-282 141
-278 131
-262 111
-254 115
-274 141
-286 127
-262 119
-306 137
-302 119
-286 117
-250 119
-238 103
-242 103
-238 103
-250 101
-226 83
-230 101
