10 35
-318 163
-318 179
-302 165
-310 165
-290 149
-266 131
-282 157
-318 173
-330 181
-318 173
-330 183
-354 195
-358 193
-366 195
-398 211
-382 207
-410 215
-410 215
-398 211
-350 197
-366 199
-382 207
-402 213
-426 219
-394 209
-390 209
-394 211
-374 201
-386 209
-414 215
-386 209
-410 213
-370 199
-366 201
-414 215
-402 211
-422 217
-418 215
-394 211
-402 213
-406 213
-418 215
-382 201
-370 197
-330 177
-322 167
-330 183
-362 193
-350 183
-338 173
-346 181
-286 173
-286 165
-290 163
-282 159
-318 161
-318 155
-318 169
-334 181
-342 181
-350 193
-314 187
-346 193
-350 195
-374 205
-370 201
-382 201
-378 201
-378 199
-374 203
-362 191
-390 203
-414 211
-398 211
-410 215
-386 205
-390 203
-366 199
-370 201
-406 213
-378 203
-382 207
-390 205
-390 209
-406 213
-374 199
-374 203
-358 199
-334 183
-346 187
-370 199
-394 205
-398 207
-374 203
-362 199
-358 197
-342 187
-342 183
-358 187
-374 199
-398 209
-362 197
-362 195
-358 191
-382 205
-358 197
-326 173
-342 185
-326 187
-330 189
-366 189
-342 179
-318 167
-326 173
-358 187
-414 215
-398 209
-390 209
-358 201
-378 203
-382 203
-402 211
-406 211
-406 211
-382 201
-374 203
-358 197
-346 185
-326 181
-334 191
-338 195
-398 209
-394 211
-390 209
-378 205
-310 171
-342 179
-346 185
-346 181
-330 183
-346 183
-362 189
-382 197
-358 189
-366 191
-346 189
-374 197
-398 211
-434 219
-398 211
-370 199
-350 195
-358 201
-370 201
-338 187
-358 195
-390 209
-390 207
-374 201
-382 205
-354 195
-370 199
-390 205
-362 199
-398 209
-418 217
-406 213
-390 203
-370 199
-342 191
-402 209
-378 203
-386 207
-370 203
-386 203
-366 195
-386 207
-406 213
-374 197
-394 207
-394 211
-398 211
-378 203
-358 195
-362 191
-358 187
-322 175
-278 155
-310 147
-302 169
-290 145
-330 161
-294 135
-310 135
-314 145
-338 163
-322 153
-290 129
-282 121
-294 129
-318 143
-314 163
-302 153
-330 161
-314 149
-310 161
-342 167
-290 161
-350 185
-342 169
-338 173
-322 165
-290 131
-270 141
-262 131
-282 137
-294 147
-334 177
-330 179
-334 179
-310 153
-310 153
-330 165
-370 185
-326 179
-318 167
-358 183
-366 193
-382 197
-382 205
-386 207
-374 201
-366 191
-338 183
-342 173
-334 173
-346 181
-318 169
-334 177
-354 187
-346 193
-318 169
-322 175
-338 181
-362 189
-334 175
-346 183
-374 191
-382 189
-370 189
-366 191
-366 193
-406 213
-378 207
-362 193
-366 195
-398 207
-386 205
-386 205
-422 217
-406 213
-358 193
-370 197
-374 201
-334 183
-334 179
-326 171
-342 179
-342 181
-330 181
-346 193
-346 189
-330 185
-326 181
-322 177
-382 203
-370 203
-370 199
-378 205
-370 199
-362 195
-366 195
-386 205
-342 187
-354 191
-366 191
-378 201
-338 185
-342 191
-358 189
-370 201
-378 201
-398 207
-390 197
-398 207
-398 211
-386 205
-410 215
-402 211
-370 197
-378 203
-366 199
-382 201
-378 203
-358 191
-382 197
-350 193
-342 191
-334 187
-290 171
-322 181
-342 195
-334 187
-322 183
-338 181
-350 187
-330 183
-330 175
-366 189
-358 183
-350 177
-362 185
-362 177
-370 185
-374 191
-378 197
-386 187
-354 175
-350 183
-334 185
-362 199
-374 203
-378 201
-338 187
-350 187
-374 195
-382 203
-362 201
-330 185
-358 191
-350 193
-354 195
-398 207
-370 195
-338 181
-342 187
-386 207
-386 201
-386 199
-354 187
-334 183
-346 177
-342 181
-322 177
-330 175
-306 167
-310 149
-318 153
-338 145
-306 129
-318 119
-282 105
-290 97
-262 95
-266 97
-246 73
-274 85
-298 63
-262 65
-282 61
-274 59
-286 15
-274 9
-262 13
-294 1
-294 5
-294 13
-306 33
-302 33
-298 41
-294 35
-282 41
-258 37
-278 37
-274 33
-258 47
-294 43
-302 61
-314 51
-306 51
-262 61
-266 77
-270 87
-238 83
-242 77
-262 73
-278 85
-254 87
-262 87
-254 85
-282 95
-322 107
-318 125
-314 125
-302 129
-282 131
-310 143
-334 159
-354 159
-330 149
-298 121
-326 121
-314 129
-306 145
-362 171
-322 161
-318 151
-310 131
-290 115
-274 119
-306 123
-318 125
-318 123
-334 135
-350 145
-326 141
-318 151
-318 167
-350 169
-362 171
-350 173
-354 179
-350 165
-350 171
-354 171
-326 161
-326 157
-306 153
-290 151
-306 161
-302 169
-334 185
-354 181
-374 193
-358 199
-366 199
-390 207
-350 181
-326 175
-334 183
-326 159
-314 169
-326 171
-314 167
-306 175
-306 155
-350 147
-318 133
-314 131
-338 143
-326 129
-294 105
-266 101
-286 107
-310 113
-274 113
-262 109
-250 85
-226 65
-222 87
-226 89
-250 111
-314 137
-262 119
-258 101
-266 81
-254 71
-266 97
-266 95
-250 101
-270 97
-274 115
-282 123
-274 139
-274 137
-310 133
-302 133
-294 129
-330 155
-346 155
-278 117
-258 91
-290 115
-326 121
-334 117
-290 105
-290 85
-298 81
-298 75
-282 71
-266 49
-274 65
-262 65
-278 63
-314 83
-306 101
-290 89
-298 97
-290 99
-290 101
-290 87
-266 81
-266 75
-262 87
-290 95
-274 85
-274 81
-278 83
-290 109
-278 93
-282 97
-306 107
-286 97
-298 115
-294 107
-290 105
-322 117
-318 117
-274 109
-278 115
-298 123
-274 117
-306 131
-346 151
-338 159
-322 145
-322 153
-338 171
-362 179
-350 175
-366 175
-358 177
-362 193
-354 189
-374 195
-378 193
-382 201
-366 195
-330 181
-342 179
-334 177
-302 167
-262 151
-314 173
-306 169
-338 175
-346 173
-326 161
-330 167
-350 171
-362 179
-326 163
-322 165
-318 169
-306 171
-330 173
-330 185
-366 191
-362 187
-366 193
-342 189
-366 193
-378 205
-378 203
-382 203
-398 199
-378 197
-374 191
-346 175
-326 173
-334 167
-342 165
-306 149
-314 163
-302 147
-266 125
-286 143
-290 125
-310 141
-330 155
-302 139
-306 147
-318 155
-282 153
-350 191
-370 201
-366 195
-386 203
-350 183
-362 197
-374 205
-378 205
-410 213
-390 209
-382 199
-370 199
-382 203
-390 203
-350 195
-374 197
-346 183
-346 187
-390 203
-378 199
-330 179
-346 177
-334 185
-366 197
-390 207
-410 213
-386 205
-354 187
-386 199
-378 195
-334 181
-346 181
-326 169
-330 177
-286 135
-302 127
-310 121
-298 133
-286 129
-294 143
-286 141
-322 147
-278 121
-310 141
-326 171
-302 165
-310 157
-298 149
-314 147
-330 153
-278 139
-302 151
-342 173
-342 177
-330 179
-326 177
-330 183
-382 193
-390 201
-390 205
-402 211
-370 201
-370 197
-374 195
-362 195
-370 201
-374 203
-402 209
-394 209
-374 203
-374 199
-362 199
-370 193
-350 189
-334 177
-342 183
-370 183
-346 185
-366 191
-346 191
-346 185
-370 197
-362 195
-410 215
-414 215
-406 213
-386 203
-334 185
-330 173
-354 193
-370 193
-378 197
-382 189
-334 179
-358 199
-386 205
-410 213
-410 213
-410 209
-402 201
-378 187
-370 185
-358 181
-362 193
-354 193
-374 201
-398 209
-374 205
-374 203
-390 205
-350 199
-342 193
-370 203
-398 209
-394 207
-406 213
-370 203
-334 183
-370 199
-398 207
-414 215
-362 195
-390 209
-394 209
-374 203
-362 197
-362 199
-362 193
-342 187
-330 183
-330 183
-330 177
-326 175
-322 181
-310 177
-366 195
-374 201
-382 203
-406 213
-410 211
-378 205
-346 189
-358 197
-358 193
-354 187
-382 203
-346 195
-390 207
-422 217
-402 207
-366 201
-374 195
-350 189
-358 193
-378 193
-370 193
-326 173
-322 155
-322 155
-354 159
-350 161
-326 155
-294 131
-294 143
-294 121
-294 101
-282 109
-274 115
-294 121
-278 93
-274 113
-294 135
-306 143
-318 137
-338 155
-334 153
-318 157
-350 165
-346 147
-326 141
-310 159
-322 163
-330 187
-366 199
-358 195
-366 193
-354 189
-346 179
-314 159
-298 133
-310 147
-282 127
-274 137
-326 175
-314 175
-258 159
-326 181
-298 157
-298 133
-286 127
-282 117
-310 135
-310 123
-302 131
-302 123
-298 121
-318 129
-310 147
-314 155
-342 171
-350 179
-370 189
-346 183
-350 179
-314 169
-302 171
-306 165
-326 181
-322 177
-382 205
-382 205
-414 213
-390 207
-394 209
-402 209
-402 209
-382 203
-358 193
-354 195
-386 205
-390 207
-410 211
-382 207
-390 209
-394 209
-394 211
-386 205
-378 205
-426 219
-402 213
-394 209
-386 207
-386 205
-358 195
-370 203
-378 201
-382 205
-418 217
-406 213
-406 213
-434 221
-414 215
-434 221
-426 219
-394 205
-386 201
-334 181
-350 191
-346 191
-350 191
-366 195
-318 177
-334 183
-382 199
-374 195
-354 191
-346 193
-366 199
-354 195
-386 205
-390 207
-386 203
-362 199
-386 207
-382 203
-370 201
-362 195
-326 183
-314 169
-358 183
-366 193
-382 201
-386 199
-374 189
-366 195
-366 187
-310 179
-318 181
-374 189
-370 189
-362 193
-330 171
-350 191
-382 207
-390 207
-394 209
-402 213
-386 207
-418 217
-418 215
-390 203
-374 203
-386 207
-374 203
-366 203
-390 207
-422 217
-410 213
-418 217
-390 207
-418 215
-394 209
-382 203
-402 211
-422 217
-386 209
-354 199
-354 193
-338 187
-326 173
-354 193
-374 197
-378 197
-374 201
-370 199
-338 187
-386 207
-374 203
-314 173
-334 177
-350 193
-342 191
-342 193
-362 199
-326 185
-362 197
-374 197
-334 151
-326 167
-318 161
-286 133
-322 151
-318 139
-318 125
-286 105
-270 109
-250 109
-234 119
-278 139
-266 117
-290 139
-278 139
-326 173
-318 163
-290 139
-294 139
-286 119
-278 115
-298 121
-270 127
-262 95
-286 137
-302 153
-306 171
-310 165
-358 177
-370 183
-334 177
-382 189
-386 189
-378 197
-354 195
-358 195
-346 189
-366 193
-370 197
-386 207
-406 213
-418 217
-410 215
-398 209
-410 213
-406 213
-406 211
-406 211
-382 205
-394 205
-386 205
-402 209
-366 199
-370 199
-362 199
-382 203
-338 189
-350 195
-374 199
-394 203
-402 213
-378 205
-338 191
-354 195
-358 199
-378 203
-378 201
-338 191
-374 197
-350 197
-394 203
-326 177
-354 181
-354 181
-362 185
-378 195
-386 199
-394 203
-374 199
-378 195
-374 195
-342 181
-350 189
-366 193
-362 199
-402 213
-390 209
-386 207
-390 207
-374 199
-346 187
-318 183
-318 173
-294 165
-294 161
-338 167
-350 185
-326 177
-370 201
-350 195
-390 207
-402 207
-398 211
-418 217
-382 207
-386 207
-366 199
-362 199
-322 175
-310 169
-338 175
-330 171
-326 159
-366 187
-366 185
-370 191
-382 195
-358 199
-358 193
-374 189
-354 189
-378 199
-382 201
-390 207
-386 205
-386 207
-398 211
-410 215
-366 197
-354 185
-346 189
-342 183
-298 169
-298 163
-310 159
-326 163
-322 161
-358 175
-334 165
-346 191
-362 193
-386 203
-374 203
-354 195
-366 201
-370 195
-358 195
-390 203
-362 197
-354 199
-338 191
-358 197
-382 207
-346 193
-330 187
-350 187
-374 189
-366 185
-322 183
-342 191
-358 191
-342 183
-366 197
-378 201
-386 201
-402 213
-382 203
-418 215
-426 217
-386 205
-362 191
-314 177
-334 179
-374 187
-338 169
-390 193
-370 197
-342 187
-342 187
-330 177
-310 175
-334 177
-330 177
-346 183
-362 193
-354 195
-362 193
-342 189
-342 177
-374 191
-350 195
-338 185
-366 191
-358 191
-346 187
-326 181
-306 171
-338 173
-318 167
-342 173
-314 147
-274 143
-270 117
-282 121
-334 137
-314 123
-314 129
-326 143
-318 131
-286 135
-262 115
-318 139
-338 159
-318 159
-306 139
-310 121
-326 143
-334 159
-334 163
-342 159
-314 161
-270 147
-274 159
-262 137
-326 155
-338 153
-290 139
-294 137
-298 137
-290 125
-322 127
-302 119
-302 115
-310 135
-302 143
-310 151
-306 145
-322 159
-330 137
-314 123
-302 123
-334 149
-350 167
-350 175
-338 175
-326 173
-338 181
-382 205
-390 207
-378 205
-382 203
-382 207
-350 187
-382 201
-358 183
-326 167
-298 157
-278 151
-306 165
-314 159
-302 167
-310 171
-326 171
-382 191
-374 191
-378 205
-390 205
-374 199
-374 197
-330 191
-346 197
-350 197
-322 185
-358 193
-370 197
-330 179
-382 191
-334 179
-334 179
-338 187
-342 189
-350 195
-346 187
-330 179
-354 191
-362 187
-358 177
-374 175
-354 179
-358 179
-342 177
-338 189
-358 183
-326 165
-366 185
-326 173
-342 177
-334 173
-286 153
-262 131
-270 129
-330 159
-306 159
-322 145
-302 141
-298 159
-282 153
-294 163
-358 189
-334 179
-366 189
-382 197
-390 201
-386 203
-362 195
-342 191
-346 185
-330 183
