10 35
-338 185
-338 189
-362 191
-382 201
-394 205
-394 207
-342 193
-314 171
-314 169
-338 177
-358 177
-322 155
-346 171
-366 183
-342 173
-330 159
-342 173
-290 141
-326 143
-302 125
-302 121
-286 133
-286 129
-314 145
-338 157
-330 157
-330 159
-342 163
-346 165
-286 159
-302 167
-302 163
-342 167
-290 141
-306 155
-322 171
-290 153
-278 151
-282 143
-262 123
-274 127
-302 141
-310 145
-294 127
-302 149
-318 157
-294 141
-262 113
-274 121
-286 139
-278 135
-294 141
-326 159
-318 163
-298 151
-302 163
-278 159
-318 175
-334 191
-338 177
-326 179
-346 191
-386 201
-362 187
-330 179
-310 167
-358 191
-390 205
-378 201
-366 195
-386 205
-402 211
-362 195
-346 189
-346 195
-366 193
-354 189
-358 195
-342 181
-310 169
-338 187
-346 185
-314 179
-310 173
-362 179
-350 177
-318 159
-306 173
-314 173
-326 163
-330 175
-310 167
-270 149
-302 165
-306 181
-370 199
-362 193
-370 197
-382 205
-346 191
-350 195
-350 195
-334 191
-342 191
-358 189
-386 205
-346 193
-354 187
-346 187
-346 191
-314 163
-310 165
-306 161
-310 169
-294 161
-326 187
-314 173
-330 175
-334 171
-370 185
-394 203
-394 207
-382 203
-358 195
-334 187
-346 185
-342 175
-310 179
-334 181
-342 193
-350 189
-334 189
-390 207
-382 195
-326 183
-342 189
-362 197
-334 191
-350 187
-326 185
-342 189
-326 177
-338 187
-370 197
-354 193
-386 205
-370 195
-382 197
-334 177
-370 195
-314 165
-302 169
-338 189
-322 181
-322 175
-338 185
-366 189
-386 197
-398 199
-382 193
-374 189
-366 193
-310 167
-294 161
-294 151
-338 167
-382 183
-334 171
-338 167
-298 141
-310 145
-350 143
-318 135
-314 147
-294 131
-286 153
-302 173
-346 187
-326 183
-306 173
-318 165
-322 169
-306 179
-334 181
-310 169
-302 169
-306 149
-290 165
-258 149
-302 161
-366 185
-370 197
-398 209
-346 189
-350 197
-358 185
-370 201
-370 195
-362 195
-390 207
-370 199
-358 191
-362 187
-382 195
-382 197
-354 193
-314 181
-362 191
-382 189
-382 197
-378 187
-370 187
-342 181
-350 185
-326 181
-374 203
-382 205
-342 183
-346 179
-330 189
-334 189
-354 195
-330 183
-338 185
-342 183
-342 191
-334 185
-354 197
-350 191
-342 171
-354 183
-318 159
-306 157
-322 173
-314 163
-290 141
-310 169
-346 183
-346 183
-338 189
-374 203
-370 201
-342 187
-342 185
-314 169
-342 185
-346 185
-366 193
-338 181
-330 187
-334 173
-310 163
-314 149
-334 171
-274 141
-258 151
-322 171
-362 179
-338 173
-330 169
-334 179
-362 187
-330 169
-314 167
-330 189
-346 189
-322 185
-366 201
-390 209
-362 199
-334 185
-310 179
-346 181
-338 169
-358 179
-370 185
-354 195
-342 185
-322 175
-342 187
-342 181
-346 181
-330 181
-330 175
-378 199
-366 187
-382 195
-314 167
-282 159
-270 149
-290 143
-314 155
-338 173
-354 175
-342 177
-322 167
-302 175
-286 169
-274 155
-314 171
-342 177
-314 173
-338 187
-278 157
-274 163
-282 151
-270 147
-278 141
-270 131
-242 125
-266 139
-254 131
-254 121
-258 139
-270 113
-310 123
-322 151
-362 197
-362 183
-350 183
-326 173
-374 191
-350 183
-314 181
-330 187
-322 181
-326 189
-362 195
-358 197
-382 205
-406 213
-378 203
-374 203
-382 201
-378 205
-338 189
-338 187
-366 197
-378 197
-346 183
-350 183
-314 159
-338 173
-326 167
-346 159
-302 139
-302 147
-278 137
-270 143
-326 169
-314 161
-346 175
-302 151
-306 153
-314 163
-302 159
-278 149
-314 153
-290 151
-298 165
-326 171
-294 159
-310 171
-326 171
-294 159
-306 165
-310 169
-346 177
-322 171
-334 169
-342 163
-306 169
-310 175
-354 189
-338 189
-378 203
-338 193
-330 191
-346 183
-350 189
-334 177
-350 189
-350 195
-386 207
-350 195
-382 207
-370 201
-374 197
-390 207
-382 207
-350 193
-346 191
-370 201
-398 205
-386 207
-350 189
-358 197
-366 203
-382 207
-350 195
-358 197
-366 189
-354 191
-362 191
-330 181
-330 187
-302 169
-338 179
-314 169
-334 185
-346 183
-346 187
-350 175
-350 195
-350 187
-346 179
-338 167
-334 161
-330 155
-318 145
-290 123
-274 119
-266 127
-286 139
-254 107
-250 117
-310 129
-318 145
-282 113
-290 111
-282 127
-298 143
-286 131
-290 133
-326 147
-306 139
-314 151
-314 159
-302 167
-310 167
-322 171
-342 179
-358 185
-362 189
-350 179
-354 185
-342 179
-330 167
-314 169
-346 165
-322 163
-282 141
-310 143
-318 159
-314 163
-298 149
-322 171
-342 183
-366 197
-334 185
-298 167
-278 151
-274 123
-306 117
-262 109
-254 101
-298 105
-290 101
-270 87
-266 81
-286 81
-258 61
-286 81
-274 51
-262 13
-222 17
-202 13
-258 35
-250 21
-246 29
-222 49
-250 41
-258 45
-290 55
-218 51
-210 41
-218 29
-214 27
-190 25
-182 35
-222 59
-206 53
-222 51
-234 51
-214 41
-222 49
-226 69
-218 79
-230 79
-234 103
-270 115
-286 121
-290 135
-306 153
-302 147
-306 159
-318 163
-286 159
-294 155
-306 171
-366 181
-318 159
-326 159
-306 159
-270 139
-318 155
-322 163
-310 155
-330 141
-310 143
-334 161
-338 165
-314 147
-326 145
-310 131
-322 147
-290 161
-302 153
-310 149
-310 145
-282 129
-274 135
-274 135
-302 129
-298 119
-274 107
-294 105
-274 93
-278 77
-278 67
-282 81
-294 81
-250 61
-250 53
-182 59
-262 71
-262 77
-230 75
-258 87
-258 81
-290 87
-282 85
-306 107
-238 101
-262 95
-210 87
-226 71
-194 69
-222 81
-270 95
-222 87
-230 97
-218 93
-242 99
-258 91
-262 83
-254 57
-226 43
-246 63
-270 69
-262 61
-262 103
-238 105
-262 129
-270 127
-314 159
-310 173
-330 181
-374 199
-390 205
-390 205
-350 191
-350 195
-350 189
-338 189
-330 169
-282 143
-282 147
-218 103
-206 99
-250 133
-238 123
-314 149
-298 161
-282 137
-294 143
-310 147
-286 139
-294 131
-318 121
-330 135
-318 127
-286 121
-290 123
-266 115
-294 139
-306 143
-278 101
-230 89
-198 79
-262 89
-278 89
-266 93
-266 115
-334 147
-334 141
-326 147
-334 153
-330 155
-306 165
-302 139
-330 165
-334 171
-330 181
-334 183
-370 201
-334 187
-330 187
-326 189
-350 185
-386 201
-386 201
-354 187
-322 183
-354 189
-342 183
-346 183
-358 195
-338 183
-326 169
-318 187
-326 189
-374 201
-374 197
-378 197
-382 191
-346 185
-346 187
-342 189
-350 189
-362 193
-370 189
-290 143
-306 149
-306 159
-310 165
-314 173
-314 175
-326 177
-330 171
-314 167
-294 169
-286 159
-314 167
-286 147
-282 161
-294 161
-314 161
-342 171
-294 161
-326 163
-274 141
-278 157
-310 173
-326 161
-294 163
-274 149
-238 139
-278 161
-334 189
-342 187
-354 189
-346 191
-350 199
-342 183
-286 155
-302 143
-302 143
-314 139
-330 141
-326 143
-278 129
-282 117
-282 101
-274 91
-278 83
-274 85
-270 89
-262 73
-250 53
-262 77
-234 43
-290 23
-278 29
-274 37
-294 51
-282 43
-286 59
-266 71
-310 85
-318 87
-278 77
-310 99
-302 91
-302 103
-290 103
-266 95
-270 107
-286 111
-290 103
-282 107
-290 119
-318 145
-342 143
-318 149
-314 155
-322 171
-342 191
-370 199
-374 199
-354 181
-326 169
-326 163
-298 137
-274 115
-286 113
-334 117
-314 109
-258 97
-266 95
-314 115
-314 119
-330 141
-362 159
-330 151
-302 149
-314 169
-314 175
-318 161
-326 177
-334 171
-298 163
-306 165
-362 187
-318 171
-358 179
-374 199
-378 197
-366 197
-342 183
-350 187
-342 189
-290 151
-274 153
-298 171
-322 177
-314 165
-334 157
-290 159
-306 159
-318 179
-334 185
-342 189
-346 177
-342 179
-298 169
-290 161
-350 185
-346 191
-274 169
-298 175
-370 203
-318 175
-314 177
-338 191
-338 183
-358 189
-306 177
-306 163
-330 155
-298 157
-322 169
-314 165
-314 165
-310 163
-306 155
-258 137
-278 141
-358 161
-358 171
-350 163
-314 151
-334 145
-306 141
-298 133
-270 121
-290 123
-314 113
-290 87
-282 95
-298 83
-306 101
-310 85
-282 77
-286 45
-210 41
-190 33
-242 53
-246 49
-242 55
-250 63
-282 21
-278 17
-274 31
-278 33
-278 43
-250 51
-246 27
-214 19
-218 5
-222 33
-246 41
-234 63
-246 59
-262 75
-274 73
-270 61
-254 61
-214 77
-274 95
-274 117
-270 113
-258 91
-278 85
-306 91
-278 91
-290 57
-294 65
-270 75
-246 61
-214 57
-258 55
-266 39
-266 41
-246 63
-258 95
-274 67
-270 81
-274 85
-234 75
-302 83
-254 87
-226 75
-246 83
-254 83
-234 57
-238 65
-234 75
-230 95
-270 113
-278 117
-302 121
-306 131
-298 119
-286 125
-330 139
-318 135
-334 159
-374 183
-346 171
-298 157
-298 151
-318 173
-354 173
-326 135
-338 143
-322 153
-326 159
-350 159
-330 159
-318 149
-306 143
-298 145
-290 155
-286 143
-286 133
-338 155
-334 149
-326 169
-350 175
-342 187
-362 201
-402 213
-346 183
-322 179
-314 167
-330 151
-314 169
-330 185
-302 165
-322 161
-314 157
-314 159
-318 163
-322 153
-286 141
-298 151
-290 149
-298 149
-330 141
-346 153
-342 149
-314 145
-298 139
-318 151
-310 163
-282 153
-310 159
-338 185
-302 167
-286 153
-278 157
-310 165
-286 139
-310 141
-318 147
-314 151
-294 141
-298 137
-294 137
-262 125
-302 131
-342 127
-282 113
-274 103
-274 111
-246 107
-262 113
-278 119
-294 113
-258 81
-258 93
-286 113
-294 117
-246 119
-270 127
-266 111
-290 129
-286 143
-310 157
-318 173
-326 177
-298 165
-294 161
-342 165
-282 131
-310 125
-302 109
-322 113
-334 139
-318 143
-314 123
-302 131
-322 155
-314 161
-286 133
-306 167
-326 165
-330 179
-362 191
-358 191
-350 193
-334 185
-306 169
-334 189
-338 191
-342 187
-350 195
-382 203
-382 205
-418 217
-418 217
-414 215
-370 201
-374 181
-354 189
-306 169
-370 201
-370 199
-382 199
-426 219
-402 213
-418 217
-370 205
-378 201
-370 195
-358 191
-358 193
-358 193
-346 193
-338 187
-350 189
-338 177
-346 173
-322 167
-342 179
-358 195
-394 203
-350 189
-302 177
-338 189
-370 199
-370 197
-382 205
-378 203
-386 207
-330 179
-298 153
-310 147
-354 157
-318 147
-330 155
-322 151
-330 161
-318 153
-282 145
-290 135
-294 147
-282 151
-338 179
-346 189
-354 189
-322 173
-322 185
-318 179
-334 181
-318 169
-270 147
-298 145
-294 147
-286 153
-330 177
-346 195
-370 203
-366 201
-370 195
-338 189
-362 199
-346 187
-370 187
-362 197
-362 195
-366 201
-350 191
-334 183
-362 193
-366 201
-430 219
-390 207
-386 207
-378 205
-370 199
-394 207
-374 201
-350 197
-362 199
-314 179
-334 183
-338 177
-274 159
-322 173
-362 189
-378 199
-366 199
-334 189
-350 195
-394 209
-398 211
-394 211
-382 207
-386 205
-362 197
-334 187
-370 193
-338 189
-342 185
-330 171
-342 175
-322 175
-310 167
-306 163
-258 131
-258 127
-262 109
-278 95
-286 111
-306 105
-294 105
-274 105
-282 127
-258 113
-286 161
-286 139
-302 163
-294 153
-322 163
-358 171
-346 165
-326 163
-338 177
-330 167
-366 183
-354 177
-334 183
-342 189
-326 169
-346 185
-334 177
-338 179
-338 179
-338 179
-314 183
-314 173
-338 167
-258 137
-302 155
-306 155
-314 169
-342 171
-338 169
-322 151
-322 141
-310 141
-294 127
-266 119
-274 121
-302 125
-282 135
-282 137
-306 161
-306 163
-294 163
-306 175
-290 167
-298 153
-334 161
-334 161
-358 185
-318 171
-278 159
-342 189
-342 187
-338 189
-286 167
-314 179
-298 171
-326 183
-342 173
-334 165
-326 161
-302 157
-330 157
-286 151
-298 151
-302 139
-294 143
-238 127
-250 133
-282 141
-282 123
-254 97
-286 145
-326 155
-330 153
-350 161
-350 165
-350 175
-306 155
-338 173
-330 177
-302 167
-334 175
-350 187
-350 179
-358 183
-338 183
-350 183
-358 189
-346 195
-350 187
-402 209
-386 207
-382 205
-378 205
-390 203
-350 191
-350 183
-354 193
-370 199
-390 205
-318 179
-342 193
-338 187
-406 207
-414 215
-406 213
-346 195
-322 173
-330 169
-334 157
-322 165
-338 161
-346 165
-374 191
-342 169
-334 169
-342 185
-338 181
-346 191
-334 183
-334 191
-354 193
-366 199
-338 187
-334 183
-346 181
-302 157
-306 175
-322 181
-338 183
-362 197
-390 209
-358 199
-370 199
-386 207
-346 193
-334 183
-314 171
-338 175
