10 35
-310 153
-310 155
-302 151
-266 127
-294 133
-298 137
-314 171
-342 173
-326 165
-306 155
-330 173
-326 179
-342 157
-350 167
-322 161
-310 151
-302 141
-342 141
-302 131
-306 125
-314 129
-310 141
-294 117
-290 107
-286 95
-254 115
-290 123
-274 111
-246 93
-274 103
-286 105
-294 93
-302 81
-266 61
-222 55
-238 59
-254 81
-242 99
-238 117
-250 145
-286 167
-298 161
-350 191
-366 195
-358 195
-366 197
-382 205
-310 179
-334 183
-302 157
-302 155
-298 159
-310 153
-342 177
-326 169
-318 159
-338 169
-298 143
-286 123
-314 115
-310 129
-306 125
-290 133
-290 131
-258 103
-254 113
-246 117
-282 133
-290 151
-286 157
-282 143
-298 157
-306 161
-282 155
-258 141
-270 141
-282 169
-302 167
-338 181
-374 203
-358 195
-338 187
-314 159
-322 167
-306 143
-314 157
-350 167
-322 159
-294 141
-294 143
-294 143
-350 161
-318 163
-302 139
-290 153
-306 153
-346 173
-322 171
-354 193
-294 163
-314 157
-302 151
-274 119
-286 119
-266 101
-266 83
-274 67
-298 95
-294 99
-298 101
-262 101
-286 129
-262 113
-282 129
-254 115
-270 135
-274 155
-326 181
-290 163
-326 183
-326 177
-322 165
-290 159
-330 165
-346 175
-330 167
-322 157
-342 143
-302 137
-286 145
-258 119
-258 133
-266 135
-266 143
-306 157
-310 165
-298 171
-294 167
-334 185
-358 189
-350 185
-346 181
-354 193
-346 185
-358 177
-326 185
-354 195
-326 185
-322 169
-318 159
-314 159
-306 151
-314 163
-270 147
-210 117
-210 91
-242 109
-290 135
-262 133
-266 135
-282 151
-238 139
-302 151
-290 143
-314 161
-286 159
-322 163
-314 153
-322 147
-298 141
-298 143
-310 145
-298 135
-330 141
-342 149
-334 151
-354 173
-354 173
-382 185
-350 181
-322 173
-354 195
-370 199
-354 185
-318 173
-294 169
-362 193
-318 171
-310 161
-374 183
-386 195
-374 187
-350 185
-322 177
-338 173
-378 193
-382 207
-350 193
-342 187
-390 203
-390 203
-342 187
-362 193
-330 183
-334 181
-338 181
-322 171
-294 167
-266 147
-278 157
-270 147
-234 129
-270 141
-270 145
-318 147
-322 151
-310 155
-274 149
-282 137
-282 141
-318 159
-318 155
-326 167
-314 175
-310 161
-266 143
-270 149
-290 173
-294 169
-282 149
-326 159
-294 153
-258 137
-286 145
-306 153
-294 147
-266 133
-266 137
-318 147
-282 133
-274 133
-298 145
-290 137
-314 141
-322 163
-334 171
-322 169
-330 167
-342 191
-334 193
-358 199
-322 185
-362 201
-322 179
-330 189
-338 185
-314 167
-282 155
-290 145
-290 155
-294 169
-338 183
-314 175
-302 157
-310 167
-294 163
-306 171
-330 181
-398 195
-398 181
-314 153
-290 145
-290 137
-330 137
-330 153
-310 139
-290 133
-262 115
-278 121
-274 115
-246 77
-278 89
-278 107
-294 103
-274 115
-302 123
-282 115
-242 127
-246 127
-254 117
-258 111
-246 113
-266 111
-238 107
-214 89
-218 87
-246 83
-262 79
-242 103
-286 117
-318 115
-294 107
-314 109
-286 89
-246 63
-262 77
-242 73
-270 57
-278 49
-282 67
-310 45
-282 51
-274 41
-274 27
-270 23
-258 1
-258 5
-254 1
-270 9
-238 5
-230 13
-246 11
-222 31
-250 39
-218 27
-254 9
-262 11
-262 11
-250 33
-254 35
-238 35
-234 17
-242 17
-254 15
-274 31
-254 15
-210 9
-242 23
-218 11
-274 13
-254 9
-262 37
-234 33
-246 49
-254 47
-258 59
-278 51
-274 43
-310 67
-302 75
-314 81
-282 89
-286 97
-294 115
-314 127
-330 145
-314 131
-330 151
-314 141
-338 143
-282 121
-286 95
-226 79
-286 101
-354 125
-318 93
-266 95
-294 107
-270 103
-270 107
-258 103
-294 127
-278 135
-270 101
-250 75
-262 37
-246 49
-266 31
-238 23
-206 5
-222 5
-270 11
-210 23
-198 45
-190 37
-198 35
-234 51
-274 61
-262 57
-202 53
-214 65
-226 75
-242 61
-274 65
-274 81
-278 85
-278 63
-254 73
-222 69
-238 51
-246 45
-218 23
-242 3
-270 21
-250 5
-226 15
-218 29
-242 9
-254 1
-214 19
-214 17
-226 19
-286 49
-270 33
-254 5
-254 7
-250 3
-234 9
-206 33
-226 35
-258 55
-274 71
-242 53
-254 97
-246 99
-254 73
-270 71
-286 111
-326 121
-314 137
-298 137
-326 167
-342 165
-290 155
-342 159
-282 137
-314 151
-306 153
-266 143
-246 139
-282 131
-266 121
-250 103
-246 97
-238 91
-222 107
-194 87
-214 77
-230 81
-234 111
-210 93
-278 111
-282 123
-266 89
-286 123
-290 127
-282 159
-326 171
-318 165
-318 147
-298 133
-262 121
-290 103
-238 63
-230 67
-278 91
-270 65
-270 73
-270 95
-250 121
-254 125
-274 141
-250 117
-242 111
-262 125
-286 155
-338 171
-354 187
-354 191
-346 191
-334 179
-342 195
-354 197
-406 211
-378 203
-374 201
-366 193
-394 209
-406 213
-374 203
-330 181
-306 169
-338 183
-322 179
-338 177
-314 175
-310 155
-274 141
-270 149
-318 153
-318 147
-274 123
-278 129
-222 119
-250 119
-246 101
-250 97
-250 119
-290 141
-286 147
-294 149
-326 165
-278 147
-286 149
-258 139
-246 99
-222 89
-226 99
-254 97
-286 113
-270 105
-262 105
-258 113
-242 75
-278 77
-278 53
-262 31
-262 35
-234 45
-234 31
-246 21
-242 45
-222 61
-238 47
-274 39
-234 51
-250 31
-234 61
-250 89
-254 81
-270 45
-254 23
-250 19
-230 19
-210 27
-222 17
-238 39
-246 37
-222 41
-242 65
-250 81
-226 95
-238 117
-262 119
-314 123
-242 93
-274 107
-310 125
-286 123
-270 99
-266 99
-282 93
-270 111
-262 91
-278 71
-290 71
-278 75
-278 83
-290 79
-218 71
-178 79
-218 93
-198 85
-242 89
-234 77
-230 49
-246 61
-282 63
-306 79
-274 87
-230 71
-246 59
-250 83
-310 103
-274 85
-250 81
-266 63
-282 97
-274 91
-266 103
-294 115
-290 115
-270 89
-298 71
-282 75
-262 69
-266 79
-274 99
-238 97
-230 85
-202 93
-234 109
-274 119
-270 137
-250 119
-218 115
-222 97
-254 81
-226 83
-238 111
-302 133
-282 139
-254 137
-298 157
-282 147
-286 151
-238 109
-246 101
-242 97
-218 95
-250 97
-290 127
-290 121
-294 121
-298 139
-314 149
-322 163
-286 157
-286 153
-310 171
-302 167
-338 173
-374 197
-406 211
-418 217
-394 211
-366 195
-362 193
-354 195
-342 185
-314 177
-366 193
-370 197
-402 211
-382 207
-386 207
-390 209
-374 201
-362 195
-322 181
-342 193
-350 193
-370 195
-382 199
-394 203
-374 199
-370 201
-374 201
-354 197
-326 181
-302 161
-334 177
-294 165
-270 135
-298 117
-318 119
-234 87
-226 69
-222 65
-254 51
-266 43
-238 35
-254 47
-246 23
-270 21
-258 33
-214 21
-238 69
-238 83
-250 85
-238 89
-246 65
-250 45
-238 33
-230 35
-250 45
-258 41
-234 73
-222 65
-254 87
-254 81
-294 67
-294 31
-290 11
-286 3
-310 27
-286 19
-258 7
-234 3
-226 11
-242 17
-222 35
-238 39
-254 51
-254 39
-242 43
-286 45
-206 55
-210 65
-218 53
-222 45
-234 59
-290 77
-282 91
-302 89
-274 77
-274 63
-290 101
-254 95
-266 81
-210 59
-186 39
-210 59
-214 37
-238 51
-270 75
-298 109
-302 103
-262 113
-278 133
-242 117
-262 135
-322 115
-330 137
-310 133
-326 143
-350 175
-334 169
-362 171
-306 163
-318 159
-338 159
-294 145
-274 133
-278 133
-254 125
-290 145
-290 141
-298 129
-314 135
-262 127
-278 135
-266 133
-290 147
-302 153
-330 179
-374 195
-374 195
-390 205
-374 191
-362 189
-362 195
-378 201
-358 183
-334 185
-330 173
-358 177
-350 173
-374 197
-334 189
-330 189
-378 205
-334 191
-370 203
-382 203
-362 195
-382 199
-366 197
-354 197
-390 209
-386 205
-370 197
-354 189
-382 205
-394 211
-338 189
-318 169
-358 183
-318 163
-290 155
-274 163
-314 179
-362 193
-354 193
-310 181
-330 187
-326 179
-370 189
-314 179
-306 171
-318 163
-270 145
-278 159
-286 147
-274 143
-302 159
-310 171
-298 169
-314 171
-318 169
-330 171
-318 165
-322 173
-330 175
-386 203
-410 215
-378 203
-378 203
-354 195
-366 197
-366 197
-318 179
-338 183
-358 183
-362 193
-350 187
-394 209
-366 195
-346 193
-322 177
-310 173
-334 189
-342 187
-342 181
-326 181
-322 181
-314 181
-358 197
-298 161
-290 153
-290 153
-302 167
-346 185
-334 179
-314 173
-318 175
-322 169
-346 171
-310 169
-366 189
-386 193
-370 191
-350 179
-342 179
-334 179
-346 187
-326 179
-346 185
-254 157
-254 147
-298 167
-282 163
-290 167
-302 165
-346 179
-310 167
-302 165
-326 163
-310 163
-326 169
-302 155
-298 131
-270 131
-274 125
-294 133
-278 115
-326 141
-306 127
-318 147
-306 159
-330 153
-290 155
-298 155
-274 157
-314 163
-266 157
-290 171
-326 169
-326 173
-338 171
-338 171
-358 187
-342 173
-302 173
-298 159
-282 159
-370 193
-346 191
-342 189
-314 171
-306 157
-254 147
-322 181
-346 177
-374 193
-362 187
-350 189
-374 201
-386 205
-402 211
-370 199
-366 197
-346 193
-314 183
-362 193
-322 181
-342 189
-326 183
-346 193
-350 193
-346 187
-370 201
-406 211
-374 205
-370 205
-338 181
-338 187
-366 197
-350 187
-390 209
-378 203
-350 185
-358 189
-378 203
-362 201
-386 209
-370 201
-374 203
-410 213
-402 213
-378 203
-362 201
-354 193
-314 181
-326 179
-342 183
-366 195
-342 193
-334 185
-338 183
-342 195
-326 185
-290 171
-318 179
-338 189
-314 171
-330 183
-314 167
-286 151
-302 161
-302 157
-302 145
-326 141
-282 139
-282 121
-282 127
-298 139
-310 151
-342 167
-326 151
-342 173
-274 133
-286 159
-298 161
-278 147
-310 153
-286 157
-318 161
-314 159
-330 155
-370 187
-366 195
-398 203
-370 199
-374 201
-330 183
-330 173
-310 171
-374 197
-354 181
-358 197
-358 191
-330 173
-290 159
-302 175
-346 191
-346 193
-314 183
-350 185
-370 191
-318 159
-318 163
-354 163
-338 169
-346 177
-310 165
-334 185
-350 189
-362 197
-358 191
-370 195
-318 177
-298 171
-242 145
-250 139
-250 129
-254 135
-270 161
-286 157
-294 161
-306 161
-338 185
-306 173
-286 151
-334 185
-326 181
-330 183
-330 185
-330 169
-334 179
-342 179
-298 163
-306 159
-270 151
-310 175
-322 177
-338 165
-354 171
-294 149
-242 125
-254 129
-262 131
-270 143
-270 145
-310 155
-294 149
-322 157
-306 155
-298 143
-302 163
-294 155
-274 137
-278 127
-290 129
-258 127
-282 125
-282 149
-302 137
-266 119
-298 113
-298 127
-318 157
-350 173
-338 181
-350 195
-362 197
-342 185
-362 189
-338 175
-310 165
-314 153
-314 159
-298 161
-298 167
-290 153
-306 151
-310 155
-294 153
-274 159
-258 153
-294 159
-270 135
-262 101
-278 85
-234 69
-278 89
-230 97
-198 75
-218 95
-222 95
-230 63
-270 59
-254 49
-270 29
-218 5
-194 5
-274 7
-282 35
-294 31
-278 21
-282 25
-274 25
-254 43
-278 33
-278 43
-230 35
-210 9
-230 5
-238 17
-278 15
-258 9
-234 23
-230 19
-278 15
-258 1
-286 9
-270 25
-282 21
-286 13
-298 5
-278 17
-274 13
-246 1
-246 7
-250 13
-266 17
-270 21
-250 11
-262 29
-234 27
-222 7
-250 9
-278 15
-302 5
-290 11
-274 11
-258 9
-294 19
-282 17
-290 13
-274 21
-254 19
-262 27
-250 11
-250 3
-274 3
-262 25
-262 31
-274 39
-274 43
-286 25
-290 3
-290 3
-298 5
-290 23
-286 19
-258 45
-270 39
-266 29
-274 13
-246 15
-242 41
-262 61
-254 77
-250 47
-230 31
-254 43
-266 45
-250 51
-234 45
-250 51
-258 81
-274 67
-278 71
-278 89
-262 85
-254 103
-246 81
-230 77
-214 41
-258 61
-238 77
-246 79
-258 103
-274 117
-290 145
-262 149
-278 151
-298 147
-302 133
-298 123
-294 127
-310 125
-326 145
-322 133
-322 129
-330 135
-334 153
-326 155
-302 157
-318 159
-294 137
-294 143
-298 147
-294 143
-262 111
-262 65
-254 89
-238 81
-218 69
-246 71
-246 79
-250 75
-246 55
-226 43
-230 37
-218 37
-202 29
-198 33
-206 1
-222 7
-254 3
-246 19
-210 9
-214 11
-250 19
-238 1
-254 7
-214 7
-214 1
-230 25
-246 29
-234 23
-250 21
-214 37
-246 25
-222 9
-218 1
-194 9
-186 3
-222 7
-230 11
-210 1
-202 7
-238 19
-238 35
-226 29
-242 61
-242 81
