-48 28
-312 12
-396 10
-412 18
-456 28
-464 46
-484 48
-488 64
-516 62
-552 64
-544 46
-516 58
-532 70
-568 50
-544 60
-544 76
-512 50
-556 86
-596 82
-572 84
-540 74
-532 96
-552 66
-572 76
-584 76
-560 110
-560 108
-596 130
-580 120
-568 158
-620 140
-612 144
-588 150
-600 154
-628 132
-592 130
-608 148
-604 100
-596 128
-644 140
-592 154
-592 160
-564 180
-612 208
-624 206
-628 180
-600 178
-592 192
-556 186
-564 186
-576 216
-588 222
-580 220
-520 222
-580 238
-608 232
-588 234
-588 256
-588 260
-556 244
-588 260
-576 262
-644 284
-648 302
-640 308
-672 316
-664 320
-692 336
-664 336
-700 362
-684 348
-724 366
-720 360
-708 362
-704 364
-664 356
-652 356
-664 356
-668 346
-692 360
-724 378
-708 374
-716 378
-704 374
-688 366
-676 364
-696 370
-744 384
-752 386
-748 384
-728 376
-760 382
-764 390
-716 378
-756 386
-732 380
-692 360
-676 348
-652 352
-628 338
-656 350
-704 370
-712 376
-736 382
-704 374
-728 380
-728 380
-708 368
-720 376
-708 372
-752 386
-720 378
-712 368
-732 372
-732 380
-728 378
-760 388
-756 388
-716 376
-680 362
-700 370
-708 376
-692 366
-724 380
-744 386
-756 388
-728 380
-704 368
-692 370
-716 376
-748 386
-728 382
-724 380
-724 380
-704 370
-664 356
-684 358
-668 354
-720 374
-700 360
-692 360
-696 362
-712 370
-668 358
-696 368
-668 356
-692 360
-700 354
-724 364
-720 374
-728 376
-708 374
-732 380
-684 366
-704 370
-720 376
-736 380
-724 378
-740 382
-724 378
-760 388
-712 372
-704 370
-696 362
-696 362
-696 364
-692 360
-648 350
-656 350
-684 360
-688 362
-700 358
-660 338
-688 350
-696 358
-680 356
-684 358
-684 366
-716 376
-672 362
-664 358
-696 366
-700 370
-712 370
-692 356
-632 340
-648 342
-652 352
-664 350
-668 352
-636 340
-652 354
-684 366
-696 372
-716 374
-712 374
-720 376
-752 388
-724 378
-720 380
-764 390
-756 388
-752 388
-756 388
-776 394
-768 392
-732 380
-756 388
-756 386
-696 364
-688 360
-680 352
-700 370
-716 374
-736 382
-748 386
-736 374
-752 384
-720 368
-708 368
-676 348
-656 342
-644 336
-668 348
-680 352
-724 366
-720 376
-720 380
-700 366
-660 356
-696 368
-684 366
-708 376
-656 356
-692 362
-672 360
-688 362
-680 364
-692 366
-712 370
-704 370
-712 370
-704 372
-708 372
-680 364
-712 374
-728 380
-756 388
-760 388
-752 388
-732 382
-752 382
-716 372
-736 382
-712 374
-712 372
-696 370
-684 364
-696 370
-688 368
-704 370
-676 354
-720 372
-728 378
-748 386
-752 388
-768 390
-744 384
-752 386
-768 390
-752 388
-716 376
-736 382
-688 358
-680 362
-704 360
-692 358
-708 356
-692 360
-672 356
-716 374
-744 384
-672 362
-704 368
-668 360
-628 336
-592 324
-576 318
-612 342
-644 348
-668 352
-652 352
-676 360
-708 368
-676 358
-584 324
-648 346
-680 358
-712 372
-688 368
-712 376
-752 386
-768 392
-744 384
-708 370
-744 384
-716 376
-712 376
-720 378
-736 382
-700 370
-700 370
