14 11
-290 161
-258 141
-310 155
-334 173
-294 153
-282 169
-286 161
-282 163
-282 157
-290 171
-310 175
-322 185
-290 167
-306 167
-270 145
-270 139
-270 143
-274 137
-274 129
-270 133
-290 153
-270 149
-302 159
-290 159
-314 167
-362 191
-398 203
-398 199
-370 201
-366 191
-342 189
-330 181
-362 197
-370 195
-338 181
-266 153
-298 157
-246 131
-254 117
-254 123
-210 71
-226 75
-214 59
-218 55
-230 51
-234 69
-270 77
-258 85
-274 99
-282 127
-290 119
-254 105
-266 101
-266 99
-234 85
-230 69
-206 93
-234 97
-262 101
-242 81
-262 97
-266 85
-242 77
-238 63
-246 111
-258 89
-274 83
-238 99
-254 115
-298 141
-274 153
-270 135
-290 161
-326 187
-302 179
-330 191
-362 195
-342 189
-338 191
-338 193
-362 199
-362 199
-378 201
-402 211
-338 187
-326 175
-322 181
-326 171
-326 187
-290 159
-310 167
-242 101
-286 127
-274 119
-290 109
-298 135
-314 155
-334 167
-342 183
-350 183
-298 177
-266 159
-322 185
-274 137
-258 149
-306 157
-322 163
-306 169
-326 179
-290 161
-290 171
-326 169
-322 173
-278 161
-294 171
-294 165
-326 171
-310 161
-330 179
-334 183
-330 185
-306 171
-318 177
-294 175
-310 173
-322 175
-326 179
-322 173
-310 163
-330 179
-318 171
-286 161
-278 161
-282 153
-262 151
-290 153
-326 169
-354 169
-302 147
-282 111
-238 103
-250 79
-242 95
-258 93
-262 107
-270 137
-262 133
-290 129
-266 141
-258 119
-230 77
-206 85
-182 53
-238 67
-266 79
-258 81
-266 71
-242 69
-286 79
-278 65
-274 35
-246 25
-254 23
-206 9
-234 13
-262 15
-278 37
-230 19
-274 11
-282 9
-250 17
-234 37
-222 55
-202 47
-218 77
-262 99
-258 73
-226 79
-266 109
-270 113
-270 129
-266 147
-246 139
-286 155
-322 167
-282 159
-282 143
-306 157
-254 137
-274 141
-310 165
-318 157
-278 155
-234 125
-314 159
-374 199
-370 195
-370 191
-330 189
-366 199
-350 191
-322 179
-334 195
-342 189
-382 203
-390 207
-330 187
-338 185
-358 187
-326 165
-314 151
-302 159
-330 181
-334 185
-334 183
-294 167
-298 167
-246 131
-230 121
-246 131
-274 147
-282 137
-302 155
-326 159
-314 161
-302 151
-318 157
-334 157
-330 157
-306 161
-342 187
-354 191
-370 193
-350 167
-326 171
-342 177
-350 171
-362 193
-370 199
-374 201
-378 205
-366 203
-370 197
-338 187
-358 189
-330 185
-354 191
-326 185
-334 185
-326 183
-322 175
-330 173
-354 179
-342 159
-310 163
-326 177
-334 179
-322 177
-302 155
-306 159
-318 175
-366 195
-330 179
-346 187
-322 181
-262 135
-274 133
-270 139
-310 163
-322 153
-278 143
-270 133
-306 143
-314 153
-282 149
-278 145
-290 147
-262 145
-310 161
-234 137
-226 115
-210 109
-246 115
-274 141
-262 131
-262 127
-242 113
-262 129
-278 137
-266 157
-266 153
-294 159
-298 173
-298 175
-302 153
-270 151
-266 153
-238 131
-282 157
-314 165
-354 183
-314 173
-314 175
-294 171
-270 159
-278 151
-282 175
-246 143
-294 165
-258 147
-354 193
-338 187
-374 201
-370 199
-398 209
-354 193
-378 203
-366 199
-358 193
-382 195
-350 183
-370 193
-310 181
-334 181
-322 171
-342 175
-358 185
-318 165
-326 173
-322 183
-382 201
-354 187
-374 199
-366 195
-366 201
-350 189
-326 185
-362 191
-358 189
-326 179
-314 175
-322 179
-318 171
-326 171
-326 179
-294 169
-262 159
-278 139
-274 143
-306 155
-270 147
-250 133
-266 139
-266 151
-270 157
-262 127
-262 141
-270 117
-290 117
-266 105
-258 111
-286 145
-330 163
-266 155
-254 141
-274 137
-262 141
-230 103
-246 113
-214 109
-230 97
-262 115
-282 99
-270 91
-254 115
-266 119
-270 137
-258 103
-282 101
-294 115
-310 127
-322 153
-334 169
-338 155
-322 167
-294 155
-298 169
-310 157
-262 151
-274 115
-282 125
-270 109
-290 123
-282 123
-270 115
-290 109
-270 85
-274 61
-238 23
-250 27
-214 21
-246 69
-262 113
-294 119
-234 87
-246 63
-222 73
-246 67
-242 61
-238 55
-254 45
-198 45
-210 53
-234 49
-234 71
-250 81
-270 73
-294 91
-274 103
-222 101
-210 67
-238 83
-214 73
-198 63
-194 65
-198 55
-214 27
-206 17
-218 9
-190 27
-182 11
-202 33
-250 49
-258 69
-262 59
-210 35
-222 9
-222 3
-218 9
-254 7
-246 1
-222 3
-194 1
-222 17
-186 11
-186 19
-230 7
-258 23
-270 37
-238 35
-242 25
-238 31
-214 19
-210 3
-206 7
-210 9
-210 17
-242 25
-278 29
-266 49
-286 51
-250 81
-266 71
-318 105
-294 109
-258 93
-254 105
-226 107
-222 75
-246 65
-238 45
-218 33
-238 41
-230 65
-238 53
-274 69
-262 73
-250 97
-258 101
-274 105
-266 111
-266 89
-286 101
-310 127
-314 121
-274 77
-278 107
-210 101
-234 107
-242 97
-274 123
-302 135
-230 135
-310 163
-262 129
-250 131
-306 159
-286 163
-278 151
-282 133
-282 119
-206 97
-210 97
-218 65
-194 93
-218 99
-266 109
-234 85
-258 117
-214 89
-206 73
-190 59
-230 65
-234 87
-202 93
-246 99
-226 91
-290 105
-306 103
-282 91
-278 91
-262 117
-258 93
-282 89
-250 59
-218 55
-254 57
-254 57
-254 57
-246 55
-246 23
-270 11
-262 9
-278 35
-278 45
-266 67
-218 47
-242 87
-274 107
-278 145
-266 149
-286 153
-334 173
-346 167
-322 173
-342 169
-310 167
-282 169
-270 153
-310 167
-310 167
-330 167
-282 165
-314 163
-306 159
-306 161
-314 175
-338 187
-326 169
-334 169
-290 159
-302 169
-270 155
-282 167
-294 175
-290 171
-318 177
-302 173
-302 171
-314 171
-318 183
-346 191
-374 191
-334 189
-350 181
-338 175
-350 181
-338 167
-342 173
-386 193
-350 189
-406 209
-374 203
-362 197
-366 199
-322 173
-306 167
-286 163
-310 177
-302 167
-314 173
-302 161
-326 181
-318 171
-354 193
-338 191
-326 183
-350 197
-378 203
-406 213
-406 213
-386 205
-342 189
-346 187
-334 189
-322 177
-322 183
-322 177
-342 193
-378 199
-378 201
-370 199
-370 199
-350 195
-318 187
-354 197
-338 185
-350 189
-350 185
-310 171
-310 163
-326 179
-314 173
-322 175
-298 167
-350 191
-386 201
-358 193
-326 179
-334 167
-310 155
-302 155
-310 153
-330 185
-338 189
-354 195
-354 195
-286 177
-338 189
-330 187
-330 183
-346 191
-302 171
-318 173
-302 171
-302 165
-274 149
-274 151
-274 145
-266 131
-266 123
-230 95
-258 87
-270 69
-246 59
-258 51
-274 53
-282 53
-258 57
-262 55
-278 45
-246 41
-262 41
-258 35
-218 9
-222 25
-230 27
-230 13
-250 17
-222 37
-246 37
-278 27
-302 65
-286 59
-270 65
-242 51
-238 65
-206 33
-226 41
-238 69
-246 67
-214 29
-226 49
-258 47
-258 29
-246 17
-226 15
-250 15
-202 19
-190 1
-206 7
-234 5
-214 43
-234 45
-290 73
-294 33
-278 15
-294 17
-266 3
-238 17
-258 27
-262 21
-254 19
-262 17
-246 7
-246 11
-246 21
-226 1
-266 3
-238 3
-258 11
-198 3
-234 15
-198 13
-238 3
-226 17
-246 13
-242 1
-230 1
-242 13
-186 23
-178 21
-198 37
-190 43
-230 45
-274 69
-258 73
-226 63
-238 67
-254 57
-286 67
-310 77
-242 49
-246 57
-258 61
-278 43
-270 75
-274 103
-286 105
-302 127
-318 125
-298 111
-266 99
-266 123
-246 125
-254 129
-254 131
-338 159
-350 161
-342 159
-282 137
-278 145
-294 141
-302 141
-302 131
-286 127
-262 129
-242 129
-274 135
-262 139
-254 125
-290 157
-246 133
-230 129
-258 125
-278 149
-302 163
-310 165
-270 157
-298 169
-274 159
-322 171
-318 183
-350 189
-346 185
-338 175
-362 191
-362 191
-330 183
-358 197
-366 201
-406 211
-386 207
-398 211
-406 211
-410 209
-378 199
-342 183
-338 175
-338 177
-314 167
-314 161
-322 169
-326 185
-350 187
-350 183
-362 197
-362 195
-314 169
-302 157
-286 161
-322 169
-306 165
-270 155
-302 169
-290 151
-302 151
-318 153
-314 155
-302 139
-302 135
-318 157
-322 165
-330 157
-322 159
-326 163
-306 159
-306 163
-322 163
-346 183
-358 193
-362 193
-382 205
-366 195
-374 199
-310 179
-306 179
-322 179
-318 183
-330 171
-334 169
-342 185
-318 177
-298 169
-262 161
-298 163
-322 157
-314 157
-290 151
-310 155
-334 167
-306 141
-298 131
-266 103
-250 101
-222 93
-222 93
-242 129
-274 143
-294 157
-290 169
-282 155
-302 155
-302 159
-322 167
-306 149
-306 147
-302 151
-310 177
-314 167
-338 181
-318 177
-362 193
-302 169
-354 189
-338 179
-310 171
-346 175
-334 157
-346 151
-346 153
-318 163
-362 183
-362 187
-354 181
-350 189
-354 199
-334 187
-314 173
-306 155
-310 177
-306 167
-310 163
-310 171
-354 187
-326 171
-278 153
-274 151
-318 169
-306 157
-302 151
-310 151
-286 127
-322 147
-266 143
-306 139
-298 153
-294 161
-266 139
-238 127
-222 115
-282 121
-262 101
-234 73
-278 105
-230 83
-178 61
-226 59
-210 51
-230 47
-230 47
-182 17
-210 11
-206 7
-246 17
-242 43
-266 59
-266 67
-234 77
-226 61
-258 69
-270 47
-246 65
-234 69
-234 87
-186 53
-230 67
-230 61
-266 63
-250 53
-246 63
-254 57
-274 71
-242 63
-198 49
-226 67
-270 81
-218 93
-230 91
-202 57
-222 63
-250 45
-262 49
-258 49
-270 81
-290 107
-270 113
-246 107
-258 135
-282 155
-274 141
-270 137
-266 133
-326 153
-298 155
-310 161
-330 167
-310 167
-310 177
-246 143
-302 159
-294 165
-314 175
-338 179
-326 173
-298 153
-314 169
-322 179
-318 165
-342 161
-338 125
-306 113
-254 99
-250 105
-278 115
-274 87
-278 91
-282 79
-262 83
-270 69
-286 53
-286 51
-234 31
-230 11
-242 5
-194 7
-218 3
-250 23
-218 11
-270 19
-246 3
-230 25
-182 31
-202 49
-214 1
-234 15
-222 7
-226 25
-222 35
-250 75
-258 89
-242 97
-282 123
-282 109
-274 93
-302 107
-330 131
-302 143
-282 123
-286 119
-306 127
-314 139
-310 135
-278 127
-238 101
-282 119
-310 137
-294 151
-250 135
-294 159
-278 155
-286 155
-330 169
-322 169
-322 161
-338 159
-318 145
-322 157
-322 161
-310 145
-298 151
-302 121
-258 115
-266 141
-266 125
-282 153
-310 153
-306 163
-286 145
-222 129
-258 139
-254 111
-266 137
-318 163
-326 173
-338 181
-338 179
-314 179
-350 185
-350 187
-334 175
-326 183
-330 189
-362 195
-362 195
-330 189
-374 203
-418 217
-382 205
-362 201
-342 185
-362 189
-342 189
-298 169
-330 171
-310 159
-310 159
-306 151
-298 147
-318 159
-354 185
-322 175
-318 171
-322 173
-346 181
-314 171
-294 151
-266 137
-250 123
-302 163
-278 155
-298 149
-330 145
-318 133
-318 131
-310 149
-306 161
-366 197
-410 207
-398 205
-366 195
-302 175
-262 141
-294 155
-294 159
-274 147
-250 127
-246 131
-246 121
-270 137
-254 141
-326 183
-330 173
-330 177
-302 173
-322 169
-318 139
-322 163
-258 141
-250 145
-250 131
-258 131
-262 127
-206 113
-214 111
-286 141
-278 143
-298 163
-302 169
-298 177
-294 179
-306 173
-294 159
-258 143
-290 153
-286 145
-286 143
-310 163
-302 165
-330 181
-322 181
-358 189
-358 175
-342 183
-310 179
-350 195
-310 169
-358 193
-334 187
-286 149
-294 139
-242 117
-294 147
-274 147
-290 163
-306 153
-286 155
-326 179
-342 183
-342 183
-322 177
-290 167
-306 159
-298 145
-294 161
-294 149
-278 131
-298 135
-262 117
-270 105
-266 119
-254 113
-282 123
-310 145
-326 161
-346 177
-310 163
-274 137
-314 155
-318 171
-266 151
-302 165
-330 177
-382 197
-378 203
-374 203
-410 215
-334 185
-314 177
-326 163
-330 173
-318 163
-318 177
-310 171
-314 167
-310 155
-358 177
-358 185
-358 193
-330 185
-350 189
-374 205
-386 207
-326 185
-262 155
-258 137
-274 149
-290 149
-322 163
-282 147
-290 153
-298 159
-322 165
-310 159
-326 155
-334 165
-346 169
-318 175
-334 187
-298 165
-274 151
-258 139
-254 109
-250 103
-222 89
-254 85
-270 61
-262 79
-278 93
-254 97
-278 93
-270 91
-286 85
-286 99
-282 121
-306 125
-294 117
-266 95
-266 97
-238 79
-270 97
-218 71
-274 87
-250 67
-254 91
-258 105
-270 107
-270 93
-294 119
-250 125
-286 139
-302 151
-346 173
-342 177
-298 167
-274 151
-298 153
-290 149
-338 173
-334 181
-350 185
-334 189
-322 185
-334 193
-374 201
-350 187
-326 177
-378 203
-346 193
-342 181
-342 191
-290 175
-290 169
-302 163
-290 161
-322 179
-366 197
-386 207
-370 197
-354 195
-346 189
-314 177
-286 147
-298 141
-298 145
-310 143
-294 129
-310 159
-294 157
-294 177
-342 191
-330 187
-354 193
-394 209
-346 199
-346 197
-362 195
-398 209
-358 195
-370 203
-346 187
-346 193
-346 191
-354 197
-370 199
-358 193
-338 187
-334 189
-382 205
-346 193
-350 189
-306 175
-334 189
-338 183
-362 195
-362 191
-326 181
-306 173
-282 161
-282 155
-282 153
-298 177
-302 157
-302 145
-306 171
-366 195
-330 179
-314 177
-342 191
-366 199
-346 187
-346 189
-294 169
-218 141
-262 139
-258 125
-298 171
-294 153
-306 163
-318 175
-282 151
-306 167
-322 179
-326 177
-366 187
-342 169
-306 157
-266 147
-314 171
-314 167
-306 163
-310 163
-286 147
-298 165
-278 153
-306 153
-290 149
-326 163
-350 187
-330 183
-370 189
-362 199
-326 189
-338 193
-346 193
-394 209
-362 201
-390 207
-394 207
-330 185
-338 189
-314 179
-322 171
-334 177
-342 187
-330 171
-330 181
-322 175
-314 179
-286 163
-322 179
-314 177
-322 179
-362 199
-322 177
-346 183
-338 177
-322 179
-298 175
-330 183
-326 167
-310 151
-306 149
-314 147
-322 149
-274 135
-242 133
-294 141
-290 145
-290 143
-282 145
-298 165
-286 153
-306 169
-302 163
-322 177
-326 175
-294 161
-286 153
-278 153
-238 129
-266 151
-310 161
-314 171
-330 169
-326 171
-354 185
-310 171
-318 153
-298 151
-274 121
-294 135
-302 141
-294 147
-342 159
-330 129
-326 139
-302 127
-282 119
-258 103
-246 95
-310 103
-306 113
-298 97
-286 119
-326 159
-338 161
-326 167
-322 161
-322 171
-290 157
-298 145
-290 163
-306 161
-342 183
-370 197
-366 197
-338 189
-366 191
-350 191
-302 167
-322 167
-334 173
-266 149
-274 153
-250 139
-278 145
-282 157
-342 179
-282 157
-270 139
-274 149
-262 141
-306 159
-310 155
-286 149
-254 145
-286 161
-262 153
-278 149
-250 145
-258 149
-294 157
-310 159
-314 147
-250 125
-314 157
-326 161
-326 161
-330 143
-290 139
-290 161
-306 157
-290 153
-334 177
-318 167
-354 185
-346 165
-294 159
-334 175
-370 195
-354 193
-330 189
-322 181
-298 167
-290 157
-258 135
-266 155
-286 141
-262 127
-282 153
-290 159
-322 167
-298 151
-290 145
-278 145
-310 157
-318 151
-294 123
-306 143
-346 153
-330 145
-326 141
-338 151
-350 161
-310 133
-298 129
-270 127
-258 103
-274 111
-290 125
-290 125
-282 127
-234 109
-274 129
-246 117
-262 97
-266 103
-286 119
-310 135
-314 143
-282 143
-274 133
-262 125
-290 145
-298 143
-274 133
-290 147
-266 135
-350 163
-334 161
-314 153
-318 163
-346 173
-350 179
-326 171
-302 165
-334 173
-362 187
-330 185
-322 181
-330 187
-346 191
-318 175
-266 149
-306 151
-318 153
-274 159
-314 169
-322 169
-286 159
-282 151
-270 141
-258 133
-258 145
-250 123
-274 127
-278 97
-230 89
-218 79
-226 75
-262 81
-222 71
-250 73
-270 79
-222 83
-174 71
-238 103
-234 105
-266 107
-242 103
-254 107
-246 87
-222 115
-230 107
-254 99
-218 125
-278 125
-278 105
-266 103
-290 111
-298 131
-302 141
-338 151
-302 165
-294 171
-326 187
-306 167
-302 161
-322 175
-306 177
-318 171
-310 153
-318 155
-330 161
-294 161
-302 169
-318 173
-362 191
-342 191
-362 195
-378 197
-346 189
-310 183
-322 173
-314 179
-286 163
-306 167
-310 173
-302 171
-346 193
-314 181
-318 183
-322 183
-310 173
-306 155
-294 123
-306 129
-330 109
-298 111
-294 113
-274 97
-242 103
-254 93
-270 87
-270 93
-266 89
-278 91
-254 81
-234 63
-218 71
-234 105
-274 117
-254 105
-286 111
-278 99
-262 77
-270 101
-278 105
-294 117
-270 111
-230 121
-274 153
-322 185
-298 171
-298 153
-306 161
-330 183
-306 175
-314 179
-314 175
-302 165
-278 143
-274 135
-294 139
-294 145
-278 135
-270 135
-258 131
-266 137
-258 135
-330 159
-330 147
-334 133
-334 141
-298 127
-298 159
-330 169
-350 175
-338 151
-298 141
-306 149
-326 135
-318 135
-294 127
-290 141
-290 153
-310 153
-322 151
-302 167
-266 155
-282 151
-294 159
-274 141
-282 155
-246 141
-214 127
-262 149
-302 169
-314 161
-266 153
-266 135
-310 153
-278 133
-254 119
-270 125
-254 135
-282 143
-262 141
-254 141
-262 141
-290 155
-294 159
-294 153
-322 159
-342 181
-362 189
-318 173
-314 179
-334 183
-342 175
-366 193
-318 181
-310 173
-318 177
-362 197
-342 193
-330 177
-286 155
-278 157
-330 185
-314 175
-334 181
-334 185
-326 183
-282 159
-318 171
-290 159
-310 181
-330 183
-306 183
-318 171
-310 161
-306 159
-274 131
-290 141
-238 99
-206 95
-214 83
-246 125
-258 135
-222 123
-274 119
-286 113
-290 129
-234 111
-230 95
-246 103
-266 109
-278 123
-310 133
-322 149
-334 135
-326 149
-326 147
-330 155
-342 157
-282 139
-322 151
-330 159
-278 163
-310 157
-266 141
-270 149
-270 147
-306 155
-322 179
-334 179
-346 183
-330 179
-350 189
-346 195
-378 201
-310 175
-310 179
-298 173
-278 155
-262 131
-274 149
-286 149
-270 139
-278 143
-246 129
-254 143
-258 117
-270 115
-274 133
-270 111
-282 109
-318 99
-306 79
-290 85
-306 63
-302 79
-322 69
-306 81
-318 75
-266 61
-290 59
-270 55
-266 91
-278 91
-250 81
-246 101
-266 99
-262 85
-298 75
-294 75
-274 71
-266 67
-262 55
-242 73
-254 65
-238 41
-218 19
-230 19
-246 35
-262 11
-266 7
-266 5
-278 11
-278 3
-286 1
-242 7
-246 9
-234 15
-222 3
-278 17
-258 23
-246 25
-222 5
-246 11
-270 21
-258 9
-262 17
-234 13
-234 7
-230 9
-234 5
-250 9
-250 25
-270 45
-246 41
-230 1
-226 7
-242 13
-262 21
-222 15
-250 35
-242 47
-250 43
-234 37
-230 39
-246 15
-230 3
-210 7
-198 5
-214 21
-262 13
-274 15
-262 1
-254 31
-246 9
-234 9
-254 3
-278 9
-254 3
-274 13
-270 45
-278 31
-250 21
-226 7
-230 7
-210 47
-202 41
-214 37
-238 29
-226 45
-234 55
-238 71
-242 49
-266 71
-262 41
-238 61
-222 41
-246 79
-242 73
-234 75
-234 89
-218 85
-222 101
-290 123
-290 141
-314 169
-354 189
-318 173
-330 175
-294 165
-262 153
-294 179
-290 165
-342 179
-330 181
-354 189
-354 181
-370 187
-362 177
-318 167
-346 179
-298 171
-302 165
-298 161
-314 181
-310 179
-310 175
-302 171
-314 179
-386 203
-374 205
-362 195
-398 209
-370 199
-342 191
-362 191
-326 185
-318 171
-326 155
-310 155
-310 167
-334 175
-326 177
-314 167
-302 155
-290 163
-306 161
-258 133
-298 163
-286 161
-322 169
-322 169
-310 167
-338 187
-354 189
-342 173
-322 171
-326 179
-346 183
-362 189
-302 159
-314 175
-294 165
-298 171
-294 167
-330 177
-322 177
-322 145
-310 143
-302 131
-306 111
-294 127
-278 115
-278 107
-258 99
-254 89
-254 85
-246 83
-222 89
-238 77
-274 91
-238 113
-266 99
-230 103
-262 123
-290 123
-278 119
-290 119
-258 85
-246 75
-242 97
-274 107
-262 113
-266 69
-282 79
-270 75
-234 89
-218 69
-210 69
-186 77
-194 63
-230 59
-222 71
-250 77
-250 69
-246 47
-234 19
-226 11
-182 33
-190 39
-190 47
-234 75
-274 79
-274 97
-242 95
-246 47
-258 37
-202 43
-214 35
-250 25
-242 11
-210 11
-218 13
-230 19
-218 37
-230 37
-218 51
-234 53
-266 49
-254 73
-250 69
-210 59
-226 63
-210 63
-230 103
-226 67
-214 57
-250 55
-254 81
-274 63
-254 65
-222 53
-274 85
-242 63
-234 59
-238 47
-230 65
-286 71
-294 65
-290 75
-302 79
-258 85
-242 93
-238 95
-222 71
-230 77
-262 87
-226 91
-218 87
-250 77
-250 89
-258 99
-226 101
-238 113
-242 99
-258 93
-286 119
-286 121
-294 119
-286 127
-278 115
-278 115
-254 149
-290 139
-266 131
-274 125
-286 131
-254 111
-278 101
-262 85
-274 83
-230 61
-278 67
-242 79
-238 83
-250 75
-246 81
-258 77
-226 83
-234 95
-266 77
-234 99
-230 69
-222 59
-254 85
-282 87
-294 85
-274 97
-266 91
-254 101
-274 127
-266 125
-298 153
-266 137
-286 143
-302 159
-290 161
-294 155
-290 153
-306 155
-358 187
-354 185
-318 175
-318 177
-278 165
-274 141
-314 157
-294 159
-274 155
-266 139
-262 123
-274 125
-282 107
-294 81
-278 67
-242 53
-250 29
-246 39
-226 17
-246 43
-258 53
-250 57
-254 89
-262 75
-274 85
-262 77
-274 67
-270 53
-270 47
-262 49
-262 47
-246 57
-222 41
-242 63
-226 103
-270 121
-274 123
-302 131
-254 101
-266 81
-250 61
-246 79
-262 69
-282 69
-254 67
-254 79
-254 73
-294 95
-278 77
-278 63
-266 47
-238 55
-246 63
-246 67
-238 53
-246 49
-230 57
-234 77
-234 67
-210 43
-214 33
-242 45
-274 71
-270 83
-226 93
-230 111
-242 105
-266 101
-274 121
-330 135
-290 95
-266 105
-302 139
-322 157
-306 117
-306 131
-314 113
-298 81
-294 113
-262 117
-282 119
-270 115
-258 123
-262 131
-262 147
-230 135
-290 143
-274 155
-270 143
-238 139
-234 125
-246 111
-226 117
-262 127
-282 145
-270 145
-258 119
-298 145
-306 155
-322 171
-358 177
-358 185
-290 161
-282 155
-278 149
-278 151
-318 151
-310 131
-302 115
-282 127
-274 115
-266 101
-258 103
-254 105
-270 109
-258 105
-230 79
-242 71
-258 95
-258 89
-262 109
-282 109
-282 87
-266 71
-214 73
-210 67
-226 85
-222 87
-254 101
-234 103
-234 87
-194 83
-186 81
-206 69
-238 81
-242 83
-262 63
-270 55
-258 53
-262 45
-266 49
-262 55
-254 61
-250 63
-234 55
-246 69
-234 59
-250 83
-270 103
-258 109
-318 135
-298 121
-286 133
-270 149
-290 153
-330 181
-330 179
-318 169
-314 165
-302 163
-286 163
-242 153
-278 159
-290 175
-290 157
-302 161
-306 153
-306 161
-274 139
-282 145
-306 159
-290 151
-250 139
-254 125
-262 139
-290 139
-290 123
-270 107
-250 99
-270 95
-318 125
-234 103
-250 73
-274 59
-270 59
-290 73
-262 79
-266 39
-286 21
-266 27
-282 13
-254 23
-258 17
-246 3
-226 7
-294 1
-306 9
-282 11
-234 11
-198 15
-234 5
-286 13
-270 13
-298 7
-250 13
-230 5
-222 11
-234 7
-246 29
-206 19
-186 63
-210 97
-230 117
-222 105
-246 119
-282 143
-314 149
-298 145
-270 139
-286 145
-306 167
-314 177
-306 177
-342 175
-314 165
-342 183
-326 165
-310 159
-270 147
-318 185
-310 169
-322 167
-342 171
-282 149
-326 163
-330 167
-334 173
-334 175
-278 151
-282 135
-282 145
-338 169
-302 163
-322 153
-302 167
-302 151
-278 155
-262 135
-246 131
-322 149
-306 135
-302 117
-246 99
-270 103
-298 85
-266 99
-270 97
-234 73
-278 91
-242 95
-278 129
-258 115
-286 125
-266 119
-266 99
-262 89
-242 77
-290 75
-274 69
-278 83
-258 91
-234 83
-214 81
-214 35
-218 61
-246 81
-266 89
-246 107
-218 93
-238 91
-222 87
-254 69
-262 79
-250 61
-290 61
-298 63
-274 57
-266 67
-250 51
-254 63
-278 85
-286 37
-246 39
-250 55
-226 99
-262 97
-254 111
-302 131
-270 141
-254 131
-238 127
-262 107
-238 101
-254 109
-262 133
-282 147
-226 129
-222 115
-238 109
-262 111
-290 119
-294 135
-266 113
-270 107
-270 103
-262 113
-254 139
-254 127
-338 171
-354 183
-378 197
-346 187
-330 189
-354 191
-350 179
-334 155
-322 165
-294 151
-318 149
-322 143
-302 147
-262 135
-242 129
-314 155
-322 143
-298 129
-278 135
-270 131
-278 143
-262 139
-282 137
-282 125
-286 129
-274 107
-282 103
-254 91
-254 109
-266 117
-254 111
-274 123
-290 139
-294 153
-318 165
-330 169
-286 145
-290 161
-322 177
-326 181
-314 177
-326 173
-310 171
-318 169
-262 143
-294 145
-262 145
-270 113
-238 79
-278 103
-278 107
-286 103
-278 121
-234 107
-234 133
-226 73
-230 67
-234 95
-230 75
-286 69
-274 53
-254 59
-270 55
-262 35
-262 71
-282 89
-278 83
-282 83
-278 59
-282 63
-262 51
-218 83
-262 109
-310 123
-322 143
-306 135
-278 131
-274 149
-294 153
-266 151
-294 147
-274 149
-278 141
