-12 6
-600 334
-608 332
-628 346
-672 354
-680 356
-640 352
-636 344
-604 342
-552 320
-576 318
-552 294
-480 250
-528 268
-568 276
-540 268
-504 244
-516 244
-464 230
-532 252
-504 238
-484 226
-476 236
-532 222
-516 232
-492 226
-472 234
-416 206
-468 236
-460 204
-448 166
-440 152
-412 162
-420 128
-404 140
-400 158
-496 182
-484 168
-508 160
-464 146
-492 174
-444 126
-432 104
-468 106
-432 84
-448 88
-452 80
-376 74
-332 72
-388 136
-420 176
-464 166
-460 140
-456 134
-428 126
-424 114
-436 102
-432 84
-420 114
-456 110
-440 124
-404 96
-452 108
-372 112
-492 114
-480 122
-488 148
-452 140
-492 168
-476 142
-504 178
-492 164
-524 172
-496 164
-476 180
-476 180
-532 228
-500 214
-516 230
-484 226
-496 186
-428 136
-468 162
-492 188
-500 218
-516 254
-556 258
-600 266
-604 262
-592 262
-536 246
-572 262
-568 226
-576 234
-568 238
-528 196
-536 220
-496 172
-504 162
-484 192
-500 212
-508 216
-476 186
-484 186
-556 220
-532 214
-512 208
-564 238
-572 234
-508 214
-524 222
-544 226
-524 210
-520 232
-460 208
-444 204
-444 252
-420 218
-492 242
-516 236
-512 220
-492 208
-504 222
-556 236
-552 244
-528 246
-528 224
-552 246
-548 286
-572 298
-612 322
-552 296
-520 278
-540 294
-572 310
-544 280
-560 282
-600 294
-568 270
-516 236
-604 282
-596 258
-624 290
-604 262
-592 270
-556 266
-552 254
-528 238
-520 240
-536 234
-500 232
-492 218
-524 236
-544 268
-556 268
-560 248
-500 220
-472 226
-524 222
-500 216
-492 234
-488 234
-500 256
-484 244
-508 246
-544 254
-560 276
-580 290
-576 260
-548 254
-568 262
-504 252
-588 256
-532 244
-548 262
-488 244
-516 240
-516 228
-504 216
-496 222
-504 212
-492 210
-512 206
-528 226
-508 226
-480 208
-460 216
-488 220
-500 212
-456 210
-500 214
-524 248
-516 260
-500 240
-544 270
-508 262
-488 270
-516 276
-520 278
-552 298
-608 320
-536 310
-508 274
-520 274
-512 268
-560 302
-556 306
-652 342
-664 358
-692 366
-704 372
-660 358
-684 358
-632 348
-684 366
-688 366
-704 374
-668 362
-604 336
-616 344
-632 340
-576 320
-596 322
-576 324
-596 326
-636 342
-600 330
-636 342
-688 360
-644 354
-648 352
-644 346
-632 346
-648 354
-644 350
-568 306
-604 328
-568 318
-608 318
-536 286
-568 296
-556 292
-496 258
-500 276
-500 250
-504 258
-588 280
-576 272
-576 260
-580 268
-528 238
-488 222
-540 254
-540 254
-548 270
-536 254
-512 222
-528 208
-524 206
-516 202
-496 184
-476 180
-492 212
-488 180
-508 206
-524 196
-488 196
-532 192
-528 228
-532 204
-528 166
-528 126
-536 132
-540 128
-492 136
-496 126
-500 124
-492 156
-568 188
-528 186
-488 148
-488 152
-448 128
-528 162
-544 184
-500 186
-496 204
-444 186
-488 208
-472 204
-508 234
-464 206
-460 220
-476 230
-472 268
-524 276
-552 292
-548 282
-520 248
-500 246
-488 220
-516 224
-504 234
-532 266
-544 254
-560 260
-524 274
-500 266
-460 262
-540 286
-544 288
-532 286
-540 272
-504 248
-508 224
-508 234
-532 222
-488 190
-484 194
-476 196
-456 198
-440 230
-440 208
-456 206
-444 192
-452 194
-432 162
-468 144
-448 144
-424 130
-468 134
-468 170
-444 190
-500 198
-400 188
-444 152
-436 150
-428 152
-400 182
-440 156
-396 156
-448 204
-492 202
-520 182
-444 162
-428 138
-460 152
-472 116
-476 134
-484 136
-488 144
-480 118
-488 104
-420 100
-416 58
-408 16
-468 24
-448 28
-440 8
-432 38
-460 74
-440 56
-408 36
-444 62
-432 72
-436 72
-384 48
-400 82
-408 102
-448 120
-436 96
-452 110
-424 70
-428 52
-472 32
-408 14
-396 0
-432 34
-384 28
-460 44
-472 30
-452 26
-416 22
-408 52
-436 64
-396 70
-428 48
-436 26
-428 30
-492 32
-412 18
-444 58
-416 58
-416 40
-448 52
-452 38
-424 40
-440 42
-448 62
-488 62
-504 74
-504 56
-460 56
-444 86
-464 62
-476 56
-476 60
-464 62
-492 110
-480 90
-488 102
-460 94
-468 96
-488 68
-480 22
-436 20
-456 0
-432 20
-396 2
-440 12
-432 28
-364 14
-384 16
-468 30
-476 8
-468 14
-516 20
-456 8
-500 20
-444 36
-460 6
-456 4
-524 80
-508 68
-508 44
-524 8
-524 6
-500 34
-508 64
-496 54
-504 38
-476 68
-476 76
-464 92
-484 82
-540 110
-520 86
-512 28
-488 56
-472 92
-532 116
-496 102
-472 124
-484 106
-488 58
-484 28
-484 4
-528 14
-520 24
-476 16
-480 8
-468 44
-452 34
-448 42
-424 16
-420 4
-484 2
-432 6
-436 0
-456 30
-472 2
-468 10
-484 32
-452 26
-480 8
-460 10
-488 24
-500 44
-556 60
-504 76
-476 86
-488 74
-472 84
-480 84
-472 122
-480 108
-484 76
-472 46
-476 58
-420 64
-428 106
-436 126
-448 138
-484 154
-460 136
-456 150
-440 170
-492 176
-488 184
-488 210
-484 184
-456 180
-412 180
-476 190
-468 160
-496 204
-484 194
-460 158
-460 142
-460 120
-420 116
-424 146
-456 164
-480 160
-456 134
-468 160
-492 160
-536 170
-528 188
-512 200
-512 240
-492 242
-456 226
-448 222
-484 226
-488 238
-516 224
-524 240
-544 236
-528 240
-520 252
-508 268
-504 248
-504 242
-504 230
-512 230
-548 236
-540 232
-540 252
-548 266
-556 266
-544 290
-572 290
-600 300
-584 318
-604 332
-576 322
-612 332
-632 320
-620 328
-568 320
-532 288
-556 294
-492 250
-456 238
-488 218
-508 216
-452 224
-524 258
-472 230
-468 208
-448 160
-460 160
-464 166
-472 188
-496 196
-504 202
-472 226
-496 208
-480 220
-492 220
-524 222
-572 252
-552 266
-584 270
-516 274
-520 264
-480 240
-512 250
-496 274
-480 234
-508 242
-552 242
-536 260
-568 278
-560 264
-508 256
-420 226
-492 250
-484 248
-420 212
-424 226
-516 274
-508 278
-548 314
-628 346
-664 360
-632 348
-588 326
-600 328
-588 306
-576 318
-560 310
-580 320
-580 322
-548 304
-592 326
-572 312
-608 300
-544 280
-504 268
-480 260
-456 222
-444 214
-444 200
-452 184
-444 156
-480 174
-516 186
-512 146
-540 144
-484 126
-476 96
-504 116
-424 100
-384 92
-420 20
-408 40
-396 32
-420 40
-388 64
-408 38
-404 26
-440 24
-424 30
-444 18
-424 46
-424 68
-452 48
-476 56
-516 44
-480 12
-488 6
-428 6
-444 4
-508 6
-456 12
-428 2
-424 8
-440 8
-440 10
-480 2
-440 22
-452 10
-468 28
-392 6
-444 12
-444 16
-392 54
-416 74
-428 82
-424 78
-460 68
-440 80
-484 116
-480 88
-464 56
-496 46
-484 36
-492 74
-468 70
-452 86
-440 88
-428 94
-464 102
-432 68
-440 62
-420 58
-424 78
-404 72
-416 104
-416 98
-444 86
-428 100
-488 106
-412 110
-444 128
-452 136
-484 156
-524 182
-528 172
-512 170
-464 124
-448 100
-476 108
-444 114
-452 116
-396 140
-472 186
-392 162
-400 168
-440 150
-500 166
-472 152
-476 160
-452 162
-440 144
-412 164
-416 204
-464 208
-512 260
-464 240
-476 240
-428 216
-436 216
-488 240
-476 274
-504 276
-516 254
-532 282
-588 294
-588 288
-612 304
-584 288
-564 270
-576 276
-588 292
-588 278
-576 272
-540 256
-504 220
-496 190
-552 222
-564 232
-536 230
-548 222
-504 216
-548 226
-528 214
-516 224
-584 262
-512 244
-524 226
-524 264
-460 256
-512 266
-460 224
-488 214
-468 204
-464 208
-452 194
-456 202
-480 184
-456 182
-500 180
-492 206
-508 214
-496 214
-488 264
-516 250
-524 238
-572 238
-504 214
-480 194
-480 210
-456 206
-444 200
-496 236
-492 220
-448 218
-508 198
-508 172
-464 164
-448 136
-492 150
-492 132
-484 134
-468 130
-472 190
-468 170
-440 164
-420 188
-432 214
-432 176
-436 216
-416 182
-408 204
-440 212
-448 218
-476 248
-472 254
-480 242
-500 240
-528 292
-516 286
-540 292
-596 322
-536 296
-548 292
-532 288
-504 286
-544 272
-548 280
-504 258
-480 254
-512 254
-480 250
-468 248
-548 286
-564 294
-576 280
-580 278
-596 298
-572 290
-572 300
-548 286
-556 248
-484 200
-440 202
-492 226
-436 214
-468 210
-524 204
-488 230
-488 216
-492 212
-512 238
-532 218
-504 244
-560 236
-576 244
-540 222
-492 216
-528 238
-516 254
-556 266
-504 252
-532 258
-536 262
-528 268
-568 260
-588 282
-592 264
-560 276
-568 280
-600 268
-576 268
-564 262
-552 258
-516 266
-564 284
-580 278
-516 268
-536 264
-540 254
-536 270
-516 218
-480 196
-520 178
-488 190
-460 180
-560 182
-532 216
-472 224
-480 198
-476 198
-464 192
-536 198
-504 204
-508 194
-536 224
-492 232
-484 236
-456 170
-512 174
-492 146
-552 150
-504 142
-564 126
-492 134
-472 148
-468 102
-456 98
-408 110
-524 118
-516 88
-540 94
-516 106
-496 98
-488 142
-504 132
-492 150
-504 150
-516 120
-508 120
-504 128
-508 128
-424 136
-460 118
-480 164
-452 170
-500 174
-464 164
-484 156
-440 132
-424 104
-452 100
-452 62
-416 72
-468 66
-452 54
-428 30
-420 0
-440 2
-408 2
-388 30
-416 76
-420 58
-440 30
-396 36
-428 48
-444 36
-388 62
-404 58
-452 62
-400 60
-432 78
-460 56
-424 54
-420 64
-420 28
-440 34
-440 56
-488 70
-420 24
-460 44
-424 56
-416 42
-392 60
-440 72
-408 82
-388 98
-364 70
-372 66
-392 64
-428 104
-384 124
-340 102
-392 146
-392 96
-380 92
-392 68
-360 84
-404 86
-400 80
-452 98
-364 132
-416 128
-460 162
-432 146
-412 148
-404 110
-452 88
-468 56
-444 52
-492 68
-476 72
-488 52
-476 74
-492 112
-464 134
-492 142
-496 172
-496 188
-504 180
-468 206
-468 220
-528 214
-504 212
-556 216
-520 206
-484 188
-512 192
-456 208
-412 212
-460 216
-436 210
-452 194
-460 198
-444 174
-504 190
-448 146
-452 146
-440 134
-440 140
-448 104
-464 110
-456 94
-456 106
-452 120
