14 11
-354 165
-334 155
-366 177
-362 175
-350 177
-354 183
-366 181
-346 181
-394 201
-390 203
-390 205
-386 199
-374 201
-358 195
-350 193
-394 209
-378 205
-346 193
-338 185
-362 197
-362 195
-326 185
-338 185
-370 191
-334 167
-354 183
-314 177
-366 195
-374 201
-386 205
-362 187
-398 201
-394 199
-370 199
-422 217
-386 205
-382 201
-402 211
-402 211
-370 201
-374 201
-394 207
-334 185
-346 189
-402 211
-378 203
-366 201
-386 205
-370 205
-374 205
-326 183
-282 167
-294 165
-314 175
-334 175
-318 159
-338 167
-354 175
-338 171
-334 169
-358 175
-354 177
-362 181
-370 177
-350 177
-358 191
-358 189
-362 181
-346 181
-354 191
-382 201
-410 203
-358 189
-362 185
-354 189
-326 183
-374 201
-390 205
-362 197
-326 175
-310 171
-346 193
-330 181
-354 189
-342 187
-314 167
-322 173
-306 167
-358 177
-314 177
-330 181
-338 183
-326 187
-358 195
-362 193
-306 177
-306 175
-294 153
-314 159
-306 157
-310 147
-342 167
-322 159
-342 181
-338 175
-338 177
-350 191
-358 191
-370 201
-334 187
-322 185
-326 185
-382 205
-394 207
-390 209
-390 207
-414 213
-398 211
-374 199
-402 213
-358 201
-366 197
-406 213
-370 201
-338 191
-346 185
-366 197
-338 191
-390 207
-374 199
-370 197
-370 199
-390 205
-394 205
-394 205
-382 205
-390 205
-406 211
-426 219
-398 209
-374 201
-386 203
-382 201
-374 201
-386 205
-390 203
-374 195
-370 199
-334 185
-362 193
-346 181
-350 177
-370 189
-354 181
-330 179
-318 155
-322 161
-302 167
-318 173
-314 171
-290 151
-274 141
-298 145
-294 153
-314 151
-314 169
-318 173
-294 153
-322 175
-346 173
-362 179
-342 183
-358 187
-350 187
-350 195
-358 189
-374 195
-358 197
-342 189
-378 201
-362 191
-394 207
-362 199
-386 207
-374 201
-394 209
-390 203
-354 195
-338 191
-298 169
-318 173
-326 165
-298 153
-282 145
-306 139
-302 135
-294 131
-298 123
-302 135
-310 131
-274 123
-298 131
-302 139
-314 145
-326 155
-322 157
-350 177
-358 181
-322 183
-338 187
-362 195
-382 205
-402 209
-346 193
-358 199
-338 183
-378 193
-398 203
-374 191
-358 191
-342 181
-382 199
-386 199
-378 205
-390 207
-370 197
-370 201
-354 195
-326 175
-358 187
-366 179
-350 177
-342 177
-306 157
-258 123
-302 131
-314 159
-318 165
-302 165
-286 163
-314 167
-314 171
-322 185
-342 185
-334 181
-342 179
-326 171
-306 167
-294 163
-334 173
-322 171
-338 183
-350 197
-350 193
-390 209
-394 209
-338 195
-358 191
-338 191
-302 179
-322 175
-334 189
-346 193
-342 191
-318 171
-330 171
-302 167
-302 165
-330 181
-342 189
-322 177
-362 201
-374 199
-346 189
-310 169
-354 187
-346 181
-354 191
-390 205
-414 215
-406 211
-402 211
-394 207
-374 203
-390 207
-358 193
-390 205
-374 205
-394 209
-398 209
-354 193
-358 197
-390 207
-370 203
-394 207
-366 199
-362 197
-398 205
-402 205
-410 213
-418 217
-350 193
-370 203
-342 181
-346 185
-350 189
-346 183
-362 191
-354 189
-342 183
-314 173
-338 183
-342 187
-342 191
-338 185
-314 177
-366 201
-346 187
-374 201
-366 193
-374 201
-366 203
-350 189
-346 193
-334 191
-378 205
-370 201
-366 203
-390 205
-358 199
-358 197
-354 193
-322 181
-350 189
-346 189
-366 197
-362 197
-358 195
-362 195
-350 189
-354 197
-366 197
-370 201
-334 193
-358 193
-346 193
-338 193
-366 199
-370 201
-326 183
-330 185
-330 181
-342 189
-366 195
-342 191
-366 181
-330 165
-362 179
-398 191
-350 179
-334 155
-310 147
-330 149
-338 151
-322 139
-322 141
-346 137
-310 127
-326 113
-338 135
-338 143
-310 145
-322 161
-290 145
-266 119
-306 143
-290 143
-310 163
-322 145
-338 145
-342 145
-338 141
-342 139
-346 145
-334 147
-338 131
-318 151
-334 149
-342 159
-366 161
-338 153
-326 159
-326 159
-314 153
-322 145
-302 145
-358 171
-342 185
-342 185
-350 189
-334 187
-342 191
-342 193
-362 199
-390 207
-358 191
-314 181
-302 171
-286 163
-322 175
-350 185
-338 183
-362 193
-358 195
-370 193
-390 201
-334 181
-330 173
-342 171
-290 135
-298 137
-310 143
-310 149
-338 161
-298 139
-306 151
-290 131
-330 177
-362 189
-346 187
-330 181
-310 169
-342 175
-362 185
-338 175
-322 181
-326 181
-322 177
-318 179
-346 185
-354 185
-378 197
-334 177
-334 179
-318 175
-330 185
-350 187
-350 189
-362 189
-350 187
-338 179
-362 183
-322 171
-314 165
-314 159
-326 157
-326 167
-318 167
-306 163
-294 161
-290 163
-278 155
-314 169
-330 183
-330 181
-366 195
-370 199
-394 205
-394 207
-382 205
-406 211
-378 195
-382 199
-346 193
-342 189
-354 197
-378 199
-398 211
-410 211
-382 207
-374 199
-366 197
-358 197
-342 191
-322 181
-398 207
-362 191
-346 193
-398 209
-342 193
-350 195
-346 181
-350 189
-342 179
-366 187
-346 189
-322 175
-350 183
-390 201
-386 207
-338 189
-370 197
-354 191
-358 189
-390 203
-354 197
-306 169
-314 167
-350 183
-354 181
-318 173
-350 183
-338 175
-358 191
-358 189
-362 191
-378 193
-362 195
-346 187
-302 171
-282 171
-302 163
-282 153
-278 143
-274 133
-322 161
-302 149
-310 151
-298 159
-290 137
-246 127
-290 139
-278 153
-306 165
-270 157
-326 183
-318 179
-326 179
-314 179
-298 169
-310 157
-338 169
-346 185
-366 193
-358 191
-362 195
-378 201
-334 187
-354 197
-342 177
-374 199
-394 205
-410 215
-398 205
-354 187
-370 185
-362 189
-326 173
-346 175
-358 173
-354 177
-342 181
-330 181
-334 161
-334 185
-302 171
-302 175
-326 177
-346 183
-354 181
-346 173
-318 173
-290 157
-354 191
-346 187
-362 177
-350 179
-330 171
-362 181
-354 193
-366 201
-350 191
-370 191
-330 179
-338 177
-302 165
-294 165
-294 149
-258 125
-282 129
-282 131
-262 129
-258 117
-262 121
-266 111
-234 101
-278 113
-246 115
-230 119
-302 145
-298 153
-274 153
-334 165
-346 165
-326 155
-282 133
-274 153
-278 159
-310 173
-362 197
-406 211
-394 207
-358 199
-334 183
-374 201
-354 197
-370 197
-350 191
-378 199
-366 199
-398 209
-362 199
-330 183
-306 159
-310 165
-286 147
-282 137
-234 103
-226 95
-254 81
-242 53
-286 59
-274 75
-278 69
-282 79
-274 93
-314 103
-322 113
-310 103
-306 111
-302 109
-310 105
-282 77
-306 103
-302 111
-314 131
-286 143
-302 143
-338 147
-338 139
-322 123
-338 145
-274 109
-322 121
-310 119
-330 135
-302 145
-338 169
-362 177
-354 183
-330 169
-330 151
-326 151
-350 161
-342 165
-338 159
-318 139
-322 139
-326 159
-330 171
-326 159
-326 151
-338 151
-298 139
-290 131
-274 119
-282 121
-302 133
-306 133
-318 155
-354 175
-350 183
-302 169
-354 177
-378 197
-358 195
-374 197
-354 193
-382 197
-390 205
-354 193
-362 195
-346 197
-390 205
-374 201
-354 191
-350 189
-394 209
-414 213
-390 199
-370 199
-406 205
-390 197
-338 191
-378 197
-362 199
-386 203
-366 197
-342 189
-314 173
-346 193
-326 177
-346 161
-346 155
-370 169
-366 175
-342 163
-314 149
-334 155
-346 145
-346 151
-326 153
-326 171
-310 163
-334 179
-362 193
-350 195
-402 213
-402 211
-410 215
-374 201
-378 205
-350 195
-374 203
-382 203
-362 193
-378 201
-318 183
-366 197
-350 193
-382 205
-398 209
-386 207
-394 205
-414 215
-394 209
-410 215
-358 197
-350 189
-330 175
-302 169
-366 193
-358 189
-366 201
-370 201
-386 207
-406 211
-374 199
-390 207
-398 209
-354 193
-374 191
-358 187
-358 193
-366 199
-350 195
-358 197
-402 211
-402 213
-406 211
-362 197
-386 205
-386 205
-354 195
-362 189
-346 193
-382 203
-426 219
-386 207
-350 191
-334 185
-342 191
-362 195
-374 201
-386 203
-386 207
-342 197
-398 211
-410 215
-378 203
-370 201
-342 193
-394 203
-378 199
-382 203
-350 185
-378 201
-414 215
-410 213
-382 201
-354 195
-358 193
-370 193
-378 205
-386 209
-370 199
-366 201
-402 211
-426 219
-418 215
-378 201
-342 189
-350 191
-338 187
-322 179
-338 187
-330 177
-310 159
-310 149
-334 165
-326 165
-330 133
-322 157
-350 189
-326 179
-318 167
-350 181
-330 175
-318 173
-338 181
-346 181
-322 171
-366 189
-362 191
-370 199
-366 193
-374 191
-330 169
-314 161
-346 177
-318 161
-330 173
-322 163
-334 175
-338 187
-310 175
-306 175
-342 193
-334 189
-350 191
-366 193
-342 187
-346 191
-350 195
-346 193
-314 181
-342 185
-334 177
-318 181
-334 193
-342 191
-366 195
-402 209
-398 207
-394 205
-354 183
-334 181
-338 177
-314 157
-322 175
-358 195
-350 193
-306 175
-318 173
-366 193
-350 179
-322 173
-358 195
-350 195
-366 197
-390 209
-350 197
-374 203
-374 201
-374 195
-362 191
-314 177
-318 167
-306 163
-350 181
-342 185
-346 187
-346 193
-378 197
-398 209
-410 215
-414 215
-370 201
-394 207
-378 199
-378 207
-386 203
-350 189
-318 179
-302 163
-266 155
-302 161
-334 165
-346 183
-338 175
-334 171
-342 175
-330 167
-350 177
-314 169
-350 177
-342 175
-318 167
-338 181
-334 167
-346 189
-354 191
-334 181
-366 193
-362 195
-394 207
-358 197
-362 201
-350 191
-338 187
-346 179
-330 173
-322 157
-314 147
-310 151
-286 127
-290 121
-278 125
-318 163
-314 161
-318 165
-334 167
-362 177
-338 163
-334 169
-330 151
-294 147
-290 153
-278 149
-322 163
-290 151
-342 173
-330 171
-346 167
-354 179
-342 181
-322 165
-342 157
-350 195
-358 195
-358 193
-370 197
-378 201
-346 187
-374 185
-354 183
-366 197
-398 201
-390 207
-394 207
-390 205
-410 215
-322 175
-358 187
-342 187
-358 193
-378 195
-370 195
-394 209
-390 203
-342 191
-314 181
-342 185
-318 175
-342 179
-350 191
-350 193
-358 187
-322 175
-294 167
-322 175
-298 169
-262 133
-278 129
-270 129
-330 167
-302 159
-246 137
-290 139
-306 145
-310 153
-346 169
-334 167
-310 163
-326 157
-338 159
-322 175
-346 181
-358 187
-290 157
-262 147
-270 145
-250 125
-286 143
-278 159
-298 153
-310 153
-322 153
-326 149
-334 165
-306 157
-338 173
-322 175
-330 175
-330 149
-302 147
-310 127
-294 117
-294 133
-302 117
-282 97
-294 99
-322 117
-266 115
-302 105
-342 113
-286 97
-278 109
-258 115
-286 119
-290 119
-278 129
-270 117
-262 103
-234 97
-294 115
-310 101
-274 91
-294 119
-306 121
-310 113
-310 95
-306 87
-330 105
-318 107
-314 99
-318 83
-306 95
-250 97
-274 97
-274 107
-310 91
-342 81
-334 85
-262 85
-270 95
-274 79
-278 111
-282 135
-242 107
-254 95
-262 111
-262 119
-298 119
-286 131
-310 147
-246 129
-270 147
-314 163
-318 151
-310 159
-310 155
-246 125
-314 153
-302 153
-282 141
-306 161
-302 165
-318 177
-306 169
-326 183
-318 169
-366 181
-334 167
-354 163
-342 153
-314 147
-310 153
-314 139
-306 143
-314 145
-334 153
-326 143
-310 119
-290 123
-282 123
-278 117
-302 143
-314 163
-278 145
-334 151
-358 165
-330 163
-314 153
-310 141
-342 159
-338 169
-310 163
-330 165
-334 181
-318 179
-318 179
-362 193
-338 183
-338 183
-326 171
-330 171
-346 175
-346 185
-334 173
-358 181
-382 201
-342 185
-354 181
-366 191
-366 197
-378 203
-402 211
-414 215
-390 201
-370 197
-350 191
-338 191
-302 169
-298 161
-322 169
-354 185
-306 169
-314 173
-358 183
-314 163
-318 163
-338 161
-326 155
-334 153
-318 167
-322 151
-334 169
-326 175
-314 169
-314 153
-298 145
-234 99
-290 105
-258 107
-282 117
-282 119
-258 117
-258 119
-250 107
-262 125
-306 113
-330 125
-314 139
-318 149
-314 149
-262 141
-302 151
-322 163
-322 157
-314 169
-282 153
-294 153
-286 131
-274 131
-278 145
-318 153
-314 147
-302 157
-318 167
-338 187
-322 183
-334 189
-342 177
-354 177
-398 209
-366 199
-374 201
-410 213
-374 201
-374 195
-366 195
-370 195
-350 181
-362 191
-354 193
-338 185
-342 191
-398 209
-394 207
-366 193
-386 203
-354 195
-398 207
-402 211
-398 207
-370 203
-406 213
-390 203
-370 199
-382 199
-386 207
-342 187
-358 191
-390 209
-410 213
-426 219
-378 205
-378 205
-354 201
-362 197
-370 197
-370 199
-378 203
-394 209
-366 197
-386 207
-354 195
-330 187
-394 209
-402 213
-362 199
-342 195
-370 197
-390 203
-382 203
-330 181
-314 169
-314 171
-338 177
-330 183
-358 193
-350 191
-358 193
-378 203
-382 199
-398 209
-390 207
-418 215
-366 193
-338 187
-358 191
-326 175
-306 171
-330 177
-350 189
-394 199
-370 191
-354 187
-310 177
-346 195
-346 177
-334 173
-326 173
-310 167
-350 183
-366 197
-354 199
-390 207
-386 209
-390 199
-386 195
-358 189
-334 181
-370 199
-362 199
-382 207
-426 219
-370 203
-410 215
-386 209
-382 205
-406 213
-402 211
-390 207
-410 215
-410 213
-338 185
-366 195
-398 205
-378 199
-362 193
-362 195
-362 195
-346 191
-346 195
-338 185
-346 187
-290 171
-294 167
-326 169
-314 159
-314 171
-322 173
-306 163
-342 183
-354 185
-358 193
-374 197
-342 183
-310 171
-314 159
-294 137
-282 113
-278 135
-290 135
-306 139
-350 169
-334 167
-334 179
-322 165
-318 159
-330 163
-378 185
-378 191
-370 187
-322 175
-322 179
-318 183
-310 171
-330 189
-334 181
-350 191
-378 203
-394 207
-402 205
-398 203
-390 199
-354 195
-322 183
-342 193
-350 195
-398 209
-386 207
-394 207
-382 205
-394 205
-398 209
-374 201
-362 197
-370 199
-386 201
-350 191
-350 185
-346 191
-386 207
-426 219
-398 211
-358 197
-346 191
-394 209
-386 203
-366 203
-338 187
-350 191
-370 195
-382 201
-346 193
-358 193
-382 201
-382 201
-390 199
-374 197
-382 203
-394 207
-402 213
-378 205
-402 209
-378 203
-382 205
-382 205
-414 215
-406 211
-310 179
-354 191
-346 189
-346 189
-386 205
-330 187
-370 197
-370 197
-366 201
-366 203
-374 201
-326 185
-322 177
-294 155
-314 169
-346 171
-342 173
-374 197
-358 193
-366 195
-370 197
-350 193
-370 199
-342 193
-362 195
-358 187
-306 165
-318 165
-346 181
-326 171
-326 159
-342 165
-350 157
-334 169
-346 167
-326 173
-322 171
-298 175
-346 175
-354 181
-338 185
-306 179
-310 171
-330 177
-378 201
-370 201
-362 195
-338 183
-322 177
-298 165
-318 165
-318 149
-334 167
-326 161
-318 153
-302 129
-318 151
-318 163
-310 159
-322 165
-342 169
-350 175
-318 177
-354 189
-354 189
-362 199
-354 189
-370 193
-374 195
-362 193
-342 189
-342 185
-358 197
-394 209
-374 203
-402 213
-402 211
-382 201
-358 201
-382 199
-354 191
-354 195
-326 189
-386 203
-386 197
-358 191
-350 185
-354 185
-346 187
-318 171
-294 161
-326 163
-302 167
-298 171
-334 183
-338 183
-350 197
-322 183
-370 197
-358 197
-374 203
-374 203
-366 193
-342 185
-326 181
-330 177
-314 173
-326 165
-334 169
-314 171
-330 163
-330 169
-326 177
-370 199
-342 187
-354 195
-330 185
-378 201
-382 207
-366 195
-378 205
-414 215
-390 205
-358 185
-374 187
-322 165
-298 159
-302 145
-302 155
-262 133
-278 159
-294 157
-282 145
-326 147
-338 149
-290 147
-326 159
-310 171
-326 179
-334 185
-378 199
-386 205
-338 191
-322 175
-298 169
-334 191
-374 201
-362 197
-362 197
-350 189
-354 185
-358 197
-354 191
-354 193
-382 195
-346 185
-378 197
-370 197
-362 197
-354 199
-350 195
-370 197
-370 197
-406 213
-386 207
-390 207
-418 217
-398 211
-402 211
-326 189
-342 193
-306 183
-326 177
-366 183
-398 197
-342 189
-326 187
-330 175
-326 173
-286 157
-298 161
-310 167
-346 179
-350 179
-350 169
-370 175
-338 165
-342 167
-350 169
-334 155
-350 167
-346 167
-354 177
-350 169
-362 191
-370 177
-342 169
-330 177
-346 177
-334 175
-334 173
-386 197
-386 205
-382 205
-358 193
-370 201
-350 187
-326 185
-346 187
-362 197
-370 193
-326 177
-354 195
-370 199
-386 207
-378 207
-362 203
-342 191
-358 195
-370 189
-354 183
-374 197
-354 191
-398 211
-390 205
-382 205
-362 189
-358 195
-338 195
-382 201
-362 193
-330 177
-334 167
-338 171
-326 177
-330 183
-342 181
-358 191
-366 193
-330 175
-286 155
-326 135
-318 143
-318 139
-326 125
-330 129
-306 111
-298 99
-310 109
-290 115
-306 135
-302 143
-314 135
-306 137
-318 123
-334 153
-322 153
-334 171
-334 175
-346 169
-318 169
-290 159
-290 161
-298 175
-350 177
-354 175
-354 173
-338 167
-338 163
-326 173
-334 171
-330 165
-342 169
-350 163
-322 149
-326 147
-322 161
-298 153
-326 165
-314 165
-322 173
-314 169
-290 157
-282 151
-318 155
-294 163
-310 165
-322 179
-366 185
-370 193
-362 195
-362 193
-358 193
-338 185
-338 185
-342 191
-362 193
-322 177
-326 175
-334 169
-310 159
-302 161
-298 161
-298 175
-310 175
-346 177
-370 185
-362 177
-358 161
-342 159
-382 175
-370 187
-358 181
-310 161
-346 181
-342 185
-282 161
-290 159
-306 169
-334 189
-346 185
-350 179
-322 179
-330 179
-382 199
-366 191
-362 181
-374 183
-358 195
-374 195
-330 177
-346 173
-334 167
-350 189
-338 183
-330 179
-374 197
-346 185
-342 179
-326 177
-342 187
-350 199
-334 187
-346 191
-342 189
-322 179
-362 187
-338 173
-302 151
-302 147
-318 159
-342 177
-322 169
-302 167
-326 169
-342 191
-346 193
-342 187
-366 191
-350 187
-338 181
-338 185
-370 197
-370 195
-346 185
-362 181
-346 181
-334 181
-358 187
-386 195
-374 195
-386 195
-370 197
-354 181
-358 193
-342 191
-382 201
-406 207
-382 205
-342 181
-282 165
-250 119
-254 119
-270 123
-294 139
-298 165
-334 189
-374 201
-366 201
-334 189
-334 187
-390 207
-354 189
-346 165
-322 159
-306 149
-302 153
-290 149
-278 147
-310 165
-314 165
-318 151
-302 169
-318 179
-370 197
-330 179
-326 175
-362 197
-350 191
-366 203
-370 199
-350 191
-362 199
-322 175
-310 175
-354 195
-334 187
-350 195
-330 185
-342 189
-362 199
-378 201
-370 201
-402 211
-398 209
-394 211
-422 217
-402 213
-386 209
-326 181
-322 165
-294 161
-322 173
-310 165
-310 175
-358 183
-350 183
-310 173
-294 171
-318 179
-330 187
-386 207
-406 213
-362 199
-366 197
-374 197
-350 185
-346 183
-322 169
-326 165
-354 181
-342 179
-326 167
-342 179
-334 181
-334 181
-342 183
-366 197
-358 189
-378 191
-386 203
-398 211
-406 213
-438 221
-394 207
-382 201
-354 197
-346 179
-330 179
-362 197
-390 207
-418 217
-370 201
-374 201
-386 207
-406 213
-438 221
-398 209
-354 197
-358 195
-382 203
-426 219
-358 199
-334 191
-362 195
-346 189
-346 191
-370 197
-374 201
-402 209
-386 205
-382 205
-350 187
-350 193
-354 193
-366 199
-378 203
-354 191
-366 199
-378 199
-394 203
-358 195
-398 209
-398 209
-382 207
-362 199
-378 205
-406 213
-390 205
-366 195
-346 191
-358 199
-346 189
-294 167
-286 143
-282 153
-282 151
-318 179
-326 165
-330 171
-338 155
-314 153
-290 163
-302 167
-302 171
-310 167
-298 169
-302 173
-338 169
-306 173
-346 179
-338 169
-286 159
-302 163
-306 159
-294 147
-274 137
-346 163
-326 157
-334 169
-350 179
-326 171
-358 183
-358 187
-330 183
-342 191
-330 187
-338 187
-350 189
-346 183
-370 193
-334 183
-314 171
-322 151
-298 137
-318 153
-346 167
-310 147
-322 159
-330 181
-362 197
-338 175
-362 191
-338 181
-350 173
-342 167
-346 167
-290 135
-282 117
-294 107
-242 83
-242 75
-266 67
-258 87
-278 83
-278 73
-270 55
-238 69
-282 71
-294 63
-294 55
-258 45
-250 35
-242 53
-222 43
-218 1
-238 11
-226 21
-242 69
-230 95
-254 107
-266 123
-298 131
-294 139
-318 149
-334 181
-354 191
-378 205
-394 207
-390 207
-398 211
-430 219
-382 203
-358 197
-354 189
-382 203
-346 181
-378 195
-386 199
-378 195
-378 197
-290 157
-294 167
-330 185
-366 193
-342 187
-330 175
-298 155
-266 141
-274 147
-254 135
-298 153
-326 173
-326 165
-330 159
-286 159
-286 173
-322 187
-362 199
-358 189
-362 195
-394 207
-414 215
-414 213
-382 201
-374 199
-362 187
-366 197
-366 193
-366 185
-354 177
-366 185
-330 177
-302 169
-254 163
-282 155
-298 155
-322 169
-294 135
-286 127
-266 119
-226 103
-246 85
-262 99
-262 99
-262 105
-254 111
-246 115
-286 135
-258 115
-302 135
-294 121
-298 131
-290 117
-310 137
-310 127
-306 115
-314 119
-302 113
-282 97
-314 111
-274 111
-274 113
-302 111
-290 117
-298 129
-310 157
-334 169
-286 151
-318 155
-338 167
-322 161
-290 167
-322 183
-334 175
-322 173
-334 177
-366 189
-378 199
-362 199
-370 197
-358 199
-346 191
-386 207
-354 189
-346 181
-370 199
-378 201
-406 211
-378 197
-386 193
-314 177
-354 185
-370 193
-346 181
-378 201
-366 197
-374 197
-366 199
-342 193
-362 199
-370 197
-374 193
-354 185
-346 187
-362 191
-346 179
-322 157
-330 179
-378 199
-370 197
-378 205
-394 209
-358 197
-310 173
-342 187
-338 179
-306 179
-346 189
-366 187
-354 185
-362 185
-354 181
-358 193
-374 205
-378 205
-366 201
-338 185
-350 191
-346 183
-342 193
-334 189
-346 193
-302 183
-366 199
-378 203
-398 211
-382 207
-386 207
-402 211
-406 213
-398 211
-366 195
-382 203
-390 207
-398 205
-390 203
-374 199
-378 203
-370 199
-354 195
-310 173
-330 167
-326 161
-330 161
-314 159
-314 163
-302 163
-274 155
-294 157
-314 183
-342 183
-378 199
-362 197
-354 189
-346 183
-318 177
-374 199
-382 207
-394 211
-370 199
-358 191
-370 187
-354 187
-362 183
-374 195
-374 197
-346 185
-362 201
-334 193
-394 199
-386 191
-394 207
-362 199
-362 191
-362 191
-358 191
-378 199
-378 199
-406 213
-386 205
-382 201
-358 191
-362 195
-366 193
-342 185
-350 187
-326 183
-386 205
-386 209
-334 189
-366 201
-414 215
-394 205
-362 197
-382 199
-302 161
-302 157
-298 163
-322 181
-386 201
-378 201
-382 201
-406 211
-382 203
-398 209
-378 203
-330 175
-302 159
-310 163
-310 139
-282 133
-286 149
-290 157
-294 153
-318 157
-310 167
-346 185
-294 165
-334 183
-338 189
-346 193
-374 199
-382 205
-314 185
-322 189
-354 191
-314 163
-314 167
-274 159
-318 175
-342 179
-314 163
-350 185
-334 171
-342 169
-350 181
-350 181
-362 193
-346 187
-346 185
-346 181
-354 187
-382 189
-370 195
-382 201
-370 195
-374 195
-366 199
-402 207
-394 209
-382 203
-370 201
-338 193
-378 203
-330 175
-318 173
-346 175
-346 171
-330 173
-330 171
-354 175
-318 171
-330 181
-362 177
-354 179
-326 161
-318 155
-342 175
-318 165
-334 173
-326 177
-314 179
-318 175
-306 171
-298 157
-314 165
-330 181
-342 187
-370 195
-382 203
-374 199
-398 207
-398 209
-406 199
-382 197
-382 193
-354 191
-334 175
-334 181
-350 189
-342 187
-362 193
-338 189
-350 197
-346 191
-374 203
-374 201
-402 209
-374 201
-382 205
-386 203
-342 185
-290 167
-302 151
-302 149
-294 145
-334 173
-310 169
-278 119
-330 145
-318 137
-338 147
-350 151
-354 177
-378 183
-350 189
-370 199
-346 195
-382 203
-354 193
-354 187
-358 187
-362 187
-362 195
-394 203
-358 199
-370 203
-374 197
-362 189
-342 185
-346 179
-326 167
-334 177
-342 187
-362 195
-358 191
-338 185
-358 193
-370 187
-390 199
-398 191
-354 189
-350 197
-398 211
-390 209
-418 217
-402 211
-406 213
-366 197
-342 187
-354 197
-386 207
-374 203
-354 199
-350 195
-366 199
-338 185
-338 189
-374 205
-362 201
-354 197
-334 191
-362 199
-370 201
-386 205
-362 195
-390 209
-390 205
-334 189
-366 197
-358 195
-366 195
-342 191
-366 197
-366 199
-362 199
-334 185
-338 181
-338 187
-378 201
-378 201
-362 189
-338 175
-318 159
-338 159
-318 151
-306 151
-330 151
-298 151
-322 151
-302 153
-318 157
-386 173
-338 163
-342 159
-314 161
-290 173
-314 167
-322 177
-294 163
-330 181
-350 185
-390 203
-370 201
-354 197
-342 189
-382 207
-394 207
-358 187
-370 191
-378 195
-398 209
-322 191
-378 199
-358 191
-326 171
-378 191
-370 199
-370 203
-306 175
-342 181
-346 183
-350 183
-358 189
-374 185
-362 185
-342 175
-334 179
-358 183
-346 183
-342 181
-310 169
-330 155
-302 155
-298 151
-342 161
-338 169
-326 171
-362 177
-326 163
-334 163
-322 165
-330 157
-310 149
-306 153
-326 159
-322 169
-330 175
-350 175
-318 149
-314 143
-310 157
-338 177
-350 189
-338 179
-334 179
-318 173
-326 183
-346 185
-350 193
-346 189
-374 199
-410 213
-382 203
-366 199
-342 185
-266 159
-298 159
-290 163
-334 179
-314 171
-314 161
-278 137
-282 153
-326 151
-322 153
-322 159
-326 171
-350 175
-342 175
-358 183
-350 183
-330 171
-346 179
-374 193
