8 20
-252 12
-288 50
-360 114
-388 92
-456 84
-520 86
-572 92
-596 74
-576 94
-604 114
-588 78
-572 76
-576 52
-596 60
-604 78
-608 70
-596 72
-572 50
-620 44
-616 48
-596 58
-596 34
-604 48
-596 40
-600 24
-608 40
-600 48
-600 54
-580 28
-596 16
-592 16
-604 4
-596 2
-604 0
-588 22
-572 36
-584 24
-544 38
-576 66
-560 76
-568 62
-580 68
-580 78
-532 96
-548 106
-552 128
-568 134
-572 138
-580 150
-612 174
-556 162
-600 182
-580 158
-560 162
-588 170
-588 180
-580 188
-572 172
-616 168
-612 174
-600 188
-584 186
-604 202
-576 196
-596 204
-600 208
-628 226
-632 246
-612 270
-620 262
-608 288
-632 288
-672 302
-672 326
-644 320
-660 316
-660 308
-656 312
-664 332
-660 342
-688 344
-676 342
-676 352
-684 354
-680 352
-696 358
-672 358
-648 336
-652 340
-680 354
-692 364
-728 362
-688 356
-696 362
-692 358
-676 356
-672 352
-692 370
-712 372
-768 392
-768 392
-748 384
-732 380
-700 374
-724 378
-680 368
-684 364
-700 368
-756 388
-744 384
-736 382
-716 376
-740 384
-756 388
-764 390
-720 376
-728 378
-736 380
-700 366
-684 366
-700 368
-648 350
-620 340
-624 336
-664 350
-684 360
-700 368
-728 380
-680 366
-708 376
-680 364
-688 366
-712 374
-716 376
-740 382
-724 374
-688 366
-724 376
-668 354
-668 356
-664 348
-668 350
-632 342
-676 348
-656 342
-664 352
-640 344
-660 348
-692 356
-644 344
-676 336
-672 340
-648 334
-636 330
-656 340
-712 362
-712 356
-696 358
-684 358
-720 374
-696 368
-680 358
-676 360
-688 370
-712 372
-728 380
-704 368
-684 358
-644 348
-648 350
-672 360
-676 356
-700 364
-664 354
-656 346
-640 338
-660 352
-684 352
-720 370
-696 362
-696 366
-732 380
-724 376
-720 372
-708 358
-708 356
-680 348
-688 352
-700 352
-712 370
-660 356
-600 330
-636 338
-656 352
-636 342
-688 364
-708 372
-704 368
-708 376
-740 384
-732 382
-672 364
-676 358
-700 368
-720 374
-704 374
-712 372
-752 386
-748 386
-748 386
-728 380
-728 380
-748 384
-752 380
-740 378
-736 382
-688 366
-712 374
-728 374
-732 380
-736 382
-736 382
-776 394
-776 394
-752 388
-740 384
-732 382
-732 382
-712 370
-696 366
-672 360
-700 368
-708 372
-692 364
-720 376
-720 374
-708 372
-740 382
-728 380
-696 370
-724 378
-752 388
-752 386
-724 374
-708 370
-684 362
-680 360
-688 368
-716 378
-664 360
-712 374
-728 380
-716 376
-672 362
-696 370
-680 364
-692 368
-736 382
-708 368
-736 380
-740 378
-676 362
-676 348
-636 336
-660 338
-664 338
-648 334
-628 322
-652 332
-676 346
-688 350
-640 340
-684 362
-656 350
-688 368
-724 378
-660 354
-652 354
-668 346
-708 364
-744 378
-756 386
-776 394
-760 390
-756 388
-720 378
-728 378
-748 378
-700 364
-692 366
-664 354
-636 344
-656 338
-668 342
-636 326
-572 314
-596 322
-636 336
-688 362
-684 354
-688 358
-704 366
-692 364
-732 374
-716 368
-724 380
-740 384
-712 374
-720 372
-708 372
-680 366
-736 384
-768 392
-724 378
-704 372
-692 364
-664 356
-652 346
-668 356
-692 364
-672 362
-692 370
-716 374
-692 368
-700 368
-720 376
-732 378
-736 382
-736 382
-720 378
-700 366
-672 360
-724 380
-704 372
-668 364
-676 362
-668 360
-680 364
-708 368
-696 364
-692 364
-708 372
-712 374
-764 390
-736 382
-732 382
-720 380
-768 392
-748 386
-740 384
-720 378
-724 376
-672 356
-680 350
-652 344
-680 348
-680 342
-684 356
-644 342
-664 346
-668 362
-688 364
-676 354
-688 360
-692 360
-712 366
-664 348
-696 356
-668 352
-668 358
-644 346
-616 334
-644 348
-692 356
-656 344
-692 348
-652 324
-664 318
-696 344
-688 334
-660 316
-660 322
-648 314
-656 328
-640 338
-652 342
-652 342
-688 350
-676 352
-664 358
-656 356
-708 368
-724 378
-716 366
-704 360
-704 370
-704 372
-680 362
-692 368
-756 388
-744 386
-720 378
-756 388
-744 386
-728 382
-676 362
-732 374
-736 378
-700 372
-692 370
-664 360
-672 352
-672 360
-704 364
-696 368
-712 372
-740 382
-748 384
-752 382
-720 376
-744 384
-716 372
-672 348
-676 352
-688 362
-692 360
-624 344
-608 340
-684 362
-672 350
-716 358
-704 368
-708 368
-680 352
-676 354
-668 356
-692 356
-680 360
-724 380
-764 390
-732 382
-740 384
-728 376
-708 368
-696 368
-696 370
-728 380
-676 354
-712 368
-696 366
-692 358
-676 354
-668 358
-692 356
-628 340
-624 318
-640 342
-636 342
-648 344
-620 336
-624 326
-624 338
-640 340
-632 328
-616 328
-624 330
-592 304
-616 324
-636 336
-652 338
-736 378
-724 378
-720 376
-700 372
-704 368
-716 374
-660 356
-684 364
-624 338
-636 344
-652 356
-676 354
-688 360
-676 356
-696 366
-696 366
-688 366
-656 348
-660 336
-684 360
-728 376
-748 382
-720 374
-720 364
-720 368
-712 374
-676 366
-712 372
-700 374
-728 378
-744 384
-720 378
-732 374
-716 362
-692 364
-688 368
-708 374
-720 378
-732 380
-752 386
-768 390
-744 386
-740 384
-736 384
-736 380
-744 386
-736 382
-740 382
-728 380
-724 378
-740 384
-736 384
-744 386
-724 380
-732 380
-732 378
-772 392
-724 376
-728 378
-748 384
-760 388
-736 382
-740 384
-728 382
-720 380
-736 382
-736 378
-724 372
-692 358
-704 364
-684 354
-704 364
-672 350
-716 360
-712 364
-660 346
-660 342
-664 342
-712 362
-712 364
-736 382
-740 382
-708 374
-712 372
-728 380
-724 376
-704 370
-648 358
-688 370
-744 386
-712 376
-748 378
-708 370
-704 364
-676 358
-644 346
-668 348
-672 342
-688 344
-684 354
-680 354
-672 356
-708 370
-712 370
-700 366
-648 340
-628 332
-680 356
-708 372
-680 366
-640 348
-664 356
-624 334
-692 364
-688 360
-704 366
-724 376
-720 374
-732 378
-712 372
-700 366
-656 348
-680 360
-688 364
-724 378
-748 384
-744 382
-776 394
-752 388
-768 390
-752 386
-728 378
-724 376
-680 362
-724 376
-712 374
-732 382
-716 376
-712 370
-728 378
-728 380
-748 384
-708 372
-724 372
-732 380
-712 372
-692 360
-664 354
-648 354
-620 338
-648 354
-704 358
-644 344
-608 330
-640 322
-616 310
-652 320
-696 344
-664 346
-716 362
-712 362
-680 354
-660 342
-672 338
-716 360
-672 338
-648 310
-664 334
-656 340
-648 338
-696 364
-652 344
-680 364
-716 376
-700 370
-740 384
-736 380
-768 392
-756 388
-744 384
-696 372
-712 368
-700 370
-704 374
-740 384
-728 372
-676 362
-708 374
-696 366
-648 352
-660 358
-676 356
-648 350
-656 348
-656 350
-668 364
-684 364
-716 378
-716 378
-740 382
-692 364
-652 346
-672 352
-656 348
-728 378
-704 374
-732 378
-732 382
-716 378
-720 372
-688 366
-684 364
-672 360
-688 364
-680 364
-708 366
-748 384
-720 378
-704 370
-728 372
-728 380
-704 372
-736 382
-736 382
-760 390
-736 382
-724 378
-720 376
-720 372
-720 374
-696 368
-724 378
-692 360
-696 364
-672 362
-680 358
-704 368
-728 378
-724 378
-708 374
-720 376
-744 384
-732 378
-708 370
-744 380
-724 380
-732 380
-692 366
-740 378
-768 388
-724 376
-744 384
-700 374
-724 380
-748 384
-712 374
-704 374
-700 370
-716 372
-668 356
-684 356
-712 362
-740 382
-728 382
-712 376
-676 360
-684 366
-696 372
-684 364
-692 362
-696 360
-672 356
-712 368
-712 370
-664 350
-628 336
-592 320
-580 318
-608 324
-584 306
-564 292
-576 284
-592 290
-612 322
-620 326
-600 310
-620 320
-604 330
-608 330
-644 340
-664 348
-676 360
-676 366
-712 376
-704 370
-720 374
-672 354
-672 362
-660 356
-692 366
-672 364
-644 346
-656 354
-712 372
-716 376
-708 372
-712 372
-700 366
-696 368
-672 354
-668 354
-684 364
-668 356
-688 362
-712 368
-704 372
-700 364
-700 362
-716 370
-684 364
-724 378
-744 386
-728 378
-676 366
-668 362
-676 364
-680 366
-692 366
-704 372
-732 380
-756 386
-732 382
-744 382
-716 374
-688 366
-700 362
-676 352
-680 358
-688 358
-716 374
-716 376
-692 362
-724 378
-720 378
-724 378
-728 380
-740 382
-728 376
-712 372
-772 392
-736 382
-712 376
-676 358
-688 354
-684 360
-688 366
-664 358
-696 368
-656 332
-696 340
-700 356
-676 346
-660 348
-696 368
-660 358
-704 370
-684 364
-668 360
-688 358
-748 382
-728 382
-736 380
-740 378
-712 358
-680 336
-680 340
-688 346
-676 350
-648 352
-676 368
-728 374
-696 370
-716 372
-712 374
-720 370
-688 360
-688 356
-696 366
-704 366
-672 358
-680 360
-708 366
-752 386
-700 368
-664 358
-676 358
-672 350
-688 364
-700 366
-664 354
-680 364
-716 366
-692 362
-720 376
-696 370
-672 362
-664 356
-704 368
-708 372
-692 366
-708 370
-728 380
-708 374
-736 382
-756 388
-748 386
-720 378
-712 372
-700 370
-676 358
-696 362
-712 364
-720 372
-748 382
-712 368
-704 370
-720 374
-708 372
-696 370
-736 382
-744 386
-760 388
-724 378
-732 382
-736 380
-680 358
-648 354
-700 366
-700 372
-680 368
-696 370
-688 364
-704 362
-676 356
-692 360
-692 368
-680 362
-656 356
-656 348
-664 348
-672 350
-672 358
-724 376
-736 380
-748 382
-728 376
-720 376
-712 374
-728 376
-708 370
-716 374
-744 380
-696 364
-708 370
-684 366
-676 358
-664 356
-684 366
-672 356
-712 372
-692 364
-704 370
-664 356
-688 356
-680 354
-664 358
-684 364
-664 360
-688 362
-688 364
-712 376
-748 386
-732 378
-712 372
-652 360
-656 356
-652 350
-616 340
-676 360
-696 368
-724 378
-736 382
-736 380
-720 376
-668 362
-724 376
-716 372
-732 378
-688 366
-668 358
-644 338
-668 338
-680 348
-692 360
-684 364
-716 376
-700 368
-652 346
-680 358
-704 366
-728 380
-724 372
-712 370
-700 368
-728 374
-700 362
-744 384
-736 380
-712 376
-668 358
-656 350
-656 350
-680 354
-696 352
-628 326
-684 362
-720 380
-752 388
-736 382
-712 374
-704 372
-720 378
-692 370
-728 382
-740 384
-740 382
-696 370
-668 358
-688 362
-688 358
-664 358
-672 358
-684 366
-696 364
-712 370
-680 362
-668 356
-700 368
-688 362
-712 374
-712 374
-680 354
-696 364
-664 354
-704 370
-676 360
-716 376
-748 386
-740 382
-724 380
-740 382
-720 380
-744 386
-728 380
-728 376
-680 348
-688 360
-664 352
-644 340
-632 332
-624 340
-640 338
-656 344
-664 350
-696 362
-724 370
-724 366
-712 364
-676 356
-704 360
-680 358
-700 366
-720 374
-736 380
-696 358
-696 358
-684 356
-676 362
-652 336
-656 342
-612 340
-656 346
-608 336
-672 364
-676 360
-684 360
-700 356
-720 366
-732 380
-720 372
-712 372
-704 370
-680 362
-716 366
-744 380
-732 376
-716 374
-720 374
-716 372
-716 376
-708 374
-676 362
-704 366
-672 358
-704 366
-700 366
-696 370
-724 374
-724 376
-720 376
-716 376
-676 362
-672 358
-704 364
-716 372
-748 386
-756 388
-760 390
-708 374
-716 374
-772 392
-756 384
-732 376
-728 370
-704 372
-728 378
-704 366
-652 350
-672 358
-672 352
-628 348
-640 344
-656 346
-696 362
-752 384
-752 388
-728 380
-684 366
-680 362
-684 360
-712 370
-728 378
-724 378
-680 362
-676 360
-688 356
-676 354
-676 354
-676 350
-672 356
-720 376
-724 378
-716 378
-692 366
-716 376
-736 384
-728 380
-728 380
-744 384
-712 372
-684 366
-676 364
-664 362
-724 372
-720 374
-696 370
-660 350
-692 356
-712 372
-720 374
-688 368
-688 362
-676 354
-684 366
-680 364
-688 368
-696 364
-724 376
-736 378
-732 382
-752 386
-720 380
-704 372
-736 382
-732 380
-716 374
-704 372
-732 380
-752 386
-748 386
-720 378
-692 368
-696 364
-744 386
-716 376
-688 360
-688 362
-740 384
-700 366
-704 370
-676 354
-672 352
-648 350
-660 358
-628 348
-648 348
-636 342
-704 372
-720 376
-692 368
-700 368
-684 362
-672 362
-696 372
-712 372
-700 370
-708 374
-704 366
-724 370
-724 376
-712 378
-744 384
-676 368
-688 366
-724 374
-688 364
-672 354
-712 370
-736 382
-728 380
-748 384
-672 358
-688 360
-672 350
-672 356
-704 372
-700 368
-652 352
-680 366
-680 366
-704 372
-684 366
-700 368
-696 366
-680 366
-724 372
-660 352
-684 366
-708 372
-700 364
-684 360
-752 386
-716 374
-728 380
-764 390
-720 378
-720 376
-704 370
-736 382
-720 378
-724 380
-720 378
-672 362
-736 384
-728 378
-696 362
-680 366
-708 376
-716 376
-732 382
-720 376
-676 362
-720 378
-704 374
-724 380
-704 372
-716 378
-704 370
-656 362
-692 366
-716 372
-732 382
-760 388
-728 380
-764 390
-672 364
-700 370
-740 384
-740 384
-720 376
-720 380
-724 380
-740 376
-712 366
-668 356
-644 338
-684 362
-692 358
-688 350
-672 338
-672 342
-648 344
-612 332
-660 354
-680 362
-736 380
-768 390
-776 394
-724 376
-728 382
-776 394
-736 382
-692 368
-740 382
-712 376
-760 388
-692 368
-720 376
-732 380
-712 374
-728 380
-688 370
-744 384
-712 372
-672 350
-652 330
-616 320
-668 344
-664 354
-684 352
-680 340
-692 350
-688 358
-704 368
-716 372
-700 368
-688 366
-696 370
-708 374
-756 388
-752 388
-736 382
-744 382
-732 382
-732 378
-740 372
-724 378
-720 378
-748 386
-768 392
-736 382
-724 376
-740 384
-728 380
-708 370
-700 366
-688 370
-712 370
-684 356
-672 348
-676 354
-688 366
-668 354
-656 352
-672 356
-668 358
-660 352
-684 362
-700 362
-652 348
-640 346
-656 350
-652 346
-648 344
-664 350
-692 362
-696 356
-728 364
-716 358
-692 354
-676 350
-664 352
-724 376
-736 384
-752 386
-752 388
-760 390
-776 394
-772 392
-752 386
-752 386
-736 382
-728 382
-720 376
-696 366
-700 372
-692 366
-716 364
-728 370
-748 386
-696 366
-720 376
-676 362
-700 370
-724 372
-756 386
-704 370
-716 378
-700 366
-728 368
-732 374
-712 368
-716 376
-668 358
-712 376
-688 370
-696 372
-732 378
-728 378
-708 372
-688 364
-696 368
-712 374
-632 338
-652 356
-668 352
-640 342
-620 320
-624 318
-644 310
-644 322
-608 310
-620 312
-668 330
-672 334
-684 316
-640 294
-692 310
-684 322
-696 344
-660 322
-640 322
-624 322
-624 314
-628 328
-656 336
-620 334
-616 330
-616 322
-660 332
-672 342
-644 342
-672 354
-680 356
-680 360
-712 374
-712 376
-760 390
-768 390
-736 384
-684 366
-676 364
-684 358
-704 372
-724 376
-688 368
-668 358
-648 350
-660 348
-648 344
-648 346
-672 358
-660 354
-696 368
-740 384
-700 370
-696 370
-684 362
-696 368
-736 382
-724 378
-716 376
-720 380
-688 364
-680 360
-668 352
-664 356
-652 354
-700 366
-664 342
-676 344
-672 356
-688 362
-680 356
-688 366
-704 368
-712 372
-700 372
-704 374
-668 360
-684 364
-736 382
-736 382
-748 386
-740 380
-732 378
-748 386
-696 368
-684 364
-668 356
-700 372
-700 370
-696 368
-732 376
-724 376
-728 378
-716 372
-768 392
-740 382
-720 376
-720 374
-736 380
-752 388
-732 382
-676 356
-676 360
-696 370
-712 372
-760 388
-752 388
-736 380
-708 374
-740 384
-728 380
-740 382
-732 382
-740 382
-708 374
-716 378
-696 368
-720 376
-704 372
-668 358
-692 366
-700 366
-732 378
-724 380
-688 364
-684 366
-768 390
-720 376
-680 366
-704 372
-684 368
-668 352
-688 364
-712 372
-708 370
-680 364
-692 368
-668 356
-688 362
-680 352
-704 368
-684 364
-652 348
-692 360
-696 360
-664 350
-656 342
-668 346
-708 368
-684 358
-692 368
-680 358
-684 362
-712 376
-700 370
-744 386
-744 382
-764 390
-748 386
-748 386
-732 382
-744 384
-712 368
-728 376
-700 366
-700 374
-664 360
-656 356
-688 368
-708 372
-716 372
-704 374
-704 368
-696 368
-708 376
-720 376
-700 370
-684 360
-716 374
-700 368
-744 384
-748 384
-740 382
-708 372
-712 372
-680 362
-672 362
-672 362
-692 364
-652 344
-636 336
-632 332
-672 348
-648 348
-684 366
-700 370
-712 378
-692 366
-712 366
-720 376
-716 370
-760 388
-684 368
-700 372
-716 376
-716 374
-712 372
-748 384
-732 382
-732 376
-704 370
-740 382
-692 366
-720 372
-736 382
-748 386
-732 382
-736 382
-720 378
-732 380
-752 388
-688 368
-728 380
-680 364
-720 376
-716 376
-676 362
-748 384
-736 382
-712 376
-720 372
-696 364
-668 352
-728 378
-712 372
-736 384
-748 386
-704 364
-704 364
-708 368
-696 370
-696 364
-712 374
-720 378
-728 374
-680 358
-692 350
-676 348
-672 348
-684 342
-640 334
-648 344
-708 362
-688 358
-752 380
-700 372
-680 362
-708 368
-704 368
-708 370
-708 374
-708 376
-672 362
-668 358
-688 362
-664 360
-704 374
-660 356
-696 372
-724 380
-716 368
-708 366
-656 348
-656 352
-664 352
-708 366
-704 366
-708 370
-684 362
-712 372
-712 374
-700 370
-708 372
-732 378
-728 376
-704 374
-708 370
-712 370
-696 368
-704 372
-704 370
-676 360
-676 356
-716 368
-724 366
-712 362
-720 372
-724 372
-692 362
-644 342
-688 364
-724 370
-712 370
-684 364
-688 364
-732 382
-736 384
-720 376
-724 380
-732 382
-720 380
-696 368
-728 376
-700 368
-728 380
-752 388
-724 378
-684 366
-692 366
-644 356
-680 364
-700 368
-708 364
-696 356
-720 362
-696 356
-680 354
-692 354
-720 354
-680 336
-656 334
-696 344
-692 354
-700 354
-716 370
-716 372
-732 380
-752 388
-716 376
-720 374
-752 386
-792 398
-760 390
-704 370
-740 384
-700 370
-716 372
-744 384
-744 382
-728 380
-700 370
-716 376
-756 388
-744 384
-740 380
-688 366
-700 370
-720 374
-764 390
-732 380
-720 370
-732 382
-744 386
-728 376
-720 372
-708 372
-664 358
-652 354
-696 368
-692 366
-720 374
-720 372
-760 390
-728 380
-680 364
-700 368
-704 370
-668 356
-668 352
-680 358
-736 384
-732 378
-740 376
-680 366
-712 374
-704 372
-680 366
-668 360
-688 368
-696 372
-732 378
-684 364
-724 372
-704 362
-748 384
-760 388
-752 382
-740 382
-740 382
-688 370
-672 362
-700 370
-728 378
-776 394
-692 364
-732 378
-732 382
-720 370
-724 380
-720 376
-712 364
-684 360
-648 346
-704 372
-708 362
-724 374
-716 376
-756 386
-700 362
-716 368
-704 370
-712 374
-716 376
-760 390
-760 390
-740 384
-752 386
-704 372
-688 362
-676 360
-712 372
-696 362
-696 358
-688 360
-676 356
-736 370
-712 374
-756 386
-784 396
-756 388
-748 384
-748 384
-736 380
-764 390
-724 378
-716 378
-720 380
-704 370
-684 354
-704 358
-736 382
-744 376
-724 354
-724 358
-720 360
-716 372
-676 366
-692 370
-724 380
-732 380
-748 386
-688 370
-684 368
-712 374
-704 372
-744 378
-732 378
-728 378
-680 366
-692 364
-668 358
-636 340
-696 364
-688 356
-660 356
-648 348
-672 360
-696 366
-728 372
-688 362
-680 366
-704 372
-720 376
-696 370
-704 366
-656 356
-720 376
-692 366
-704 364
-724 370
-708 372
-724 374
-656 350
-732 370
-736 374
-696 360
-720 376
-764 390
-764 390
-700 372
-668 356
-672 350
-668 342
-640 332
-648 350
-676 358
-680 356
-668 354
-660 344
-680 354
-696 358
-684 352
-704 362
-712 364
-712 354
-712 364
-692 356
-684 350
-712 364
-716 364
-696 358
-676 352
-632 328
-612 296
-608 288
-648 290
-640 322
-672 334
-660 332
-668 338
-680 342
-700 360
-708 368
-752 380
-744 384
-704 374
-740 382
-716 370
-716 372
-700 362
-688 356
-688 352
-712 354
-684 348
-676 356
-656 358
-672 360
-700 366
-696 362
-724 374
-752 380
-688 358
-672 360
-724 380
-680 358
-696 360
-708 362
-676 348
-684 354
-628 328
-644 340
-644 334
-716 372
-700 370
-712 374
-704 374
-720 378
-732 382
-732 378
-700 358
-696 364
-680 348
-680 358
-696 368
-700 368
-648 346
-632 330
-640 330
-648 340
-668 342
-680 360
-712 366
-684 360
-728 374
-684 362
-636 338
-692 352
-708 368
-680 356
-704 364
-672 364
-720 376
-732 382
-760 386
-732 380
-716 376
-680 366
-712 370
-680 354
-676 360
-664 362
-684 364
-692 370
-740 384
-712 374
-712 374
-700 374
-744 382
-720 380
-708 374
-716 374
-736 380
-708 366
-692 360
-708 368
-692 364
-712 368
-736 378
-684 364
-696 374
-736 384
-716 374
-724 376
-716 376
-740 384
-684 366
-700 372
-696 364
-700 370
-696 366
-664 350
-716 368
-668 356
-712 366
-684 362
-708 372
-708 374
-704 370
-720 378
-712 376
-712 370
-704 372
-704 370
-680 364
-672 354
-704 370
-720 376
-708 374
-688 370
-684 366
-688 362
-680 358
-668 350
-696 358
-716 366
-688 362
-696 370
-688 362
-688 366
-724 374
-676 360
-696 368
-664 358
-716 372
-668 356
-684 356
-652 354
-688 364
-700 366
-692 360
-708 374
-712 374
-688 368
-708 368
-740 384
-712 374
-696 368
-688 368
-684 366
-688 368
-700 368
-764 382
-736 380
-732 380
-716 376
-692 368
-704 366
-744 384
-748 384
-692 364
-740 382
-716 372
-680 360
-736 384
-744 386
-728 382
-728 382
-716 376
-708 370
-708 376
-684 368
-668 352
-692 370
-696 372
-744 386
-744 386
-724 380
-712 376
-708 366
-712 374
-688 360
-692 366
-660 362
-712 376
-692 368
-680 366
-708 374
-696 370
-696 366
-680 358
-704 368
-688 364
-736 374
-736 374
-740 378
-712 374
-736 382
-728 380
-716 378
-768 392
-720 380
-728 378
-716 372
-724 378
-672 360
-664 354
-692 358
-728 366
-732 374
-720 364
-708 352
-728 370
-708 376
-744 384
-760 390
-772 392
-740 384
-744 386
-736 382
-728 380
-696 370
-752 386
-676 360
-672 356
-688 362
-736 376
-700 360
-732 380
-704 366
-700 364
-692 358
-684 354
-628 334
-660 350
-628 334
-668 348
-684 358
-680 354
-688 358
-692 364
-684 366
-680 360
-656 352
-668 352
-664 346
-676 344
-692 358
-716 362
-688 360
-672 354
-620 342
-644 346
-680 358
-716 372
-684 362
-720 378
-708 372
-648 344
-636 344
-608 332
-656 354
-708 366
-692 370
-692 372
-692 358
-704 368
-692 360
-704 366
-696 360
-680 360
-656 348
-712 370
-708 376
-720 376
-700 366
-700 364
-696 370
-696 366
-736 378
-720 370
-724 378
-712 368
-724 372
-708 372
-684 368
-704 372
-760 390
-736 382
-728 380
-708 372
-700 368
-704 370
-732 382
-712 376
-704 374
-696 366
-724 374
-736 384
-756 388
-764 382
-744 382
-696 370
-704 374
-688 368
-708 364
-668 346
-664 352
-620 340
-644 354
-660 352
-660 354
-704 372
-692 366
-680 364
-672 362
-680 360
-700 372
-700 368
-656 354
-672 362
-696 370
-672 364
-668 358
-684 364
-688 368
-716 370
-672 346
-676 358
-668 356
-720 374
-716 366
-696 364
-680 358
-668 356
-692 358
-708 374
-724 376
-708 368
-712 370
-684 362
-720 380
-684 366
-688 364
-740 382
-704 368
-712 374
-680 362
-716 374
-732 380
-744 386
-776 394
-740 382
-740 380
-736 380
-732 380
-752 388
-732 382
-760 388
-736 382
-676 366
-688 360
-656 356
-704 360
-696 362
-680 352
-708 358
-708 360
-676 352
-704 372
-728 380
-744 384
-748 380
-744 384
-716 376
-712 376
-708 374
-704 374
-756 388
-724 380
-724 378
-700 370
-688 366
-728 378
-748 384
-736 380
-712 372
-696 370
-728 382
-740 384
-700 368
-684 366
-692 370
-672 358
-708 372
-712 374
-700 370
-684 364
-712 368
-752 376
-732 376
-748 386
-736 382
-756 388
-724 378
-660 352
-696 362
-712 362
-680 356
-660 350
-664 344
-696 362
-696 360
-712 372
-732 382
-704 372
-664 358
-696 368
-688 364
-704 370
-708 370
-692 364
-732 382
-708 376
-744 386
-688 368
-716 376
-700 370
-708 374
-728 378
-712 372
-708 372
-720 380
-680 366
-704 372
-688 364
-756 386
-744 384
-740 384
-764 390
-692 364
-744 380
-700 362
-684 354
-692 360
-692 362
-744 386
-764 386
-764 386
-684 368
-696 368
-688 368
-736 380
-696 356
-692 362
-724 372
-704 368
-716 366
-752 376
-744 372
-720 366
-704 366
-716 378
-720 376
-748 386
-732 382
-720 380
-708 368
-724 378
-700 374
-692 364
-700 368
-688 364
-688 358
-692 358
-652 340
-680 354
-704 354
-684 348
-688 366
-708 374
-728 380
-732 380
-736 384
-748 380
-708 370
-756 388
-776 392
-744 386
-692 370
-696 368
-704 374
-708 372
-748 384
-748 384
-716 374
-728 378
-736 378
-716 374
-728 378
-760 388
-752 384
-736 376
-700 370
-692 358
-740 378
-680 362
-660 350
-676 352
-648 350
-692 352
-696 350
-700 364
-704 366
-712 368
-676 358
-700 368
-712 376
-696 370
-700 370
-720 378
-696 372
-740 384
-716 376
-692 366
-692 364
-696 358
-716 376
-728 380
-748 384
-704 364
-696 354
-660 346
-684 362
-668 354
-696 362
-716 378
-704 370
-676 358
-684 364
-652 344
-664 346
-656 342
-648 328
-648 330
-688 356
-692 362
-668 350
-688 354
-688 354
-652 344
-628 332
-652 352
-656 350
-692 370
-736 380
-708 372
-704 370
-676 354
-648 342
-744 384
-716 374
-724 372
-720 376
-628 340
-684 348
-696 368
