-12 8
-224 24
-328 10
-352 20
-440 18
-452 32
-468 18
-500 8
-492 32
-496 62
-540 60
-536 60
-580 60
-568 64
-560 32
-576 44
-576 32
-576 56
-548 36
-532 54
-532 32
-504 22
-512 40
-524 60
-540 46
-556 12
-596 12
-584 20
-552 6
-568 20
-604 6
-620 6
-596 2
-624 36
-608 42
-612 14
-628 8
-600 20
-560 40
-592 48
-592 62
-532 58
-568 46
-564 34
-556 40
-560 16
-568 22
-588 34
-592 36
-600 16
-596 26
-560 24
-560 36
-560 70
-556 48
-576 18
-584 50
-588 42
-536 24
-588 40
-568 34
-552 32
-548 16
-552 16
-548 8
-588 20
-628 14
-580 26
-616 50
-580 52
-596 64
-580 54
-592 58
-592 62
-616 72
-628 82
-588 102
-600 98
-596 100
-568 70
-620 106
-612 110
-608 118
-644 132
-572 128
-596 120
-628 106
-588 102
-624 128
-604 136
-592 110
-588 102
-604 114
-592 86
-576 106
-576 100
-556 94
-556 108
-632 112
-596 106
-596 108
-636 86
-608 84
-612 82
-612 56
-572 36
-592 50
-552 70
-548 78
-536 56
-544 86
-544 76
-484 70
-516 68
-548 66
-540 76
-524 62
-492 44
-532 66
-584 68
-604 60
-608 64
-604 54
-588 54
-572 86
-568 84
-564 84
-560 98
-564 134
-592 152
-604 138
-612 108
-596 100
-604 88
-612 94
-612 64
-568 68
-556 92
-624 118
-600 136
-596 138
-556 110
-576 102
-572 86
-608 82
-608 74
-576 74
-592 62
-636 52
-632 48
-600 32
-580 16
-564 30
-600 34
-580 34
-556 34
-572 54
-560 42
-548 58
-556 70
-576 50
-524 32
-524 12
-536 14
-544 24
-572 32
-544 4
-556 12
-556 34
-568 22
-572 28
-556 50
-600 56
-604 56
-568 36
-564 50
-576 66
-592 54
-548 40
-564 20
-564 36
-616 46
-584 36
-588 26
-624 40
-560 44
-592 48
-572 48
-564 28
-548 18
-588 24
-572 20
-568 36
-572 32
-544 36
-564 38
-596 46
-608 64
-580 26
-560 12
-540 20
-536 28
-564 20
-556 6
-576 42
-520 68
-552 78
-532 90
-544 98
-508 100
-576 104
-548 102
-556 106
-572 118
-584 136
-548 118
-592 130
-604 174
-632 180
-572 150
-572 140
-572 152
-608 158
-596 182
-612 180
-624 170
-640 182
-636 190
-604 218
-600 212
-612 224
-616 222
-640 238
-600 226
-588 228
-616 248
-596 246
-576 240
-600 242
-596 238
-640 250
-632 266
-668 286
-648 274
-652 294
-652 300
-680 288
-664 298
-648 284
-664 294
-652 290
-656 288
-616 272
-588 280
-612 276
-600 272
-564 284
-620 284
-592 286
-612 300
-676 336
-684 334
-676 340
-676 334
-656 338
-644 326
-604 316
-608 320
-640 322
-652 344
-648 334
-668 358
-692 356
-664 356
-684 364
-716 370
-728 380
-700 368
-708 372
-732 380
-720 380
-708 374
-700 370
-704 370
-704 370
-732 376
-672 356
-648 338
-664 346
-692 356
-720 364
-716 376
-740 384
-708 374
-680 362
-648 354
-708 374
-736 382
-740 384
-748 382
-748 382
-732 380
-704 366
-696 372
-728 378
-748 386
-724 376
-732 380
-748 384
-764 390
-744 386
-740 384
-728 380
-712 372
-696 364
-652 344
-652 334
-636 342
-704 358
-712 358
-692 358
-704 374
-716 370
-688 366
-732 376
-692 368
-676 360
-708 374
-744 384
-740 382
-692 366
-716 374
-712 374
-672 358
-616 332
-672 336
-636 328
-644 334
-636 320
-684 332
-664 346
-680 356
-680 350
-672 354
-676 354
-680 362
-676 352
-612 334
-632 328
-612 328
-652 336
-652 342
-664 348
-668 354
-692 356
-700 368
-744 378
-736 382
-696 370
-716 378
-704 370
-704 372
-720 374
-708 372
-748 384
-744 384
-728 378
-716 374
-728 380
-744 384
-728 380
-684 364
-708 362
-712 374
-708 370
-732 374
-684 360
-696 372
-752 388
-696 370
-720 378
-752 386
-728 380
-688 364
-688 360
-696 366
-672 354
-680 354
-708 372
-692 364
-668 360
-636 342
-668 354
-660 358
-696 362
-680 360
-704 370
-716 376
-728 376
-672 362
-660 360
-684 364
-688 366
-692 366
-724 374
-656 358
-660 356
-672 360
-720 376
-716 378
-744 382
-732 380
-740 382
-740 384
-724 378
-700 370
-720 374
-704 370
-684 362
-740 382
-728 382
-696 364
-664 360
-716 374
-684 364
-724 376
-700 366
-708 372
-692 364
-716 374
-712 374
-732 380
-740 384
-728 378
-680 362
-676 362
-652 352
-648 350
-696 352
-688 360
-648 354
-692 362
-692 362
-708 374
-724 378
-724 380
-704 372
-724 378
-732 380
-720 376
-724 380
-696 368
-692 364
-708 372
-704 374
-676 364
-736 380
-684 368
-712 374
-704 372
-704 374
-716 378
-680 360
-668 358
-676 366
-676 364
-700 372
-676 364
-684 364
-664 360
-700 372
-736 378
-688 364
-648 352
-660 346
-680 364
-724 376
-724 376
-748 384
-704 372
-756 388
-752 386
-764 390
-716 372
-684 360
-740 376
-736 382
-744 386
-724 378
-732 380
-768 392
-720 370
-696 366
-652 340
-648 342
-708 352
-724 362
-700 362
-712 370
-704 372
-676 358
-704 370
-720 374
-692 366
-728 378
-736 380
-760 390
-712 374
-736 382
-712 370
-720 378
-700 372
-772 392
-760 388
-772 386
-744 380
-708 374
-696 372
-708 372
-716 370
-696 370
-672 362
-724 376
-684 360
-676 356
-664 346
-648 346
-648 346
-704 368
-700 364
-728 380
-716 378
-728 378
-700 370
-696 372
-680 360
-660 346
-636 332
-628 330
-580 318
-576 312
-568 314
-544 300
-600 332
-652 338
-608 330
-616 332
-652 340
-708 344
-664 330
-680 326
-668 306
-664 306
-664 310
-668 312
-680 298
-656 298
-656 300
-652 290
-652 306
-648 318
-636 316
-656 334
-620 320
-656 340
-680 338
-676 334
-692 338
-680 330
-660 334
-676 344
-664 346
-688 356
-724 378
-704 372
-696 366
-728 378
-720 378
-672 362
-708 370
-724 378
-748 386
-740 382
-776 394
-760 390
-736 382
-724 378
-700 372
-700 368
-696 358
-680 348
-656 350
-640 346
-676 358
-672 354
-652 354
-708 372
-700 370
-724 374
-664 354
-652 350
-676 350
-684 350
-704 350
-648 342
-684 360
-680 356
-688 356
-668 354
-700 362
-692 368
-704 370
-724 374
-696 366
-696 364
-692 366
-696 370
-712 374
-704 374
-756 382
-700 366
-696 370
-676 366
-720 376
-672 356
