-12 6
-680 360
-644 342
-668 354
-644 346
-624 320
-616 318
-600 328
-596 320
-608 304
-548 280
-628 318
-624 322
-592 326
-572 286
-600 304
-628 332
-656 348
-668 350
-652 354
-640 352
-676 358
-644 344
-604 330
-648 344
-636 346
-628 340
-612 328
-652 346
-596 334
-596 322
-644 346
-624 342
-604 326
-612 318
-608 322
-584 298
-608 314
-556 300
-524 286
-576 300
-580 318
-568 310
-536 290
-508 268
-568 282
-560 286
-572 306
-556 288
-520 264
-528 262
-540 294
-552 286
-516 260
-524 244
-596 298
-644 324
-604 300
-592 298
-592 300
-576 304
-604 302
-640 304
-552 258
-608 302
-620 318
-624 314
-604 306
-596 306
-608 318
-568 310
-604 328
-608 326
-564 308
-576 298
-548 286
-564 284
-620 320
-640 330
-636 334
-664 350
-652 342
-600 340
-604 324
-624 342
-612 328
-640 352
-632 334
-636 336
-600 312
-612 336
-604 328
-600 320
-588 308
-564 294
-548 290
-588 308
-568 292
-584 292
-580 304
-556 280
-552 272
-572 284
-536 252
-476 232
-448 194
-504 240
-536 262
-580 310
-640 334
-660 340
-636 332
-644 336
-624 324
-596 306
-564 294
-588 302
-544 272
-536 276
-608 306
-584 284
-556 270
-560 264
-548 246
-496 206
-488 202
-560 212
-516 174
-512 164
-564 184
-564 186
-572 158
-560 142
-572 132
-616 150
-600 146
-548 130
-556 170
-564 176
-576 180
-548 176
-532 174
-536 156
-580 218
-544 218
-568 230
-548 224
-544 210
-540 226
-568 224
-596 242
-572 230
-548 232
-592 236
-576 226
-564 228
-524 216
-572 214
-524 192
-516 190
-520 164
-516 152
-512 168
-532 180
-512 198
-472 168
-468 160
-568 174
-520 188
-536 200
-536 206
-500 194
-540 194
-556 198
-488 196
-472 206
-496 206
-536 192
-508 164
-448 130
-444 104
-444 102
-452 138
-372 132
-436 140
-472 108
-496 106
-504 112
-476 108
-468 96
-492 94
-496 124
-440 132
-508 158
-524 168
-488 172
-536 184
-516 148
-504 122
-504 106
-496 98
-496 122
-528 152
-504 164
-540 162
-476 182
-508 160
-492 156
-488 142
-508 186
-496 196
-532 210
-484 206
-512 204
-480 190
-488 198
-436 206
-500 230
-500 224
-532 270
-548 286
-544 304
-584 322
-632 326
-616 324
-648 342
-620 334
-648 346
-588 310
-684 350
-620 334
-580 322
-612 338
-624 340
-556 314
-596 316
-628 338
-656 346
-632 340
-624 340
-636 344
-652 348
-660 352
-672 362
-664 354
-660 350
-656 348
-644 338
-572 294
-580 294
-580 300
-560 300
-600 314
-564 308
-540 286
-548 284
-552 268
-532 250
-536 238
-564 248
-560 244
-528 246
-564 264
-564 260
-576 262
-500 230
-428 202
-448 192
-408 194
-456 202
-444 208
-448 204
-488 224
-496 220
-496 222
-512 250
-544 268
-568 284
-572 296
-556 294
-588 298
-608 308
-576 304
-596 320
-608 330
-596 334
-632 340
-636 346
-640 344
-624 342
-624 318
-608 322
-632 332
-616 324
-600 320
-608 298
-596 306
-664 330
-592 298
-536 302
-580 320
-548 310
-568 304
-580 316
-572 320
-572 318
-612 332
-648 350
-660 360
-700 370
-680 364
-672 364
-664 354
-632 344
-640 348
-584 330
-620 332
-604 328
-624 320
-628 330
-612 306
-564 296
-616 314
-620 316
-648 324
-624 310
-604 300
-588 306
-648 334
-620 332
-624 330
-604 330
-620 336
-668 364
-652 354
-664 354
-672 348
-668 342
-676 350
-696 352
-680 340
-616 332
-620 342
-644 354
-612 334
-592 322
-616 334
-580 322
-620 324
-584 320
-588 318
-612 338
-592 316
-604 328
-644 354
-656 348
-648 354
-660 354
-672 358
-652 342
-676 364
-656 348
-640 348
-708 368
-648 352
-556 322
-516 298
-520 288
-500 284
-512 282
-608 326
-572 306
-604 326
-588 304
-600 326
-604 320
-624 330
-604 326
-620 328
-568 320
-592 324
-612 336
-664 356
-680 358
-636 332
-608 322
-616 326
-584 306
-588 306
-648 302
-648 308
-584 296
-564 292
-572 290
-580 286
-568 308
-536 300
-568 310
-536 294
-500 256
-560 280
-592 306
-596 316
-628 332
-612 336
-600 330
-628 336
-612 334
-668 358
-672 358
-648 342
-636 330
-616 318
-600 324
-556 296
-568 316
-592 324
-628 334
-568 320
-628 340
-636 354
-632 326
-640 322
-628 342
-680 360
-664 350
-688 364
-616 338
-612 326
-612 326
-628 324
-624 330
-604 314
-516 272
-552 294
-568 292
-540 274
-564 292
-624 306
-640 330
-616 328
-632 342
-652 348
-612 334
-612 332
-620 336
-648 336
-604 336
-584 314
-544 278
-576 284
-600 286
-588 294
-552 280
-520 272
-496 266
-468 228
-500 214
-488 198
-444 130
-496 136
-460 116
-452 126
-468 152
-476 140
-460 102
-456 94
-436 72
-528 72
-516 66
-536 68
-536 64
-516 62
-512 74
-504 104
-508 68
-508 74
-492 68
-468 80
-480 48
-500 40
-488 30
-504 36
-456 20
-496 24
-508 22
-504 54
-524 12
-520 22
-508 8
-460 40
-488 48
-448 24
-452 28
-540 12
-496 10
-456 2
-460 0
-484 28
-500 4
-492 10
-500 20
-504 26
-484 60
-492 52
-472 38
-496 28
-460 38
-456 14
-472 4
-468 14
-504 34
-488 30
-500 44
-508 58
-500 50
-504 52
-484 8
-492 2
-536 18
-468 16
-428 28
-448 40
-456 50
-424 36
-452 46
-452 34
-444 46
-432 56
-472 28
-508 54
-496 36
-492 24
-480 28
-480 48
-460 78
-404 48
-480 64
-520 100
-528 90
-524 96
-484 92
-528 124
-532 132
-512 116
-524 128
-508 126
-512 142
-540 124
-524 156
-516 144
-508 164
-468 178
-472 194
-516 200
-536 186
-516 186
-516 222
-508 222
-564 272
-588 286
-572 266
-516 248
-524 230
-500 216
-496 230
-508 236
-504 196
-500 182
-484 176
-520 188
-500 200
-524 234
-548 242
-516 202
-484 202
-476 196
-504 236
-520 252
-592 282
-596 296
-564 290
-576 304
-572 308
-584 308
-624 320
-596 296
-572 296
-584 278
-576 278
-544 270
-568 278
-584 280
-572 278
-528 246
-508 242
-484 240
-528 246
-536 248
-520 252
-516 274
-540 268
-532 282
-536 274
-532 276
-488 256
-528 278
-524 262
-576 258
-520 226
-516 216
-548 218
-524 216
-500 198
-468 180
-520 184
-508 178
-516 156
-496 168
-496 156
-480 166
-512 156
-496 140
-472 128
-472 148
-472 114
-480 112
-488 118
-524 196
-540 216
-572 252
-568 280
-560 276
-564 266
-624 304
-584 296
-552 292
-548 278
-560 286
-540 268
-540 260
-552 238
-560 242
-572 234
-556 236
-572 218
-508 212
-528 200
-520 186
-544 190
-548 178
-552 172
-492 148
-484 128
-460 140
-440 126
-464 130
-392 102
-440 112
-452 106
-476 84
-516 92
-476 86
-504 108
-528 98
-512 102
-524 104
-540 98
-500 108
-492 100
-516 142
-540 160
-580 186
-564 188
-536 158
-552 170
-544 166
-544 176
-504 166
-524 170
-492 166
-500 184
-556 204
-496 206
-512 180
-520 154
-532 180
-540 180
-528 206
-540 204
-536 196
-540 194
-552 180
-508 198
-516 202
-508 230
-552 264
-520 246
-552 256
-600 262
-540 236
-548 232
-512 186
-516 198
-528 208
-516 196
-532 220
-492 206
-544 230
-588 250
-568 242
-592 258
-568 264
-580 254
-560 238
-504 186
-504 204
-480 196
-496 188
-500 178
-492 196
-508 188
-492 186
-512 212
-544 194
-540 194
-556 192
-592 192
-580 200
-600 208
-572 190
-524 186
-588 196
-560 196
-508 182
-532 168
-524 160
-520 158
-508 168
-504 182
-492 188
-540 202
-528 222
-552 232
-560 262
-556 252
-548 272
-544 238
-556 240
-488 214
-492 206
-424 192
-552 266
-568 280
-572 300
-584 304
-604 306
-628 320
-612 322
-696 346
-664 342
-636 340
-664 354
-640 340
-636 344
-636 330
-580 318
-572 300
-584 296
-552 268
-544 278
-512 282
-532 290
-544 290
-568 294
-560 306
-556 306
-588 318
-600 328
-604 332
-624 346
-620 348
-612 340
-632 338
-708 366
-684 364
-632 346
-616 338
-652 338
-624 314
-584 308
-592 294
-588 310
-596 314
-600 334
-644 354
-680 368
-720 378
-668 354
-660 356
-688 366
-668 364
-620 348
-696 362
-696 364
-728 380
-704 372
-720 374
-704 374
-680 364
-740 382
-656 356
-660 356
-596 328
-616 332
-612 330
-584 318
-580 310
-612 304
-604 292
-580 288
-572 300
-620 326
-604 320
-576 316
-592 316
-544 308
-608 324
-612 324
-608 326
-584 320
-568 306
-628 324
-628 312
-596 328
-612 328
-580 308
-588 320
-656 338
-628 338
-612 336
-624 338
-684 364
-664 352
-612 336
-608 338
-576 318
-604 324
-616 338
-720 376
-712 372
-692 354
-712 370
-660 358
-644 344
-604 324
-664 356
-648 352
-624 334
-668 348
-648 348
-600 334
-572 320
-572 320
-596 320
-592 328
-620 344
-588 334
-688 368
-672 360
-696 366
-660 358
-684 362
-652 354
-660 352
-668 358
-700 364
-696 364
-684 364
-656 340
-684 356
-664 352
-648 348
-664 352
-680 358
-692 364
-644 348
-644 342
-640 338
-692 354
-688 358
-636 344
-592 314
-636 346
-652 358
-616 342
-648 350
-632 344
-624 334
-652 348
-624 338
-680 352
-640 346
-604 324
-628 332
-592 332
-640 340
-612 326
-532 300
-556 312
-588 320
-600 312
-580 316
-624 340
-656 346
-592 332
-624 332
-632 338
-628 342
-616 334
-644 346
-672 358
-684 364
-712 376
-612 328
-572 308
-592 324
-616 336
-600 320
-596 306
-564 280
-580 286
-592 266
-584 264
-612 284
-620 300
-628 306
-588 294
-584 294
-600 288
-604 278
-564 274
-568 282
-556 282
-528 276
-544 278
-564 276
-560 248
-540 238
-604 296
-572 272
-588 288
-664 316
-544 262
-504 254
-504 280
-516 294
-592 306
-632 322
-600 330
-560 302
-540 284
-528 288
-544 284
-620 322
-528 278
-548 292
-576 302
-572 294
-560 296
-572 310
-592 306
-616 282
-600 282
-616 284
-604 268
-592 276
-556 266
-568 290
-616 304
-552 286
-612 296
-612 318
-604 316
-600 306
-568 304
-588 292
-620 294
-588 254
-604 260
-608 246
-576 248
-564 220
-632 246
-552 260
-568 270
-576 290
-588 284
-612 298
-568 282
