-48 28
-312 12
-396 10
-412 18
-456 28
-464 46
-484 48
-488 64
-516 62
-552 64
-544 46
-516 58
-532 70
-568 50
-544 60
-544 76
-512 50
-556 86
-596 82
-572 84
-540 74
-532 96
-552 66
-572 76
-584 76
-560 110
-560 108
-596 130
-580 120
-568 158
-620 140
-612 144
-588 150
-600 154
-628 132
-592 130
-608 148
-604 100
-596 128
-644 140
-592 154
-592 160
-564 180
-612 208
-624 206
-628 180
-600 178
-592 192
-556 186
-564 186
-576 216
-588 222
-580 220
-520 222
-580 238
-608 232
-588 234
-588 256
-588 260
-556 244
-588 260
-576 262
-644 284
-648 302
-640 308
-672 316
-664 320
-692 336
-664 336
-700 362
-684 348
-724 366
-720 360
-708 362
-704 364
-664 356
-652 356
-664 356
-668 346
-692 360
-724 378
-708 374
-716 378
-704 374
-688 366
-676 364
-696 370
-744 384
-752 386
-748 384
-728 376
-760 382
-764 390
-716 378
-756 386
-732 380
-692 360
-676 348
-652 352
-628 338
-656 350
-704 370
-712 376
-736 382
-704 374
-728 380
-728 380
-708 368
-720 376
-708 372
-752 386
-720 378
-712 368
-732 372
-732 380
-728 378
-760 388
-756 388
-716 376
-680 362
-700 370
-708 376
-692 366
-724 380
-744 386
