-12 6
-592 272
-556 264
-480 232
-572 272
-584 284
-596 298
-608 314
-620 332
-652 330
-640 330
-620 324
-660 338
-648 320
-652 338
-620 340
-636 342
-592 324
-628 346
-648 350
-704 358
-628 336
-568 308
-572 298
-596 300
-564 302
-572 296
-556 310
-560 300
-560 306
-580 320
-640 332
-616 336
-632 340
-672 352
-648 352
-644 350
-636 336
-592 316
-624 342
-632 344
-644 346
-684 354
-608 336
-640 354
-648 346
-632 338
-616 332
-584 330
-616 340
-628 336
-612 332
-620 338
-660 356
-644 348
-620 340
-612 336
-612 326
-660 336
-628 332
-624 336
-604 328
-604 334
-644 356
-648 348
-668 358
-668 360
-632 346
-704 368
-636 336
-612 334
-652 342
-652 354
-664 358
-668 348
-608 322
-592 318
-548 298
-544 290
-552 282
-556 294
-548 278
-564 304
-580 304
-580 304
-604 304
-572 280
-552 260
-580 266
-572 242
-532 240
-528 250
-556 268
-540 260
-504 248
-528 240
-480 230
-520 216
-496 238
-532 240
-476 234
-500 254
-524 244
-532 260
-540 242
-540 256
-532 278
-568 280
-556 276
-556 282
-596 314
-568 304
-592 312
-608 326
-656 350
-656 342
-636 328
-604 320
-600 312
-568 320
-612 334
-544 310
-568 314
-584 324
-628 332
-588 316
-604 316
-624 326
-628 332
-620 330
-656 340
-636 336
-620 324
-596 328
-624 338
-624 338
-604 324
-624 340
-620 326
-648 346
-660 342
-596 324
-592 318
-636 334
-592 324
-568 308
-604 322
-584 316
-600 310
-592 300
-548 272
-588 298
-584 284
-604 272
-564 266
-548 266
-572 290
-580 286
-612 304
-604 296
-592 304
-580 284
-584 292
-628 300
-608 286
-576 272
-608 280
-584 274
-624 296
-588 288
-600 302
-564 292
-576 308
-552 280
-548 280
-560 300
-604 320
-628 328
-568 298
-604 332
-564 314
-592 326
-596 324
-608 328
-664 360
-668 358
-696 368
-668 352
-612 332
-552 306
-576 318
-568 314
-596 312
-592 312
-584 322
-544 310
-552 300
-576 292
-544 290
-520 268
-552 290
-604 320
-600 324
-608 328
-628 332
-588 316
-600 318
-572 302
-660 342
-656 342
-660 336
-664 328
-628 330
-600 312
-580 308
-528 284
-604 308
-636 332
-640 326
-588 292
-536 274
-524 256
-572 296
-580 302
-628 328
-640 326
-612 320
-648 324
-612 302
-552 258
-568 270
-548 280
-580 274
-568 272
-580 268
-564 268
-552 268
-572 278
-552 266
-564 288
-552 280
-500 214
-516 210
-544 202
-536 210
-552 202
-580 226
-552 218
-528 218
-496 228
-504 240
-496 236
-560 260
-588 262
-576 238
-544 226
-592 244
-568 218
-520 208
-568 240
-488 220
-480 204
-520 234
-524 232
-496 224
-504 242
-536 242
-504 246
-520 232
-540 216
-560 190
-500 172
-536 166
-428 126
-444 154
-424 148
-396 166
-412 160
-472 198
-476 178
-492 154
-472 174
-524 200
-492 174
-524 216
-512 216
-568 232
-560 252
-524 258
-584 290
-576 296
-600 320
-616 320
-632 324
-608 322
-600 318
-608 320
-604 328
-628 344
-628 338
-628 324
-604 330
-604 324
-640 330
-592 318
-568 312
-628 316
-624 322
-592 308
-616 334
-644 342
-588 320
-600 324
-620 328
-604 320
-568 306
-600 306
-596 292
-568 288
-528 280
-504 274
-504 254
-564 298
-640 322
-636 336
-644 342
-644 354
-624 346
-600 320
-628 330
-612 314
-580 310
-592 318
-584 312
-604 304
-600 300
-624 302
-588 268
-560 238
-588 258
-520 232
-544 246
-556 248
-584 270
-552 262
-568 294
-556 296
-584 322
-596 312
-620 334
-600 320
-572 304
-528 282
-540 286
-552 294
-544 290
-552 286
-548 280
-568 294
-568 298
-568 294
-624 320
-596 314
-540 308
-540 304
-604 324
-560 306
-612 326
-644 324
-580 296
-584 298
-596 282
-548 276
-520 278
-576 310
-560 318
-548 290
-568 296
-548 276
-456 234
-476 216
-460 182
-452 176
-512 200
-504 210
-512 188
-556 212
-528 208
-508 176
-568 216
-576 214
-536 210
-544 216
-560 210
-512 194
-492 178
-500 174
-468 188
-504 194
-512 194
-528 222
-540 274
-604 282
-576 270
-592 266
-608 266
-556 262
-568 260
-584 274
-560 252
-584 280
-644 286
-624 298
-596 294
-528 260
-536 236
-628 266
-572 260
-500 228
-496 208
-540 222
-512 232
-564 250
-552 250
-528 232
-504 214
-508 210
-540 234
-520 210
-504 226
-472 224
-528 222
-520 238
-512 236
-492 212
-504 240
-532 250
-564 250
-552 270
-520 256
-520 254
-532 274
-552 298
-568 298
-552 290
-552 296
-528 280
-544 300
-544 286
-504 258
-544 280
-556 292
-592 324
-672 356
-648 350
-672 360
-676 362
-604 334
-568 306
-568 310
-588 300
-640 328
-580 312
-588 322
-640 338
-632 340
-612 332
-596 324
-584 322
-572 312
-604 334
-632 348
-624 338
-616 324
-588 320
-588 314
-576 308
-552 304
-580 300
-548 282
-540 266
-564 278
-556 300
-580 296
-560 284
-596 298
-604 308
-552 284
-500 282
-588 330
-592 334
-600 336
-660 352
-672 354
-628 338
-628 338
-604 304
-568 298
-580 286
-560 298
-556 314
-560 314
-600 322
-636 342
-640 340
-640 346
-636 344
-628 342
-640 348
-640 344
-648 340
-616 322
-616 318
-588 306
-552 286
-520 274
-544 268
-500 218
-488 224
-556 250
-540 240
-588 262
-588 246
-588 228
-576 198
-612 206
-560 196
-548 208
-488 176
-484 198
-492 212
-488 210
-520 216
-504 186
-512 188
-508 242
-528 250
-468 224
-448 164
-440 156
-436 138
-484 142
-492 152
-492 124
-488 126
-520 88
-524 134
-492 146
-536 190
-504 168
-484 132
-480 144
-480 140
-444 128
-468 126
-460 112
-484 136
-512 140
-472 130
-520 130
-488 158
-540 192
-568 202
-596 196
-556 206
-572 200
-576 190
-576 198
-552 200
-548 218
-532 194
-504 186
-504 192
-508 198
-552 226
-492 200
-524 226
-516 244
-604 268
-592 248
-476 220
-560 230
-532 246
-588 258
-576 242
-544 228
-504 222
-516 228
-496 214
-504 208
-560 228
-536 202
-500 200
-512 198
-480 178
-472 174
-504 184
-480 196
-520 230
-484 220
-524 270
-528 288
-556 292
-544 286
-544 294
-600 312
-640 334
-636 334
-596 322
-596 328
-616 332
-572 310
-532 296
-504 254
-472 222
-468 220
-464 246
-544 276
-580 286
-532 276
-548 290
-560 286
-560 304
-496 262
-488 280
-544 304
-500 272
-560 302
-592 306
-580 308
-544 262
-544 264
-572 292
-596 310
-628 330
-652 338
-636 330
-568 302
-516 266
-532 270
-540 286
-492 260
-484 252
-472 252
-524 266
-604 294
-600 300
-580 312
-580 324
-620 340
-648 356
-604 336
-640 346
-656 358
-636 350
-612 338
-656 342
-672 356
-664 358
-712 370
-680 364
-708 372
-660 358
-604 322
-584 322
-540 274
-512 268
-548 262
-532 258
-524 240
-496 212
-544 240
-576 246
-560 262
-540 258
-556 262
-532 290
-580 306
-548 278
-592 312
-604 334
-604 330
-592 324
-600 318
-612 324
-612 338
-536 310
-604 340
-588 330
-624 340
-576 308
-564 308
-572 312
-612 338
-604 328
-596 322
-628 330
-612 326
-600 318
-616 328
-604 320
-608 326
-580 304
-576 308
-556 290
-548 296
-488 248
-484 268
-532 294
-580 332
-624 338
-604 320
-532 290
-528 280
-516 266
-612 314
-648 344
-652 348
-672 356
-688 362
-716 370
-708 376
-632 350
-596 334
-568 318
-592 312
-572 292
-600 304
-604 310
-596 318
-608 332
-624 338
-576 310
-600 322
-580 318
-608 318
-608 324
-616 338
-668 362
-668 358
-680 356
-664 342
-620 322
-584 306
-580 316
-552 300
-572 308
-516 290
-556 298
-588 306
-600 300
-568 298
-568 288
-544 288
-592 292
-508 256
-496 242
-516 252
-516 268
-524 260
-516 250
-524 284
-528 264
-552 284
-560 300
-620 322
-628 318
-636 324
-660 334
-600 308
-552 292
-560 256
-572 262
-524 242
-512 224
-488 214
-484 228
-532 220
-492 206
-472 208
-544 252
-548 250
-572 260
-588 294
-548 288
-604 312
-608 308
-548 294
-620 310
-624 302
-576 294
-512 276
-520 286
-552 300
-616 328
-600 316
-632 330
-612 314
-552 306
-612 318
-596 332
-616 328
-616 328
-616 336
-648 348
-604 326
-664 358
-620 342
-632 340
-580 316
-560 280
-536 270
-536 258
-560 256
-524 260
-500 264
-508 256
-556 264
-624 300
-600 300
-608 310
-612 306
-576 290
-552 286
-600 318
-588 302
-544 276
-580 292
-572 306
-564 272
-528 276
-532 288
-560 310
-600 332
-612 344
-576 324
-576 326
-600 330
-556 292
-536 296
-532 282
-532 278
-540 282
-580 312
-576 316
-576 320
-588 318
-636 334
-612 336
-560 296
-540 290
-556 292
-592 300
-544 276
-512 266
-508 248
-532 244
-572 270
-588 280
-588 286
-604 312
-584 302
-596 318
-588 326
-608 332
-640 342
-640 354
-684 368
-688 370
-724 380
-696 366
-688 368
-648 352
-604 320
-556 292
-568 294
-584 286
-632 298
-580 304
-560 286
-564 282
-564 298
-580 292
-596 284
-596 278
-620 282
-608 282
-588 284
-592 292
-552 290
-552 288
-540 260
-568 268
-588 286
-600 286
-588 272
-560 272
-556 260
-516 264
-564 286
-564 292
-616 312
-584 312
-564 318
-588 326
-564 306
-600 318
-592 298
-552 286
-536 264
-536 252
-512 222
-536 216
-508 200
-492 192
-512 202
-536 226
-576 250
-532 230
-548 226
-520 184
-520 162
-532 176
-548 164
-504 170
-480 194
-480 206
-508 192
-520 182
-516 202
-520 204
-528 196
-560 222
-552 228
-560 234
-584 190
-520 152
-488 172
-536 184
-524 220
-548 242
-572 260
-552 244
-600 266
-572 266
-568 278
-552 258
-520 246
-572 268
-576 262
-588 264
-584 272
-524 252
-564 274
-584 294
-596 298
-560 292
-572 280
-568 262
-584 288
-584 290
-620 302
-628 314
-588 320
-588 306
-588 316
-564 300
-544 288
-552 272
-568 276
-544 276
-520 254
-564 266
-576 256
-604 278
-556 252
-620 270
-596 274
-544 268
-564 270
-568 286
-564 292
-556 292
-520 242
-516 238
-528 232
-520 248
-544 256
-596 276
-596 264
-568 272
-608 282
-576 288
-584 286
-580 288
-588 296
-620 318
-604 314
-640 338
-612 320
