0 14
-328 12
-500 26
-568 38
-620 30
-640 42
-640 36
-632 44
-664 24
-664 20
-664 28
-668 44
-672 50
-672 64
-672 82
-672 74
-688 60
-692 62
-680 60
-680 56
-688 50
-692 58
-692 52
-692 40
-692 46
-688 48
-688 40
-688 26
-692 32
-692 42
-688 52
-688 56
-692 46
-700 42
-696 54
-696 56
-692 56
-688 66
-692 78
-696 86
-696 90
-692 76
-704 68
-704 86
-696 90
-688 108
-696 110
-688 100
-680 96
-688 116
-696 116
-696 122
-700 128
-700 130
-688 124
-688 102
-684 98
-692 98
-704 92
-704 106
-704 112
-704 112
-696 92
-692 94
-692 100
-692 100
-696 108
-696 110
-696 122
-688 114
-684 118
-692 116
-696 138
-696 148
-688 152
-696 138
-696 154
-704 162
-704 158
-696 154
-692 154
-700 148
-700 144
-700 136
-704 144
-688 144
-688 158
-680 164
-680 158
-700 174
-704 176
-696 188
-692 210
-692 206
-688 236
-688 228
-692 230
-684 248
-696 248
-696 260
-696 274
-700 284
-700 294
-688 290
-692 304
-704 318
-712 338
-728 348
-732 352
-760 368
-764 374
-764 382
-764 382
-776 392
-784 396
-800 400
-800 400
-800 400
-800 400
-800 400
-800 400
-800 400
-800 400
-800 400
-800 400
-800 400
-800 400
-800 400
-800 400
-800 400
-800 400
-800 400
-800 400
-800 400
-800 400
-800 400
-800 400
-800 400
-800 400
-800 400
-800 400
-800 400
-800 400
-800 400
-800 400
-800 400
-800 400
-800 400
-792 398
-792 398
-800 400
-800 400
-800 400
-800 400
-800 400
-800 400
-800 400
-800 400
-800 400
-800 400
-800 400
-800 400
-800 400
-800 400
-800 400
-792 398
-800 400
-800 400
-800 400
-800 400
-800 400
-800 400
-800 400
-800 400
-800 400
-800 400
-800 400
-800 400
-800 400
-800 400
-800 400
-800 400
-800 400
-800 400
-800 400
-800 400
-800 400
-800 400
-800 400
-800 400
-800 400
-792 398
-800 400
-800 400
-800 400
-800 400
-800 400
-800 400
-800 400
-800 400
-792 398
-792 398
-800 400
-800 400
-800 400
-800 400
-800 400
-800 400
-800 400
-800 400
-800 400
-792 398
-800 400
-800 400
-800 400
-800 400
-800 400
-800 400
-800 400
-800 400
-800 400
-800 400
-800 400
-800 400
-800 400
-800 400
-800 400
-800 400
-800 400
-800 400
-800 400
-800 400
-800 400
-800 400
-800 400
-800 400
-800 400
-800 400
-800 400
-800 400
-800 400
-800 400
-800 400
-800 400
-800 400
-800 400
-800 400
-800 400
-800 400
-800 400
-800 400
-800 400
-800 400
-800 400
-800 400
-800 400
-800 400
-800 400
-792 398
-784 396
-788 396
-792 398
-800 400
-800 400
-800 400
-800 400
-800 400
-800 400
-800 400
-800 400
-800 400
-800 400
-800 400
-792 398
-792 398
-800 400
-800 400
-800 400
-800 400
-800 400
-800 400
-800 400
-800 400
-800 400
-800 400
-800 400
-800 400
-800 400
-800 400
-800 400
-792 398
-800 400
-800 400
-792 398
-792 398
-792 398
-792 398
-800 400
-800 400
-800 400
-800 400
-800 400
-800 400
-800 400
-800 400
-800 400
-800 400
-800 400
-800 400
-800 400
-792 398
-800 400
-784 396
-800 400
-800 400
-800 400
-800 400
-800 400
-800 400
-800 400
-800 400
-800 400
-800 400
-800 400
-800 400
-800 400
-800 400
-800 400
-800 400
-800 400
-800 400
-800 400
-800 400
-800 400
-800 400
-800 400
-800 400
-800 400
-800 400
-800 400
-800 400
-800 400
-800 400
-800 400
-800 400
-800 400
-800 400
-800 400
-800 400
-800 400
-800 400
-800 400
-800 400
-800 400
-800 400
-800 400
-800 400
-788 396
-792 398
-800 400
-800 400
-800 400
-800 400
-800 400
-800 400
-800 400
-800 400
-800 400
-784 396
-776 394
-800 400
-800 400
-800 400
-800 400
-800 400
-800 400
-800 400
-800 400
-800 400
-792 398
-800 400
-800 400
-800 400
-800 400
-800 400
-800 400
-800 400
-800 400
-800 400
-800 400
-800 400
-800 400
-800 400
-800 400
-800 400
-800 400
-800 400
-792 398
-800 400
-800 400
-800 400
-800 400
-792 398
-792 398
-800 400
-800 400
-800 400
-800 400
-800 400
-800 400
-800 400
-800 400
-800 400
-800 400
-800 400
-800 400
-792 398
-792 398
-792 398
-792 398
-800 400
-800 400
-800 400
-800 400
-800 400
-788 396
-788 396
-788 396
-800 400
-800 400
-800 400
-800 400
-800 400
-800 400
-800 400
-800 400
-800 400
-800 400
-800 400
-800 400
-800 400
-800 400
-792 398
-792 398
-800 400
-792 398
-800 400
-800 400
-800 400
-800 400
-800 400
-800 400
-800 400
-800 400
-800 400
-792 398
-792 398
-792 398
-800 400
-800 400
-800 400
-800 400
-800 400
-800 400
-800 400
-800 400
-800 400
-800 400
-800 400
-800 400
-800 400
-800 400
-800 400
-800 400
-800 400
-800 400
-792 398
-800 400
-800 400
-800 400
-800 400
-800 400
-800 400
-792 398
-792 398
-800 400
-800 400
-800 400
-792 398
-800 400
-800 400
-800 400
-800 400
-800 400
-800 400
-800 400
-800 400
-800 400
-800 400
-800 400
-800 400
-800 400
-792 398
-800 400
-800 400
-800 400
-800 400
-800 400
-800 400
-800 400
-800 400
-800 400
-800 400
-800 400
-792 398
-792 398
-792 398
-792 398
-792 398
-792 398
-792 398
-792 398
-792 398
-800 400
-800 400
-800 400
-800 400
-800 400
-800 400
-800 400
-800 400
-800 400
-800 400
-800 400
-800 400
-800 400
-800 400
-800 400
-800 400
-800 400
-800 400
-800 400
-792 398
-792 398
-792 398
-800 400
-800 400
-800 400
-800 400
-800 400
-800 400
-800 400
-792 398
-800 400
-800 400
-792 398
-800 400
-800 400
-800 400
-800 400
-792 398
-800 400
-800 400
-800 400
-800 400
-800 400
-800 400
-800 400
-800 400
-800 400
-800 400
-800 400
-800 400
-800 400
-800 400
-800 400
-800 400
-792 398
-800 400
-800 400
-800 400
-800 400
-792 398
-800 400
-800 400
-800 400
-800 400
-800 400
-800 400
-800 400
-800 400
-800 400
-800 400
-800 400
-800 400
-800 400
-800 400
-800 400
-800 400
-800 400
-800 400
-800 400
-800 400
-800 400
-800 400
-792 398
-800 400
-800 400
-800 400
-792 398
-800 400
-800 400
-800 400
-800 400
-800 400
-800 400
-800 400
-800 400
-792 398
-800 400
-800 400
-792 398
-800 400
-800 400
-800 400
-800 400
-800 400
-800 400
-800 400
-800 400
-800 400
-800 400
-800 400
-792 398
-800 400
-800 400
-800 400
-792 398
-800 400
-800 400
-800 400
-800 400
-800 400
-800 400
-800 400
-800 400
-800 400
-800 400
-800 400
-792 398
-792 398
-780 394
-784 396
-792 398
-800 400
-800 400
-800 400
-800 400
-800 400
-800 400
-800 400
-800 400
-800 400
-800 400
-800 400
-800 400
-800 400
-800 400
-800 400
-800 400
-800 400
-800 400
-792 398
-792 398
-792 398
-792 398
-800 400
-800 400
-800 400
-800 400
-800 400
-800 400
-800 400
-800 400
-800 400
-792 398
-800 400
-800 400
-800 400
-800 400
-800 400
-792 398
-800 400
-800 400
-800 400
-800 400
-800 400
-800 400
-792 398
-800 400
-800 400
-800 400
-800 400
-800 400
-800 400
-792 398
-800 400
-800 400
-800 400
-800 400
-800 400
-800 400
-800 400
-800 400
-800 400
-800 400
-800 400
-800 400
-800 400
-800 400
-800 400
-800 400
-800 400
-800 400
-800 400
-800 400
-800 400
-800 400
-800 400
-800 400
-800 400
-800 400
-800 400
-800 400
-792 398
-788 396
-792 398
-800 400
-800 400
-800 400
-792 398
-784 396
-792 398
-800 400
-800 400
-800 400
-800 400
-800 400
-800 400
-800 400
-800 400
-800 400
-800 400
-800 400
-800 400
-800 400
-800 400
-800 400
-800 400
-800 400
-800 400
-800 400
-800 400
-800 400
-800 400
-800 400
-800 400
-800 400
-800 400
-800 400
-800 400
-800 400
-800 400
-800 400
-800 400
-800 400
-800 400
-800 400
-800 400
-800 400
-800 400
-800 400
-800 400
-800 400
-800 400
-800 400
-800 400
-800 400
-800 400
-800 400
-800 400
-800 400
-792 398
-800 400
-800 400
-800 400
-792 398
-800 400
-800 400
-800 400
-800 400
-800 400
-800 400
-800 400
-800 400
-800 400
-800 400
-800 400
-800 400
-800 400
-800 400
-800 400
-800 400
-800 400
-792 398
-788 396
-800 400
-800 400
-800 400
-800 400
-800 400
-800 400
-800 400
-800 400
-800 400
-800 400
-800 400
-800 400
-800 400
-792 398
-800 400
-800 400
-800 400
-800 400
-800 400
-800 400
-800 400
-800 400
-800 400
-800 400
-800 400
-800 400
-800 400
-800 400
-800 400
-800 400
-800 400
-800 400
-800 400
-800 400
-800 400
-800 400
-800 400
-792 398
-792 398
-800 400
-800 400
-800 400
-800 400
-800 400
-800 400
-800 400
-800 400
-792 398
-800 400
-792 398
-792 398
-800 400
-800 400
-800 400
-800 400
-800 400
-800 400
-800 400
-800 400
-800 400
-800 400
-792 398
-800 400
-800 400
-800 400
-800 400
-800 400
-800 400
-800 400
-800 400
-800 400
-800 400
-800 400
-800 400
-792 398
-792 398
-792 398
-792 398
-792 398
-792 398
-792 398
-800 400
-800 400
-800 400
-800 400
-800 400
-800 400
-792 398
-800 400
-800 400
-800 400
-800 400
-800 400
-800 400
-800 400
-800 400
-800 400
-800 400
-800 400
-800 400
-800 400
-800 400
-800 400
-792 398
-792 398
-800 400
-800 400
-792 398
-792 398
-788 396
-800 400
-800 400
-800 400
-800 400
-800 400
-800 400
-800 400
-800 400
-792 398
-800 400
-800 400
-800 400
-800 400
-800 400
-800 400
-800 400
-800 400
-800 400
-800 400
-800 400
-800 400
-800 400
-800 400
-800 400
-800 400
-800 400
-800 400
-800 400
-800 400
-800 400
-800 400
-800 400
-800 400
-800 400
-800 400
-800 400
-800 400
-800 400
-800 400
-800 400
-800 400
-800 400
-800 400
-800 400
-800 400
-800 400
-800 400
-792 398
-800 400
-800 400
-800 400
-800 400
-800 400
-800 400
-800 400
-800 400
-800 400
-800 400
-800 400
-800 400
-800 400
-792 398
-800 400
-800 400
-800 400
-800 400
-800 400
-800 400
-800 400
-792 398
-800 400
-800 400
-792 398
-792 398
-800 400
-800 400
-800 400
-800 400
-800 400
-800 400
-800 400
-800 400
-800 400
-792 398
-792 398
-792 398
-792 398
-792 398
-800 400
-800 400
-800 400
-800 400
-800 400
-800 400
-800 400
-800 400
-800 400
-800 400
-792 398
-800 400
-800 400
-800 400
-800 400
-800 400
-800 400
-800 400
-800 400
-800 400
-800 400
-800 400
-800 400
-800 400
-800 400
-792 398
-800 400
-800 400
-800 400
-800 400
-800 400
-800 400
-800 400
-800 400
-800 400
-800 400
-800 400
-800 400
-800 400
-800 400
-800 400
-800 400
-792 398
-800 400
-800 400
-800 400
-800 400
-800 400
-800 400
-800 400
-800 400
-800 400
-800 400
-800 400
-800 400
-800 400
-800 400
-800 400
-800 400
-800 400
-800 400
-800 400
-800 400
-800 400
-800 400
-800 400
-800 400
-800 400
-800 400
-800 400
-792 398
-800 400
-792 398
-800 400
-800 400
-800 400
-800 400
-800 400
-792 398
-792 398
-800 400
-800 400
-800 400
-800 400
-800 400
-800 400
-792 398
-792 398
-800 400
-800 400
-800 400
-800 400
-800 400
-800 400
-800 400
-800 400
-800 400
-800 400
-800 400
-800 400
-800 400
-800 400
-800 400
-800 400
-800 400
-800 400
-800 400
-800 400
-800 400
-800 400
-800 400
-800 400
-800 400
-800 400
-800 400
-800 400
-800 400
-800 400
-800 400
-800 400
-800 400
-800 400
-800 400
-800 400
-800 400
-800 400
-800 400
-792 398
-792 398
-792 398
-792 398
-792 398
-800 400
-800 400
-800 400
-800 400
-800 400
-800 400
-800 400
-800 400
-800 400
-800 400
-800 400
-800 400
-800 400
-800 400
-792 398
-800 400
-800 400
-800 400
-800 400
-800 400
-800 400
-800 400
-800 400
-800 400
-800 400
-792 398
-792 398
-792 398
-800 400
-800 400
-800 400
-800 400
-800 400
-800 400
-800 400
-800 400
-800 400
-800 400
-800 400
-800 400
-800 400
-800 400
-792 398
-800 400
-800 400
-800 400
-784 396
-792 398
-792 398
-784 396
-792 398
-800 400
-800 400
-800 400
-800 400
-800 400
-800 400
-800 400
-792 398
-800 400
-800 400
-800 400
-800 400
-792 398
-800 400
-800 400
-800 400
-800 400
-800 400
-800 400
-800 400
-800 400
-800 400
-800 400
-800 400
-800 400
-800 400
-800 400
-800 400
-800 400
-800 400
-800 400
-800 400
-800 400
-800 400
-800 400
-800 400
-800 400
-800 400
-800 400
-800 400
-800 400
-800 400
-800 400
-800 400
-800 400
-800 400
-800 400
-800 400
-800 400
-800 400
-800 400
-800 400
-800 400
-800 400
-800 400
-800 400
-800 400
-800 400
-800 400
-800 400
-800 400
-800 400
-800 400
-800 400
-800 400
-800 400
-800 400
-800 400
-800 400
-800 400
-800 400
-800 400
-800 400
-800 400
-800 400
-800 400
-792 398
-800 400
-800 400
-800 400
-800 400
-792 398
-792 398
-800 400
-800 400
-800 400
-800 400
-800 400
-800 400
-800 400
-800 400
-792 398
-800 400
-800 400
-800 400
-800 400
-800 400
-800 400
-800 400
-800 400
-784 396
-792 398
-792 398
-792 398
-792 398
-800 400
-800 400
-800 400
-800 400
-800 400
-800 400
-800 400
-800 400
-800 400
-800 400
-800 400
-800 400
-800 400
-792 398
-800 400
-800 400
-800 400
-800 400
-800 400
-792 398
-784 396
-800 400
-800 400
-800 400
-800 400
-800 400
-800 400
-800 400
-800 400
-800 400
-800 400
-800 400
-800 400
-800 400
-800 400
-800 400
-800 400
-792 398
-792 398
-792 398
-792 398
-792 398
-800 400
-800 400
-800 400
-800 400
-800 400
-800 400
-800 400
-800 400
-800 400
-800 400
-800 400
-800 400
-800 400
-800 400
-800 400
-800 400
-800 400
-800 400
-800 400
-800 400
-800 400
-800 400
-800 400
-800 400
-800 400
-800 400
-800 400
-800 400
-800 400
-800 400
-800 400
-800 400
-800 400
-792 398
-800 400
-800 400
-800 400
-800 400
-800 400
-800 400
-800 400
-800 400
-800 400
-800 400
-800 400
-800 400
-800 400
-800 400
-800 400
-800 400
-800 400
-800 400
-800 400
-800 400
-800 400
-800 400
-800 400
-800 400
-800 400
-800 400
-800 400
-800 400
-800 400
-800 400
-800 400
-800 400
-800 400
-800 400
-800 400
-800 400
-800 400
-800 400
-800 400
-800 400
-784 396
-784 396
-800 400
-800 400
-800 400
-800 400
-800 400
-792 398
-800 400
-800 400
-800 400
-800 400
-800 400
-800 400
-800 400
-800 400
-800 400
-800 400
-800 400
-800 400
-800 400
-800 400
-800 400
-800 400
-800 400
-800 400
-800 400
-800 400
-800 400
-800 400
-800 400
-800 400
-800 400
-800 400
-800 400
-800 400
-800 400
-800 400
-800 400
-800 400
-800 400
-800 400
-800 400
-800 400
-800 400
-800 400
-800 400
-800 400
-792 398
-800 400
-800 400
-800 400
-800 400
-800 400
-800 400
-792 398
-800 400
-800 400
-800 400
-800 400
-800 400
-800 400
-800 400
-800 400
-800 400
-800 400
-800 400
-800 400
-792 398
-792 398
-800 400
-800 400
-800 400
-800 400
-800 400
-800 400
-800 400
-800 400
-800 400
-800 400
-800 400
-800 400
-800 400
-800 400
-800 400
-800 400
-800 400
-800 400
-800 400
-800 400
-800 400
-800 400
-800 400
-800 400
-800 400
-800 400
-800 400
-800 400
-800 400
-800 400
-800 400
-800 400
-800 400
-800 400
-800 400
-800 400
-800 400
-800 400
-800 400
-800 400
-792 398
-800 400
-800 400
-800 400
-800 400
-800 400
-800 400
-800 400
-800 400
-800 400
-792 398
-800 400
-800 400
-800 400
-800 400
-800 400
-800 400
-800 400
-800 400
-800 400
-800 400
-800 400
-800 400
-800 400
-800 400
-800 400
-800 400
-800 400
-800 400
-800 400
-792 398
-800 400
-800 400
-792 398
-792 398
-800 400
-800 400
-800 400
-800 400
-800 400
-800 400
-800 400
-800 400
-800 400
-800 400
-800 400
-800 400
-792 398
-792 398
-800 400
-800 400
-800 400
-792 398
-792 398
-792 398
-800 400
-800 400
-792 398
-792 398
-800 400
-800 400
-792 398
-800 400
-800 400
-800 400
-800 400
-800 400
-792 398
-800 400
-800 400
-800 400
-800 400
-800 400
-800 400
-800 400
-800 400
-800 400
-800 400
-792 398
-792 398
-800 400
-800 400
-800 400
-800 400
-800 400
-800 400
-800 400
-800 400
-800 400
-800 400
-800 400
-800 400
-800 400
-800 400
-800 400
-800 400
-800 400
-800 400
-800 400
-800 400
-800 400
-800 400
-800 400
-792 398
-792 398
-792 398
-792 398
-800 400
-800 400
-800 400
-800 400
-800 400
-800 400
-800 400
-800 400
-800 400
-800 400
-800 400
-800 400
-800 400
-792 398
-792 398
-800 400
-800 400
-800 400
-800 400
-800 400
-800 400
-800 400
-800 400
-800 400
-800 400
-800 400
-792 398
-792 398
-800 400
-800 400
-800 400
-800 400
-800 400
-800 400
-800 400
-800 400
-800 400
-800 400
-800 400
-800 400
-800 400
-800 400
-800 400
-800 400
-800 400
-800 400
-800 400
-800 400
-800 400
-800 400
-800 400
-800 400
-800 400
-800 400
-800 400
-800 400
-800 400
-800 400
-800 400
-800 400
-800 400
-800 400
-800 400
-792 398
-800 400
-800 400
-800 400
-792 398
-800 400
-800 400
-792 398
-800 400
-800 400
-800 400
-800 400
-800 400
-800 400
-800 400
-800 400
-800 400
-800 400
-800 400
-800 400
-800 400
-800 400
-800 400
-792 398
-792 398
-800 400
-800 400
-792 398
-792 398
-800 400
-800 400
-800 400
-800 400
-800 400
-800 400
-800 400
-800 400
-792 398
-800 400
-800 400
-792 398
-800 400
-800 400
-800 400
-800 400
-800 400
-800 400
-800 400
-800 400
-800 400
-800 400
-800 400
-800 400
-800 400
-800 400
-800 400
-800 400
-800 400
-800 400
-800 400
-800 400
-800 400
-800 400
-800 400
-800 400
-800 400
-792 398
-792 398
-792 398
-800 400
-800 400
-800 400
-800 400
-792 398
-792 398
-800 400
-800 400
-792 398
-800 400
-800 400
-800 400
-800 400
-800 400
-800 400
-800 400
-800 400
-800 400
-800 400
-800 400
-800 400
-800 400
-800 400
-800 400
-800 400
-800 400
-800 400
-800 400
-800 400
-800 400
-800 400
-800 400
-800 400
-800 400
-800 400
-800 400
-800 400
-800 400
-792 398
-800 400
-792 398
-792 398
-800 400
-800 400
-800 400
-800 400
-792 398
-792 398
-800 400
-800 400
-800 400
-800 400
-800 400
-800 400
-800 400
-800 400
-800 400
-800 400
-800 400
-800 400
-800 400
-800 400
-800 400
-800 400
-800 400
-800 400
-800 400
-800 400
-800 400
-792 398
-792 398
-800 400
-800 400
-800 400
-800 400
-800 400
-800 400
-800 400
-800 400
-800 400
-800 400
-792 398
-792 398
-792 398
-784 396
-792 398
-792 398
-792 398
-792 398
-800 400
-800 400
-800 400
-800 400
-800 400
-800 400
-800 400
-800 400
-800 400
-800 400
-800 400
-800 400
-800 400
-800 400
-800 400
-800 400
-800 400
-800 400
-788 396
-792 398
-792 398
-800 400
-800 400
-800 400
-800 400
-800 400
-800 400
-800 400
-792 398
-792 398
-800 400
-800 400
-792 398
-792 398
-800 400
-800 400
-800 400
-800 400
-800 400
-800 400
-800 400
-800 400
-792 398
-800 400
-800 400
-800 400
-800 400
-800 400
-800 400
-800 400
-784 396
-792 398
-792 398
-800 400
-800 400
-800 400
-800 400
-800 400
-800 400
-800 400
-800 400
-800 400
-800 400
-800 400
-800 400
-800 400
-800 400
-800 400
-800 400
-800 400
-800 400
-792 398
-800 400
-800 400
-800 400
-800 400
-800 400
-800 400
-800 400
-800 400
-800 400
-800 400
-800 400
-800 400
-800 400
-800 400
-800 400
-800 400
-800 400
-800 400
-800 400
-800 400
-800 400
-800 400
-792 398
-792 398
-800 400
-800 400
-792 398
-792 398
-800 400
-792 398
-800 400
-792 398
-792 398
-800 400
-800 400
-800 400
-800 400
-800 400
-800 400
-800 400
-800 400
-800 400
-800 400
-800 400
-800 400
-800 400
-800 400
-800 400
-800 400
-800 400
-800 400
-800 400
-800 400
-800 400
-800 400
-800 400
-800 400
-800 400
-800 400
-800 400
-800 400
-792 398
-800 400
-800 400
-800 400
-800 400
-800 400
-800 400
-792 398
-800 400
-800 400
-800 400
-800 400
-800 400
-800 400
-792 398
-800 400
-800 400
-800 400
-800 400
-800 400
-800 400
-800 400
-800 400
-800 400
-800 400
-800 400
-800 400
-800 400
-800 400
-800 400
-800 400
-800 400
-800 400
-800 400
-792 398
-792 398
-800 400
-800 400
-800 400
-800 400
-800 400
-800 400
-800 400
-800 400
-792 398
-800 400
-792 398
-800 400
-800 400
-800 400
-800 400
-784 396
-792 398
-800 400
-800 400
-800 400
-800 400
-800 400
-800 400
-800 400
-792 398
-792 398
-792 398
-800 400
-800 400
-800 400
-800 400
-800 400
-800 400
-792 398
-800 400
-800 400
-800 400
-800 400
-784 396
-784 396
-800 400
-800 400
-800 400
-800 400
-800 400
-800 400
-800 400
-800 400
-800 400
-792 398
-800 400
-800 400
-792 398
-792 398
-800 400
-792 398
-800 400
-800 400
-800 400
-800 400
-800 400
-792 398
-800 400
-800 400
-800 400
-800 400
-800 400
-800 400
-800 400
-800 400
-800 400
-800 400
-792 398
-800 400
-800 400
-800 400
-800 400
-800 400
-800 400
-800 400
-800 400
-800 400
-800 400
-800 400
-800 400
-800 400
-788 396
-792 398
-800 400
-800 400
-800 400
-800 400
-800 400
-800 400
-800 400
-800 400
-792 398
-792 398
-784 396
-792 398
-784 396
-800 400
-800 400
-800 400
-800 400
-800 400
-800 400
-800 400
-800 400
-792 398
-792 398
-800 400
-784 396
-792 398
-792 398
-792 398
-800 400
-800 400
-800 400
-800 400
-800 400
-800 400
-792 398
-792 398
-800 400
-792 398
-792 398
-800 400
-800 400
-800 400
-800 400
-800 400
-792 398
-800 400
-800 400
-800 400
-800 400
-800 400
-800 400
-792 398
-800 400
-800 400
-800 400
-800 400
-800 400
-800 400
-800 400
-800 400
-800 400
-800 400
-800 400
-800 400
-800 400
-800 400
-800 400
-800 400
-792 398
-800 400
-800 400
-800 400
-800 400
-800 400
-792 398
-792 398
-800 400
-800 400
-800 400
-800 400
-800 400
-800 400
-800 400
-792 398
-800 400
-800 400
-800 400
-800 400
-800 400
-800 400
-800 400
-800 400
-800 400
-792 398
-800 400
-800 400
-800 400
-800 400
-800 400
-800 400
-800 400
-792 398
-800 400
-800 400
-800 400
-800 400
-800 400
-800 400
-800 400
-800 400
-800 400
-800 400
-800 400
-800 400
-800 400
-792 398
-784 396
-792 398
-800 400
-800 400
-800 400
-800 400
-800 400
-800 400
-800 400
-800 400
-800 400
-800 400
-800 400
-784 396
-776 394
-800 400
-800 400
-800 400
-800 400
-800 400
-800 400
-800 400
-800 400
-800 400
-792 398
-792 398
-784 396
-792 398
-800 400
-800 400
-800 400
-800 400
-792 398
-800 400
-800 400
-800 400
-800 400
-800 400
-800 400
-800 400
-800 400
-792 398
-792 398
-800 400
-800 400
-800 400
-800 400
-800 400
-800 400
-800 400
-800 400
-800 400
-800 400
-800 400
-800 400
-800 400
-792 398
-800 400
-800 400
-800 400
-792 398
-800 400
-800 400
-800 400
-800 400
-800 400
-800 400
-800 400
-800 400
-800 400
-800 400
-800 400
-800 400
-800 400
-800 400
-800 400
-800 400
-800 400
-800 400
-800 400
-800 400
-800 400
-800 400
-800 400
-792 398
-800 400
-800 400
-800 400
-800 400
-800 400
-800 400
-800 400
-800 400
-800 400
-800 400
-800 400
-800 400
-800 400
-800 400
-800 400
-800 400
-800 400
-800 400
-800 400
-800 400
-800 400
-800 400
-800 400
-800 400
-800 400
-800 400
-800 400
-800 400
-800 400
-800 400
-800 400
-800 400
-800 400
-800 400
-800 400
-800 400
-800 400
-800 400
-800 400
-800 400
-800 400
-800 400
-800 400
-800 400
-800 400
-800 400
-800 400
-800 400
-800 400
-800 400
-800 400
-800 400
-792 398
-792 398
-792 398
-792 398
-792 398
-788 396
-800 400
-800 400
-800 400
-800 400
-792 398
-788 396
-792 398
-792 398
-792 398
-800 400
-800 400
-792 398
-800 400
-800 400
-800 400
-800 400
-800 400
-800 400
-800 400
-800 400
-800 400
-800 400
-800 400
-800 400
-800 400
-800 400
-800 400
-792 398
-800 400
-800 400
-800 400
-800 400
-800 400
-800 400
-800 400
-800 400
-800 400
-800 400
-800 400
-800 400
-800 400
-800 400
-800 400
-800 400
-800 400
-800 400
-800 400
-800 400
-800 400
-800 400
-800 400
-788 396
-792 398
-800 400
-800 400
-800 400
-800 400
-800 400
-792 398
-800 400
-800 400
-800 400
-800 400
-800 400
-800 400
-800 400
-800 400
-800 400
-800 400
-800 400
-800 400
-800 400
-800 400
-800 400
-800 400
-800 400
-800 400
-792 398
-800 400
-800 400
-800 400
-800 400
-800 400
-800 400
-800 400
-800 400
-800 400
-800 400
-800 400
-800 400
-792 398
-792 398
-800 400
-800 400
-800 400
-800 400
-800 400
-800 400
-800 400
-800 400
-800 400
-800 400
-800 400
-800 400
-800 400
-800 400
-800 400
-800 400
-800 400
-792 398
-800 400
-800 400
-792 398
-784 396
-792 398
-800 400
-800 400
-800 400
-800 400
-800 400
-800 400
-800 400
-800 400
-800 400
-800 400
-800 400
-800 400
-792 398
