-12 6
-252 20
-364 0
-392 4
-420 16
-396 12
-452 30
-456 44
-468 60
-472 72
-472 64
-456 60
-472 78
-496 84
-484 108
-532 88
-548 74
-520 18
-516 22
-464 22
-444 16
-444 52
-464 62
-460 54
-512 60
-444 44
-476 58
-512 32
-480 2
-492 12
-528 22
-524 18
-520 16
-520 0
-504 4
-492 22
-452 28
-480 28
-520 48
-492 44
-484 58
-516 56
-508 54
-476 30
-488 46
-500 38
-488 40
-544 22
-464 48
-500 30
-464 42
-444 20
-476 30
-492 36
-496 44
-476 22
-532 36
-552 20
-504 18
-500 22
-516 20
-468 36
-452 20
-452 2
-448 30
-488 54
-496 100
-488 96
-500 54
-460 54
-456 86
-476 94
-480 70
-512 112
-476 126
-516 96
-536 82
-492 72
-484 94
-508 108
-468 118
-484 116
-516 116
-472 102
-524 124
-496 118
-472 110
-440 82
-500 104
-496 98
-492 116
-532 150
-512 140
-544 156
-508 142
-472 146
-456 126
-480 174
-512 180
-572 196
-568 224
-568 236
-564 230
-588 244
-548 240
-544 262
-612 310
-592 294
-628 330
-624 340
-664 352
-660 352
-640 340
-636 336
-616 314
-608 300
-612 306
-692 324
-692 334
-620 318
-612 318
-628 340
-660 336
-660 344
-640 340
-600 328
-640 346
-580 310
-576 318
-556 300
-600 326
-584 314
-620 326
-612 332
-592 318
-616 316
-616 326
-640 340
-624 340
-668 354
-624 340
-660 352
-580 324
-624 348
-600 332
-648 352
-644 352
-584 316
-592 312
-608 326
-624 324
-656 334
-636 332
-644 328
-628 342
-604 336
-596 328
-608 334
-616 332
-628 324
-652 344
-648 340
-648 352
-624 342
-592 312
-632 328
-624 322
-596 308
-608 312
-600 296
-636 320
-596 312
-644 332
-620 326
-576 302
-628 334
-648 338
-620 320
-656 340
-668 350
-708 354
-640 332
-608 340
-604 326
-584 320
-624 340
-532 310
-544 294
-572 304
-608 324
-580 320
-628 326
-568 298
-604 318
-576 302
-604 328
-628 346
-616 342
-584 324
-624 340
-600 332
-612 334
-668 356
-624 334
-660 352
-656 356
-636 334
-624 322
-648 340
-636 326
-620 330
-636 346
-644 334
-628 340
-628 334
-604 330
-612 336
-604 326
-600 326
-596 328
-644 340
-660 346
-640 344
-596 322
-576 318
-568 308
-636 324
-588 326
-592 310
-588 316
-648 342
-652 340
-600 324
-616 322
-600 320
-636 328
-620 322
-632 334
-616 314
-616 318
-632 318
-652 332
-636 324
-624 340
-656 338
-620 334
-620 344
-668 348
-684 366
-628 338
-628 344
-576 310
-572 320
-564 310
-588 306
-548 294
-532 292
-592 334
-676 358
-664 356
-692 368
-660 352
-712 366
-656 354
-636 344
-628 340
-676 352
-660 356
-692 368
-700 370
-700 362
-676 360
-680 358
-640 352
-636 340
-596 324
-572 322
-612 332
-628 338
-664 350
-664 352
-680 358
-664 348
-628 340
-704 368
-692 362
-680 354
-640 346
-632 340
-648 340
-660 348
-656 348
-640 338
-696 358
-692 358
-656 356
-640 346
-632 336
-624 344
-648 350
-672 356
-636 348
-656 354
-616 332
-628 332
-648 320
-604 296
-584 266
-612 298
-592 282
-532 260
-564 270
-528 262
-528 266
-560 264
-584 280
-568 284
-580 294
-572 288
-540 298
-632 332
-624 342
-560 302
-632 328
-664 352
-640 344
-636 354
-612 330
-632 334
-608 318
-636 330
-628 336
-636 332
-672 348
-636 338
-664 338
-680 346
-696 356
-712 364
-664 350
-656 342
-636 348
-616 334
-640 348
-620 324
-572 320
-592 330
-640 342
-612 334
-620 334
-656 352
-632 334
-636 338
-640 350
-640 346
-688 362
-668 350
-596 328
-552 304
-596 300
-656 322
-608 300
-628 302
-620 290
-624 302
-564 270
-564 292
-544 266
-556 272
-588 288
-580 288
-552 272
-544 254
-552 252
-560 242
-548 258
-592 276
-544 258
-544 244
-548 250
-568 264
-580 270
-532 226
-484 184
-496 174
-504 178
-544 218
-532 196
-512 192
-568 220
-536 204
-580 228
-564 210
-524 186
-552 210
-588 234
-536 248
-576 276
-528 260
-576 312
-568 306
-604 326
-644 334
-672 344
-668 350
-616 336
-608 322
-588 314
-548 300
-600 318
-628 328
-588 312
-612 322
-632 328
-644 314
-668 336
-676 346
-632 326
-636 328
-632 320
-592 318
-572 302
-604 320
-632 328
-620 334
-620 330
-596 328
-568 294
-596 298
-564 280
-528 266
-564 280
-564 278
-568 270
-532 254
-556 262
-584 280
-572 280
-560 296
-568 294
-540 290
-596 304
-608 288
-604 294
-636 306
-660 324
-688 336
-660 326
-624 292
-620 320
-640 346
-604 328
-616 324
-608 316
-624 328
-624 328
-532 298
-556 300
-636 332
-608 326
-612 326
-620 334
-620 338
-680 364
-720 378
-660 362
-664 358
-636 348
-676 358
-704 366
-692 364
-700 366
-692 364
-712 372
-680 352
-680 350
-688 350
-680 362
-668 360
-636 344
-636 350
-624 344
-644 342
-676 360
-636 346
-676 352
-640 344
-664 346
-644 344
-636 334
-636 350
-636 346
-684 346
-628 336
-624 330
-620 330
-612 330
-640 342
-660 328
-616 308
-616 316
-612 334
-604 340
-644 346
-640 326
-620 316
-608 316
-628 320
-584 310
-612 332
-604 330
-544 306
-596 318
-616 326
-620 324
-568 302
-616 326
-636 332
-692 352
-724 372
-704 360
-648 332
-624 326
-636 324
-660 332
-636 332
-612 316
-604 306
-648 322
-656 324
-660 336
-676 354
-700 372
-692 364
-652 354
-656 354
-644 350
-680 352
-652 356
-656 360
-668 356
-684 360
-692 360
-656 338
-644 346
-628 338
-636 340
-660 350
-596 328
-616 342
-644 346
-660 356
-672 350
-644 338
-660 352
-696 368
-636 346
-636 346
-644 348
-644 344
-656 362
-684 364
-712 370
-644 350
-692 360
-656 360
-656 358
-684 370
-672 366
-676 362
-648 344
-612 332
-648 332
-668 350
-636 342
-656 352
-688 370
-660 360
-692 366
-688 366
-676 364
-708 376
-640 350
-672 358
-696 370
-696 368
-688 364
-672 356
-640 346
-628 342
-644 350
-608 336
-600 326
-592 332
-632 336
-648 338
-632 328
-632 332
-584 322
-596 322
-628 322
-608 320
-620 326
-592 306
-596 300
-544 284
-548 278
-568 298
-568 306
-564 290
-572 288
-556 296
-592 302
-588 308
-596 300
-644 318
-664 328
-676 348
-676 348
-652 344
-604 324
-644 328
-588 314
-616 328
-608 334
-688 362
-680 366
-680 364
-640 352
-632 322
-576 314
-560 306
-592 324
-608 330
-632 342
-664 352
-680 360
-668 360
-684 360
-692 370
-612 340
-696 366
-684 364
-700 374
-652 352
-676 354
-632 336
-636 342
-680 360
-648 346
-612 316
-564 308
-596 328
-588 314
-580 320
-568 322
-588 324
-652 340
-632 336
-628 324
-576 290
-516 248
-524 248
-580 272
-572 268
-556 276
-592 306
-616 316
-568 300
-588 284
-628 306
-608 294
-624 312
-560 292
-556 304
-520 296
-584 306
-572 292
-604 298
-548 266
-600 286
-632 292
-612 276
-592 284
-588 280
-576 298
-548 294
-576 288
-548 272
-548 248
-544 234
-524 216
-472 216
-532 254
-592 274
-560 276
-540 250
-584 254
-592 262
-592 246
-596 242
-592 252
-612 236
-560 220
-596 232
-608 228
-620 222
-588 218
-564 222
-508 202
-540 232
-504 222
-548 204
-532 194
-544 192
-572 174
-556 204
-540 196
-504 190
-492 204
-528 194
-520 182
-572 226
-560 244
-572 246
-572 270
-604 270
-560 262
-552 254
-532 240
-536 242
-524 222
-532 222
-516 198
-544 186
-484 160
-532 186
-532 188
-576 178
-608 192
-588 200
-608 224
-560 202
-520 188
-548 198
-568 212
-536 196
-528 190
-536 206
-528 190
-556 168
-536 150
-552 172
-540 164
-548 196
-524 198
-552 204
-524 184
-540 206
-544 248
-572 256
-588 278
-560 266
-616 278
-608 280
-632 298
-616 288
-624 288
-612 306
-604 316
-672 346
-624 332
-624 332
-648 342
-680 344
-672 346
-596 326
-604 316
-592 302
-568 296
-604 308
-600 322
-620 336
-588 328
-596 340
-656 358
-660 346
-684 352
-708 366
-672 360
-668 358
-656 354
-644 344
-604 330
-580 326
-584 330
-676 366
-648 348
-692 360
-700 364
-660 356
-652 348
-640 338
-656 332
-616 326
-632 328
-572 286
-552 270
-592 284
-612 290
-624 312
-600 302
-592 290
-584 280
-604 288
-552 258
-576 278
-628 290
-624 280
-584 244
-568 244
-608 274
-596 268
-584 294
-644 334
-600 312
-620 320
-600 302
-572 294
-552 288
-528 292
-620 316
-632 310
-660 322
-656 324
-624 316
-640 326
-652 330
-608 332
-644 340
-668 356
-728 376
-712 372
-744 384
-668 360
-636 348
-632 338
-640 336
-668 344
-600 312
-552 294
-568 304
-612 316
-640 334
-612 326
-608 326
-628 332
-640 340
-608 344
-628 350
-648 344
-612 324
-644 318
-652 322
-600 310
-616 330
-564 312
-612 318
-612 320
-636 334
-632 334
-632 346
-636 344
-604 326
-660 348
-620 342
-652 348
-636 344
-612 340
-624 340
-632 342
-660 358
-648 354
-708 370
-708 374
-764 388
-724 380
-740 382
-712 376
-744 384
-664 356
-636 340
-660 348
-608 324
-652 344
-620 342
-644 354
-708 374
-728 376
-688 356
-608 328
-564 318
-584 314
-640 328
-632 320
-628 324
-632 314
-652 328
-592 312
-620 320
-656 326
-540 276
-580 290
-616 286
-624 298
-596 276
-584 278
-596 266
-628 294
-584 292
-592 294
-632 334
-592 294
-600 308
-560 292
-568 280
-568 294
-604 320
-624 330
-636 314
-604 322
-616 324
-600 312
-596 310
-588 316
-664 350
-700 364
-664 360
-688 354
-708 362
-696 362
-708 372
-680 366
-676 356
-644 344
-652 352
-668 360
-632 344
-676 352
-688 358
-648 336
-648 332
-636 336
-600 310
-576 308
-596 326
-640 334
-636 342
-660 354
-652 352
-620 336
-612 326
-584 310
-612 326
-644 328
-664 346
-648 332
-644 338
-696 348
-684 346
-688 352
-648 334
-652 342
-680 348
-684 356
-624 328
-644 342
-616 330
-640 332
-620 326
-608 312
-520 278
-524 276
-600 286
-632 302
-600 308
-584 320
-596 310
-604 316
-576 304
-532 294
-568 304
-548 302
-600 322
-580 312
-608 312
-600 322
-620 328
-588 306
-612 308
