-1.99667 0.999123 24.9597 0.0339864 0.00356892 620 1 30000
-1.99663 0.999108 24.959 0.0328462 0.0035388 666 1.01 30000
-1.99607 0.998963 24.9521 0.0366166 0.00380516 702 1.02 30000
-1.99665 0.999117 24.9594 0.0312274 0.00340718 618 1.03 30000
-1.99545 0.9988 24.9443 0.0403168 0.00413917 756 1.04 30000
-1.99601 0.998945 24.9513 0.035297 0.00377457 780 1.05 30000
-1.99572 0.998871 24.9477 0.0367115 0.00388609 834 1.06 30000
-1.99493 0.998655 24.9375 0.0421603 0.00437447 958 1.07 30000
-1.99449 0.998548 24.9323 0.0441694 0.00450265 992 1.08 30000
-1.99443 0.998536 24.9318 0.0441868 0.00450404 1046 1.09 30000
-1.99365 0.998305 24.921 0.0497766 0.00513607 1204 1.1 30000
