-1.5485 0.789259 256.393 1.4001 3.28233 757107 2.2 100000
-1.53636 0.78159 251.385 1.39262 3.18157 774150 2.21 100000
-1.51451 0.754988 238.127 1.51609 4.56023 822775 2.22 100000
-1.49914 0.743246 231.245 1.55678 4.60938 840196 2.23 100000
-1.48757 0.736478 227.905 1.57323 4.88638 853666 2.24 100000
-1.47137 0.716274 217.832 1.61008 5.60564 911913 2.25 100000
-1.45993 0.707952 213.715 1.65145 5.85714 920320 2.26 100000
-1.45048 0.705376 211.295 1.58887 5.40632 924124 2.27 100000
-1.42787 0.674563 197.513 1.66714 6.7979 982397 2.28 100000
-1.40301 0.64607 184.085 1.73116 7.47724 1016801 2.29 100000
-1.39254 0.637886 179.617 1.673 7.32929 1035165 2.3 100000
-1.37207 0.606772 166.972 1.74156 8.52966 1080825 2.31 100000
-1.36547 0.6092 167.755 1.73563 8.3211 1105242 2.32 100000
-1.34613 0.583427 156.044 1.66704 8.53614 1145157 2.33 100000
-1.3324 0.568953 149.88 1.66778 8.71653 1169148 2.34 100000
-1.30647 0.52696 133.761 1.65595 9.65383 1215708 2.35 100000
-1.29668 0.524023 131.639 1.61305 9.23673 1232328 2.36 100000
-1.27532 0.494773 119.94 1.57765 9.29086 1283879 2.37 100000
-1.26882 0.498292 120.296 1.517 8.81445 1297469 2.38 100000
-1.24462 0.453008 104.682 1.47679 9.4543 1312549 2.39 100000
-1.23661 0.457074 103.978 1.39121 8.50463 1343856 2.4 100000
