-1.54645 0.784636 8876.4 1.54725 4.99366 274098285 2.2 1000000
-1.53216 0.771068 8574.92 1.6002 6.09239 280008293 2.21 1000000
-1.5167 0.753839 8206.28 1.70205 10.4225 290570214 2.22 1000000
-1.5002 0.733528 7776.17 1.79495 12.5856 302073636 2.23 1000000
-1.48252 0.70713 7253.2 1.95396 23.5364 312373656 2.24 1000000
-1.46397 0.676757 6667.15 2.13054 31.9735 326912649 2.25 1000000
-1.44222 0.628856 5843.77 2.28906 65.9904 340219390 2.26 1000000
-1.4193 0.567987 4882.97 2.4987 104.581 354799202 2.27 1000000
-1.38872 0.427008 3090.3 2.60274 203.8 373405211 2.28 1000000
-1.36753 0.365128 2377.72 2.4065 199.971 391814078 2.29 1000000
-1.34578 0.289517 1624.34 2.15529 181.448 406149644 2.3 1000000
-1.32593 0.224145 1020.43 1.83956 128.554 420923953 2.31 1000000
-1.31045 0.198572 812.904 1.71352 105.646 430008641 2.32 1000000
-1.29403 0.163119 569.852 1.5897 80.1287 441727518 2.33 1000000
-1.27937 0.145449 457.588 1.49957 65.3638 452697156 2.34 1000000
-1.26527 0.125088 346.229 1.43707 51.4523 463264594 2.35 1000000
-1.25233 0.117975 309.416 1.36857 46.1845 470602010 2.36 1000000
-1.23946 0.10507 243.61 1.32439 35.7131 481124695 2.37 1000000
-1.22719 0.098134 214.245 1.27064 31.7517 489902733 2.38 1000000
-1.21545 0.0884862 177.741 1.22743 27.1933 498152600 2.39 1000000
-1.20401 0.0844962 160.268 1.18617 23.9405 507356998 2.4 1000000
