-1.54189 0.771223 2167.73 2.10301 12.045 6925296 2.2 100000
-1.52907 0.762687 2113.53 2.03352 8.79657 7139983 2.21 100000
-1.5206 0.764086 2113.88 1.89285 5.44952 7205043 2.22 100000
-1.49763 0.725381 1926.3 2.21289 14.3789 7588058 2.23 100000
-1.48714 0.723116 1907.04 2.18623 10.9863 7799573 2.24 100000
-1.46523 0.688003 1742.16 2.33746 16.9353 8056431 2.25 100000
-1.43591 0.610733 1452.37 2.68368 48.4913 8975387 2.26 100000
-1.42576 0.613603 1443.34 2.42208 38.7266 8657709 2.27 100000
-1.39812 0.54696 1188.9 2.45864 49.0828 9155471 2.28 100000
-1.376 0.493327 1005.45 2.44595 56.469 9778832 2.29 100000
-1.35324 0.434334 822.009 2.3351 62.1229 10170010 2.3 100000
-1.3345 0.384345 680.045 2.28983 64.1771 10390676 2.31 100000
-1.31694 0.353556 582.77 2.08044 57.2251 10718800 2.32 100000
-1.29952 0.316125 487.135 2.03592 54.665 10905866 2.33 100000
-1.27879 0.255229 334.261 1.79452 42.6284 11325091 2.34 100000
-1.26448 0.232494 291.435 1.68878 41.2095 11670352 2.35 100000
-1.25548 0.250583 311.251 1.67346 36.1017 11791991 2.36 100000
-1.23614 0.19618 205.491 1.51543 28.2444 12059179 2.37 100000
-1.22799 0.200617 211.051 1.49659 27.799 12270815 2.38 100000
-1.21798 0.181817 185.132 1.45594 27.6675 12447256 2.39 100000
-1.20424 0.159667 140.087 1.38224 20.1295 12701684 2.4 100000
