-1.54659 0.786048 997.846 1.52948 4.20531 3102120 2.2 100000
-1.53292 0.767174 960.53 1.70366 8.52471 3119634 2.21 100000
-1.5102 0.728762 886.661 2.01755 16.6261 3227828 2.22 100000
-1.49964 0.735881 888.213 1.83446 9.76715 3321976 2.23 100000
-1.48258 0.712468 841.08 1.90323 12.9029 3530954 2.24 100000
-1.4616 0.674347 771.339 2.0611 19.444 3720951 2.25 100000
-1.44751 0.668583 751.349 2.03052 15.9932 3669488 2.26 100000
-1.42221 0.616829 659.204 2.12273 22.2195 3764828 2.27 100000
-1.40278 0.577213 600.379 2.23526 29.517 3999959 2.28 100000
-1.38842 0.566521 577.164 2.13124 27.7945 4238897 2.29 100000
-1.3648 0.516493 497.484 2.11828 30.722 4433156 2.3 100000
-1.3494 0.496962 466.909 2.09559 31.0627 4501090 2.31 100000
-1.32852 0.461534 409.945 2.05491 29.7946 4779650 2.32 100000
-1.30773 0.417994 347.392 1.85596 29.1165 4656145 2.33 100000
-1.29718 0.405396 332.379 1.8428 29.6694 4849028 2.34 100000
-1.27902 0.373605 287.663 1.70773 27.3761 5092451 2.35 100000
-1.25861 0.323885 228.056 1.58294 25.5142 5277832 2.36 100000
-1.24632 0.3042 204.416 1.48553 23.779 5338184 2.37 100000
-1.23362 0.290303 189.469 1.45576 22.9528 5391361 2.38 100000
-1.21763 0.258703 156.268 1.35539 20.5795 5537003 2.39 100000
-1.20604 0.252046 144.435 1.27872 17.83 5611536 2.4 100000
