-0 -0 -0 -0 -0 65517 2.2 1000
-0 -0 -0 -0 -0 60240 2.21 1000
-0 -0 -0 -0 -0 58979 2.22 1000
-0 -0 -0 -0 -0 67911 2.23 1000
-0 -0 -0 -0 -0 65897 2.24 1000
-0 -0 -0 -0 -0 67010 2.25 1000
-0 -0 -0 -0 -0 70687 2.26 1000
-0 -0 -0 -0 -0 74864 2.27 1000
-0 -0 -0 -0 -0 78763 2.28 1000
-0 -0 -0 -0 -0 77533 2.29 1000
-0 -0 -0 -0 -0 79055 2.3 1000
-0 -0 -0 -0 -0 90137 2.31 1000
-0 -0 -0 -0 -0 90824 2.32 1000
-0 -0 -0 -0 -0 86190 2.33 1000
-0 -0 -0 -0 -0 88186 2.34 1000
-0 -0 -0 -0 -0 101120 2.35 1000
-0 -0 -0 -0 -0 92573 2.36 1000
-0 -0 -0 -0 -0 98275 2.37 1000
-0 -0 -0 -0 -0 105307 2.38 1000
-0 -0 -0 -0 -0 108637 2.39 1000
-0 -0 -0 -0 -0 101581 2.4 1000
