-1.54643 0.784311 2226.39 1.45799 5.39747 68073686 2.2 1000000
-1.53182 0.770427 2149.26 1.51333 5.63551 70374844 2.21 1000000
-1.51631 0.752041 2057.1 1.63749 9.49065 72862730 2.22 1000000
-1.49995 0.73267 1959.55 1.73674 12.1275 75426042 2.23 1000000
-1.48232 0.706973 1842.71 1.8694 19.3694 78411885 2.24 1000000
-1.46397 0.679859 1717.79 1.96506 23.9301 80899918 2.25 1000000
-1.44557 0.650055 1589.66 2.04667 30.2671 84488127 2.26 1000000
-1.42352 0.604754 1410.11 2.19722 41.1837 88020359 2.27 1000000
-1.40513 0.572085 1281.29 2.16552 45.211 90934758 2.28 1000000
-1.37704 0.491294 1010.44 2.25156 61.7934 96498816 2.29 1000000
-1.35715 0.44867 869.43 2.13975 62.9271 99228557 2.3 1000000
-1.33578 0.395624 703.693 1.982 60.7049 103119204 2.31 1000000
-1.31905 0.366184 618.453 1.90651 58.5025 105577226 2.32 1000000
-1.30013 0.317534 487.425 1.72904 53.4099 109400151 2.33 1000000
-1.28286 0.279656 389.46 1.56655 46.1165 112782467 2.34 1000000
-1.26851 0.256262 333.747 1.49239 41.4186 114575496 2.35 1000000
-1.25414 0.230811 276.142 1.38228 35.7445 117824341 2.36 1000000
-1.24047 0.209677 233.514 1.30625 31.7479 119890388 2.37 1000000
-1.22804 0.197023 206.435 1.26248 28.0209 122593371 2.38 1000000
-1.21643 0.184319 183.341 1.21022 25.5382 124552398 2.39 1000000
-1.20398 0.169886 158.097 1.15958 22.5818 126662247 2.4 1000000
