-1.54606 0.783713 6153.71 1.51413 5.29523 188968050 2.2 1000000
-1.53205 0.770178 5946.8 1.59406 6.81683 194532772 2.21 1000000
-1.51727 0.755602 5725.87 1.61541 7.44378 202024765 2.22 1000000
-1.50008 0.733642 5408.6 1.77162 11.794 209399682 2.23 1000000
-1.48337 0.711182 5096.67 1.87962 17.3554 216636463 2.24 1000000
-1.46276 0.673128 4606.72 2.11871 33.6481 227147479 2.25 1000000
-1.44238 0.628512 4094.56 2.2636 63.8424 234845209 2.26 1000000
-1.41788 0.553336 3332.15 2.52799 119.094 248217064 2.27 1000000
-1.39384 0.486299 2663.8 2.4467 131.11 256996388 2.28 1000000
-1.3687 0.393075 1883.39 2.31299 147.734 268829270 2.29 1000000
-1.34753 0.3277 1402.4 2.12651 142.838 284311261 2.3 1000000
-1.32888 0.278586 1059.57 1.95468 122.716 289163093 2.31 1000000
-1.30984 0.223297 711.85 1.71419 91.9122 299131577 2.32 1000000
-1.29445 0.193262 551.996 1.59184 76.6074 306942719 2.33 1000000
-1.27934 0.171575 434.193 1.49273 59.7488 314240837 2.34 1000000
-1.26547 0.153789 355.671 1.41278 50.706 321242035 2.35 1000000
-1.25227 0.138394 293.422 1.35843 43.1752 327457836 2.36 1000000
-1.23939 0.124584 240.575 1.30088 36.0183 333587111 2.37 1000000
-1.22726 0.115764 205.869 1.25629 30.192 340014403 2.38 1000000
-1.2156 0.107901 179.182 1.21492 26.258 346280968 2.39 1000000
-1.20402 0.0988632 152.364 1.16776 22.7604 352369842 2.4 1000000
