-1.54692 0.785823 997.64 1.41174 4.36947 29982550 2.2 1000000
-1.5315 0.769743 961.258 1.50413 5.99551 31263067 2.21 1000000
-1.51721 0.754189 928.187 1.59811 8.15586 32109249 2.22 1000000
-1.5008 0.735753 887.408 1.65699 9.54064 33442129 2.23 1000000
-1.48481 0.717175 848.605 1.72283 11.4562 34601120 2.24 1000000
-1.46697 0.692225 799.863 1.83508 14.7475 36410520 2.25 1000000
-1.44686 0.66351 743.568 1.92467 17.3339 37460819 2.26 1000000
-1.42724 0.630494 684.965 1.98389 21.555 39473948 2.27 1000000
-1.40972 0.605357 639.478 2.00926 23.3096 40337210 2.28 1000000
-1.38763 0.563394 570.184 2.04158 27.2156 42679602 2.29 1000000
-1.36844 0.532253 517.441 1.99628 27.9006 43072645 2.3 1000000
-1.35233 0.509071 480.194 1.96235 28.376 44777441 2.31 1000000
-1.32769 0.451267 398.133 1.88029 31.1662 46724552 2.32 1000000
-1.31103 0.422321 357.726 1.81675 31.0553 47929184 2.33 1000000
-1.2943 0.394979 318.536 1.72097 29.4537 49029735 2.34 1000000
-1.27556 0.357323 268.97 1.59299 27.5245 50901366 2.35 1000000
-1.26036 0.33087 236.957 1.51406 26.1853 51709301 2.36 1000000
-1.24633 0.310947 211.99 1.43758 24.1727 52995044 2.37 1000000
-1.23276 0.290311 188.181 1.33943 22.4083 54016952 2.38 1000000
-1.2202 0.274017 169.088 1.2829 20.4819 55091031 2.39 1000000
-1.20624 0.253676 147.767 1.21845 18.6685 56109252 2.4 1000000
