-1.5385 0.742817 5645.33 3.32987 57.9811 19440625 2.2 100000
-1.53267 0.772695 5984.93 2.76541 6.49709 19562834 2.21 100000
-1.51594 0.751658 5675.28 2.82199 11.4324 20490084 2.22 100000
-1.50038 0.735669 5436.01 2.82078 10.7246 21121373 2.23 100000
-1.48545 0.722226 5241.94 2.92394 11.5329 21829181 2.24 100000
-1.46682 0.696569 4884.4 2.98822 14.3648 22570847 2.25 100000
-1.44416 0.634537 4166.5 3.24834 62.0058 23219924 2.26 100000
-1.42594 0.617371 3900.64 3.10975 39.2789 24814025 2.27 100000
-1.39784 0.514815 2894.79 3.47624 107.212 25646219 2.28 100000
-1.37524 0.441917 2308.93 3.32624 155.468 27772007 2.29 100000
-1.34811 0.298619 1273.34 3.07323 165.918 28483314 2.3 100000
-1.32918 0.279968 1091.41 2.90159 133.155 29185431 2.31 100000
-1.31152 0.244958 825.272 2.49727 97.0813 29889791 2.32 100000
-1.29414 0.191897 568.912 2.37289 86.1236 30754735 2.33 100000
-1.28125 0.199174 575.991 2.31707 76.6197 31404673 2.34 100000
-1.26587 0.158491 370.497 2.11186 50.7671 32249065 2.35 100000
-1.25153 0.117273 220.499 2.05429 35.1568 32725978 2.36 100000
-1.24132 0.144701 312.914 2.01697 43.6839 33280287 2.37 100000
-1.22792 0.123337 228.249 1.91503 31.9869 33926326 2.38 100000
-1.21418 0.105076 171.747 1.87418 25.664 34764725 2.39 100000
-1.20364 0.103524 160.713 1.75377 22.3086 35266229 2.4 100000
