-1.54606 0.78425 3946.48 1.4577 4.62459 121544040 2.2 1000000
-1.53209 0.771064 3817.75 1.52228 5.74272 124545403 2.21 1000000
-1.51688 0.754327 3660.19 1.633 8.34663 128885249 2.22 1000000
-1.50029 0.733286 3469.6 1.74417 12.6749 134119514 2.23 1000000
-1.48311 0.711058 3274.25 1.86307 17.1338 139356366 2.24 1000000
-1.46142 0.662668 2913.09 2.1468 45.6319 144226145 2.25 1000000
-1.44401 0.639188 2713.88 2.16613 43.8437 153050188 2.26 1000000
-1.41878 0.576776 2278.43 2.33135 65.7883 159252022 2.27 1000000
-1.39696 0.517829 1921.36 2.40148 90.0093 166626011 2.28 1000000
-1.3736 0.450011 1524.56 2.31991 99.78 171832432 2.29 1000000
-1.34777 0.359296 1058.45 2.10715 100.977 179961320 2.3 1000000
-1.33091 0.325703 889.087 1.95684 90.9778 185044736 2.31 1000000
-1.31232 0.276776 683.364 1.77159 83.2294 190139245 2.32 1000000
-1.29597 0.242906 540.886 1.64501 70.0702 194786092 2.33 1000000
-1.28011 0.2113 417.572 1.50469 56.3365 200776754 2.34 1000000
-1.26616 0.191124 344.488 1.40948 47.1089 205623367 2.35 1000000
-1.25239 0.172145 285.489 1.3585 40.6069 210332541 2.36 1000000
-1.23929 0.155711 237.367 1.2902 34.6811 213925522 2.37 1000000
-1.22749 0.147004 207.769 1.23268 29.1863 217657797 2.38 1000000
-1.21542 0.134436 176.652 1.19193 25.5168 221799141 2.39 1000000
-1.2039 0.126971 159.059 1.15545 23.2836 225501988 2.4 1000000
