-1.5453 0.783456 3939.02 2.2474 4.85445 12620107 2.2 100000
-1.53056 0.769065 3800.45 2.33335 6.83527 12576611 2.21 100000
-1.5156 0.751551 3635.94 2.33983 9.47356 12816711 2.22 100000
-1.49916 0.73145 3451.06 2.52548 12.0794 13280094 2.23 100000
-1.47942 0.70011 3176.39 2.58318 17.5933 14015987 2.24 100000
-1.46301 0.676121 2986.16 2.61632 26.8729 14491113 2.25 100000
-1.43794 0.609341 2540.97 3.21965 72.8645 15024434 2.26 100000
-1.42393 0.607829 2444.41 2.71192 35.1929 15868292 2.27 100000
-1.40636 0.593139 2316.52 2.54139 28.4712 16387560 2.28 100000
-1.37912 0.489754 1721.49 2.80957 81.3948 17561236 2.29 100000
-1.35023 0.385331 1137.93 2.57072 81.5893 17777118 2.3 100000
-1.32427 0.267059 659.742 2.36764 88.0048 18512752 2.31 100000
-1.31319 0.29574 748.63 2.25537 81.4097 19215230 2.32 100000
-1.29741 0.271352 646.915 2.17451 75.3955 19324586 2.33 100000
-1.28183 0.221883 441.341 1.98023 53.9552 20147231 2.34 100000
-1.26607 0.197806 357.655 1.8583 45.6343 20555792 2.35 100000
-1.2508 0.168958 272.198 1.74859 37.923 20910341 2.36 100000
-1.24008 0.155574 240.883 1.75277 36.2797 21294601 2.37 100000
-1.22679 0.132196 168.585 1.61618 23.8408 21787291 2.38 100000
-1.2163 0.137263 179.33 1.64116 24.58 22169432 2.39 100000
-1.20376 0.130373 163.813 1.59278 22.9299 22527549 2.4 100000
