0 0 4.57203e-05 -9.33708e-05 0.000145222 -0.000204361 0.000275541 -0.000366982 0.000494804 -0.000696303 0.00108297 -0.00221163 1 
1 0 0 3.33067e-16 4.029e-13 2.18547e-10 5.30144e-08 5.7856e-06 0.000286443 0.00651939 0.0697346 0.364504 1 
2 0 1.43465e-10 7.88317e-09 2.9017e-07 7.17241e-06 0.000119431 0.00134558 0.0103217 0.054399 0.199692 0.521383 1 
3 0 1.64205e-07 2.45356e-06 2.80927e-05 0.000247483 0.00168199 0.00885115 0.0362421 0.116264 0.295053 0.600592 1 
4 0 5.73259e-06 4.49025e-05 0.000286443 0.0015043 0.00651939 0.0233879 0.0697346 0.173759 0.364504 0.650255 1 
5 0 4.89122e-05 0.000262247 0.0011773 0.00452862 0.0149643 0.0425908 0.104769 0.223749 0.41732 0.685081 1 
6 0 0.000204964 0.000861211 0.00305977 0.00955747 0.0263351 0.0641654 0.138654 0.266733 0.45905 0.711229 1 
7 0 0.000570234 0.00202924 0.00610593 0.0164303 0.0397378 0.0865802 0.170382 0.303841 0.493036 0.731791 1 
8 0 0.00122615 0.00387757 0.0103145 0.0248146 0.0543987 0.108926 0.199692 0.336139 0.521383 0.748508 1 
9 0 0.00221871 0.00643428 0.0155754 0.0343473 0.0697333 0.130697 0.226629 0.364504 0.545482 0.762445 1 
10 0 0.00355665 0.00966288 0.0217263 0.0446985 0.085326 0.151628 0.251365 0.389634 0.566292 0.774296 1 
11 0 0.00521967 0.0134864 0.0285898 0.0555911 0.100891 0.171598 0.274103 0.412076 0.584495 0.784534 1 
12 0 0.00716916 0.0178078 0.0359947 0.0668019 0.116236 0.190568 0.295051 0.432262 0.600591 0.793495 1 
13 0 0.00935749 0.0225248 0.0437856 0.0781552 0.131233 0.208544 0.314399 0.450538 0.614956 0.801423 1 
14 0 0.0117347 0.0275388 0.0518279 0.0895144 0.145802 0.225558 0.33232 0.467179 0.627879 0.808504 1 
15 0 0.0142529 0.03276 0.0600076 0.100775 0.159892 0.241653 0.348963 0.482411 0.639583 0.814876 1 
16 0 0.0168685 0.0381098 0.0682303 0.111857 0.173473 0.25688 0.36446 0.496417 0.650249 0.820652 1 
17 0 0.0195433 0.0435216 0.0764196 0.122701 0.186532 0.271289 0.378925 0.50935 0.66002 0.825918 1 
18 0 0.022245 0.0489396 0.0845145 0.133264 0.199065 0.284929 0.392457 0.521334 0.669013 0.830745 1 
19 0 0.0249467 0.0543187 0.092467 0.143515 0.211075 0.297847 0.405143 0.532476 0.677324 0.835189 1 
20 0 0.0276265 0.0596228 0.10024 0.153432 0.222571 0.310088 0.417057 0.542865 0.685032 0.839297 1 
21 0 0.0302668 0.0648234 0.107807 0.163001 0.233565 0.321691 0.428265 0.552577 0.692204 0.843109 1 
22 0 0.0328541 0.069899 0.115147 0.172217 0.244069 0.332696 0.438823 0.561676 0.698896 0.846657 1 
23 0 0.0353778 0.0748333 0.122246 0.181075 0.2541 0.343138 0.448783 0.570218 0.705156 0.849969 1 
24 0 0.0378303 0.0796148 0.129096 0.189578 0.263673 0.353048 0.458189 0.578251 0.711024 0.853068 1 
25 0 0.040206 0.0842356 0.135692 0.197729 0.272807 0.362457 0.467081 0.585817 0.716536 0.855973 1 
26 0 0.0425012 0.0886909 0.142032 0.205534 0.281517 0.371394 0.475493 0.592953 0.721723 0.858703 1 
27 0 0.0447137 0.0929784 0.148118 0.213002 0.28982 0.379883 0.483459 0.599691 0.72661 0.861272 1 
28 0 0.0468424 0.0970977 0.153952 0.220141 0.297735 0.38795 0.491007 0.60606 0.731221 0.863693 1 
29 0 0.0488872 0.10105 0.159539 0.226962 0.305276 0.395616 0.498162 0.612085 0.735576 0.865977 1 
30 0 0.0508488 0.104837 0.164884 0.233474 0.312461 0.402904 0.50495 0.61779 0.739694 0.868135 1 
31 0 0.0527283 0.108463 0.169995 0.23969 0.319306 0.409832 0.511391 0.623196 0.743591 0.870176 1 
32 0 0.0545275 0.111931 0.174877 0.24562 0.325824 0.416419 0.517505 0.62832 0.747282 0.872107 1 
33 0 0.0562483 0.115246 0.179539 0.251275 0.332032 0.422683 0.523312 0.63318 0.750779 0.873936 1 
34 0 0.0578929 0.118413 0.183989 0.256666 0.337943 0.428641 0.528827 0.637793 0.754095 0.87567 1 
35 0 0.0594638 0.121436 0.188234 0.261805 0.343571 0.434307 0.534068 0.642171 0.757241 0.877313 1 
36 0 0.0609635 0.124321 0.192282 0.266701 0.348929 0.439696 0.539048 0.646329 0.760226 0.878873 1 
37 0 0.0623945 0.127073 0.196142 0.271367 0.35403 0.444823 0.543782 0.650278 0.763061 0.880353 1 
38 0 0.0637595 0.129697 0.19982 0.275811 0.358886 0.4497 0.548282 0.654031 0.765752 0.881758 1 
39 0 0.0650612 0.132199 0.203326 0.280043 0.363508 0.454339 0.552561 0.657597 0.76831 0.883093 1 
40 0 0.066302 0.134583 0.206666 0.284074 0.367908 0.458753 0.55663 0.660986 0.770739 0.884361 1 
41 0 0.0674845 0.136855 0.209848 0.287913 0.372096 0.462952 0.560499 0.664208 0.773048 0.885565 1 
42 0 0.0686113 0.139019 0.212878 0.291567 0.376082 0.466948 0.564179 0.667272 0.775244 0.88671 1 
43 0 0.0696848 0.141081 0.215764 0.295047 0.379876 0.470749 0.567679 0.670185 0.77733 0.887799 1 
44 0 0.0707072 0.143045 0.218512 0.29836 0.383486 0.474366 0.571009 0.672955 0.779314 0.888833 1 
45 0 0.0716811 0.144914 0.221129 0.301513 0.386923 0.477808 0.574176 0.67559 0.781201 0.889817 1 
46 0 0.0726084 0.146695 0.22362 0.304515 0.390193 0.481083 0.57719 0.678097 0.782996 0.890753 1 
47 0 0.0734915 0.14839 0.225991 0.307372 0.393306 0.484199 0.580056 0.680481 0.784702 0.891643 1 
48 0 0.0743322 0.150004 0.228249 0.310091 0.396268 0.487164 0.582784 0.682748 0.786326 0.892489 1 
49 0 0.0751327 0.151541 0.230398 0.31268 0.399087 0.489985 0.585378 0.684906 0.78787 0.893294 1 
50 0 0.0758947 0.153004 0.232444 0.315144 0.401769 0.49267 0.587847 0.686958 0.789339 0.89406 1 
51 0 0.07662 0.154396 0.234391 0.317488 0.404322 0.495224 0.590196 0.688911 0.790736 0.894788 1 
52 0 0.0773105 0.155721 0.236244 0.31972 0.406752 0.497655 0.592431 0.690769 0.792066 0.895481 1 
53 0 0.0779678 0.156983 0.238008 0.321844 0.409064 0.499968 0.594558 0.692536 0.793331 0.89614 1 
54 0 0.0785933 0.158183 0.239687 0.323865 0.411265 0.50217 0.596582 0.694218 0.794534 0.896767 1 
55 0 0.0791887 0.159326 0.241285 0.325789 0.413358 0.504264 0.598507 0.695819 0.795679 0.897364 1 
56 0 0.0797554 0.160414 0.242805 0.32762 0.415351 0.506258 0.60034 0.697341 0.796769 0.897932 1 
57 0 0.0802948 0.161449 0.244252 0.329362 0.417247 0.508154 0.602083 0.69879 0.797805 0.898472 1 
58 0 0.0808081 0.162434 0.24563 0.33102 0.419052 0.509959 0.603742 0.700169 0.798792 0.898986 1 
59 0 0.0812966 0.163372 0.24694 0.332598 0.420769 0.511677 0.605321 0.701481 0.79973 0.899476 1 
60 0 0.0817615 0.164264 0.248188 0.334099 0.422403 0.513311 0.606823 0.702729 0.800624 0.899941 1 
61 0 0.082204 0.165113 0.249375 0.335528 0.423959 0.514867 0.608253 0.703917 0.801473 0.900384 1 
62 0 0.0826251 0.165921 0.250505 0.336888 0.425439 0.516347 0.609613 0.705047 0.802282 0.900805 1 
63 0 0.0830258 0.16669 0.25158 0.338182 0.426847 0.517755 0.610908 0.706123 0.803052 0.901206 1 
64 0 0.0834072 0.167422 0.252603 0.339414 0.428187 0.519096 0.61214 0.707146 0.803784 0.901588 1 
65 0 0.0837701 0.168118 0.253576 0.340586 0.429462 0.520371 0.613312 0.70812 0.804481 0.901951 1 
66 0 0.0841154 0.168781 0.254503 0.341701 0.430676 0.521585 0.614427 0.709047 0.805144 0.902297 1 
67 0 0.0844441 0.169412 0.255385 0.342762 0.431831 0.52274 0.615489 0.709929 0.805775 0.902625 1 
68 0 0.0847569 0.170012 0.256224 0.343772 0.43293 0.523839 0.616499 0.710768 0.806375 0.902938 1 
69 0 0.0850545 0.170583 0.257022 0.344733 0.433976 0.524885 0.61746 0.711567 0.806946 0.903236 1 
70 0 0.0853378 0.171127 0.257782 0.345648 0.434971 0.52588 0.618375 0.712327 0.80749 0.903519 1 
71 0 0.0856074 0.171644 0.258505 0.346518 0.435918 0.526827 0.619245 0.71305 0.808007 0.903789 1 
72 0 0.0858639 0.172136 0.259193 0.347347 0.43682 0.527729 0.620074 0.713738 0.8085 0.904045 1 
73 0 0.086108 0.172605 0.259848 0.348135 0.437677 0.528586 0.620862 0.714393 0.808968 0.90429 1 
74 0 0.0863403 0.173051 0.260471 0.348885 0.438493 0.529402 0.621612 0.715017 0.809414 0.904522 1 
75 0 0.0865613 0.173475 0.261064 0.349599 0.43927 0.530179 0.622326 0.71561 0.809838 0.904743 1 
76 0 0.0867717 0.173879 0.261629 0.350278 0.440009 0.530918 0.623005 0.716174 0.810242 0.904953 1 
77 0 0.0869719 0.174263 0.262166 0.350924 0.440713 0.531622 0.623651 0.716711 0.810626 0.905154 1 
78 0 0.0871624 0.174628 0.262677 0.351539 0.441382 0.532291 0.624266 0.717222 0.810992 0.905344 1 
79 0 0.0873437 0.174976 0.263163 0.352125 0.442019 0.532928 0.624852 0.717708 0.81134 0.905525 1 
80 0 0.0875162 0.175307 0.263626 0.352682 0.442625 0.533534 0.625409 0.718171 0.811671 0.905698 1 
81 0 0.0876803 0.175622 0.264066 0.353212 0.443202 0.534111 0.625939 0.718612 0.811986 0.905862 1 
82 0 0.0878366 0.175922 0.264485 0.353716 0.443751 0.53466 0.626443 0.719031 0.812286 0.906018 1 
83 0 0.0879852 0.176207 0.264884 0.354196 0.444273 0.535182 0.626923 0.719429 0.812571 0.906167 1 
84 0 0.0881267 0.176479 0.265264 0.354653 0.44477 0.535679 0.62738 0.719809 0.812842 0.906309 1 
85 0 0.0882613 0.176737 0.265625 0.355088 0.445243 0.536152 0.627815 0.72017 0.813101 0.906443 1 
86 0 0.0883894 0.176983 0.265968 0.355501 0.445693 0.536602 0.628228 0.720514 0.813347 0.906571 1 
87 0 0.0885114 0.177217 0.266295 0.355895 0.446121 0.537031 0.628622 0.720841 0.813581 0.906693 1 
88 0 0.0886274 0.17744 0.266607 0.356269 0.446529 0.537438 0.628997 0.721152 0.813803 0.906809 1 
89 0 0.0887378 0.177651 0.266903 0.356626 0.446917 0.537826 0.629353 0.721448 0.814015 0.90692 1 
90 0 0.0888428 0.177853 0.267185 0.356965 0.447286 0.538195 0.629692 0.72173 0.814217 0.907025 1 
91 0 0.0889428 0.178045 0.267453 0.357288 0.447637 0.538546 0.630015 0.721998 0.814409 0.907125 1 
92 0 0.089038 0.178228 0.267708 0.357595 0.447972 0.538881 0.630322 0.722253 0.814591 0.90722 1 
93 0 0.0891285 0.178401 0.267951 0.357887 0.44829 0.539199 0.630615 0.722496 0.814765 0.90731 1 
94 0 0.0892147 0.178567 0.268182 0.358166 0.448592 0.539501 0.630893 0.722727 0.81493 0.907396 1 
95 0 0.0892966 0.178724 0.268402 0.35843 0.44888 0.539789 0.631158 0.722947 0.815088 0.907478 1 
96 0 0.0893747 0.178874 0.268611 0.358682 0.449154 0.540064 0.631409 0.723157 0.815237 0.907556 1 
97 0 0.0894489 0.179016 0.26881 0.358922 0.449415 0.540324 0.631649 0.723356 0.81538 0.907631 1 
98 0 0.0895196 0.179152 0.269 0.35915 0.449664 0.540573 0.631877 0.723545 0.815515 0.907701 1 
99 0 0.0895868 0.179281 0.26918 0.359367 0.4499 0.540809 0.632094 0.723726 0.815644 0.907769 1 
100 0 0.0896508 0.179403 0.269352 0.359574 0.450125 0.541034 0.632301 0.723897 0.815767 0.907833 1 
101 0 0.0897117 0.17952 0.269515 0.35977 0.450338 0.541248 0.632497 0.724061 0.815884 0.907893 1 
102 0 0.0897696 0.179632 0.269671 0.359957 0.450542 0.541451 0.632685 0.724216 0.815995 0.907951 1 
103 0 0.0898247 0.179737 0.269818 0.360135 0.450736 0.541645 0.632863 0.724364 0.816101 0.908007 1 
104 0 0.0898772 0.179838 0.269959 0.360305 0.45092 0.541829 0.633032 0.724505 0.816202 0.908059 1 
105 0 0.0899271 0.179934 0.270093 0.360466 0.451095 0.542005 0.633193 0.724639 0.816297 0.908109 1 
106 0 0.0899746 0.180025 0.270221 0.360619 0.451262 0.542172 0.633347 0.724766 0.816389 0.908156 1 
107 0 0.0900199 0.180112 0.270342 0.360765 0.451421 0.54233 0.633493 0.724887 0.816475 0.908202 1 
108 0 0.0900629 0.180194 0.270457 0.360904 0.451572 0.542482 0.633631 0.725003 0.816558 0.908245 1 
109 0 0.0901038 0.180273 0.270567 0.361036 0.451716 0.542625 0.633764 0.725113 0.816637 0.908286 1 
110 0 0.0901428 0.180348 0.270672 0.361162 0.451853 0.542762 0.633889 0.725217 0.816711 0.908325 1 
111 0 0.0901799 0.180419 0.270771 0.361282 0.451983 0.542893 0.634009 0.725317 0.816782 0.908362 1 
112 0 0.0902152 0.180487 0.270866 0.361396 0.452107 0.543017 0.634123 0.725411 0.81685 0.908397 1 
113 0 0.0902487 0.180551 0.270956 0.361504 0.452225 0.543134 0.634232 0.725501 0.816915 0.908431 1 
114 0 0.0902807 0.180612 0.271042 0.361607 0.452338 0.543247 0.634335 0.725587 0.816976 0.908463 1 
115 0 0.0903111 0.180671 0.271123 0.361706 0.452444 0.543354 0.634433 0.725669 0.817034 0.908493 1 
116 0 0.09034 0.180726 0.271201 0.361799 0.452546 0.543455 0.634526 0.725746 0.81709 0.908522 1 
117 0 0.0903676 0.180779 0.271275 0.361888 0.452643 0.543552 0.634615 0.72582 0.817143 0.908549 1 
118 0 0.0903938 0.180829 0.271345 0.361973 0.452735 0.543644 0.6347 0.72589 0.817193 0.908576 1 
119 0 0.0904187 0.180877 0.271412 0.362053 0.452823 0.543732 0.63478 0.725957 0.817241 0.908601 1 
120 0 0.0904424 0.180923 0.271475 0.36213 0.452906 0.543815 0.634857 0.726021 0.817286 0.908624 1 
121 0 0.090465 0.180966 0.271536 0.362203 0.452985 0.543894 0.63493 0.726081 0.81733 0.908647 1 
122 0 0.0904865 0.181007 0.271594 0.362272 0.453061 0.54397 0.634999 0.726139 0.817371 0.908668 1 
123 0 0.0905069 0.181046 0.271649 0.362338 0.453133 0.544042 0.635065 0.726194 0.81741 0.908689 1 
124 0 0.0905264 0.181084 0.271701 0.362401 0.453201 0.54411 0.635128 0.726246 0.817447 0.908708 1 
125 0 0.0905449 0.181119 0.27175 0.362461 0.453266 0.544175 0.635188 0.726296 0.817483 0.908727 1 
126 0 0.0905625 0.181153 0.271798 0.362517 0.453328 0.544237 0.635245 0.726343 0.817517 0.908744 1 
127 0 0.0905793 0.181185 0.271843 0.362572 0.453387 0.544296 0.635299 0.726388 0.817549 0.908761 1 
128 0 0.0905953 0.181216 0.271885 0.362623 0.453443 0.544352 0.63535 0.726431 0.81758 0.908777 1 
129 0 0.0906104 0.181245 0.271926 0.362672 0.453496 0.544405 0.635399 0.726472 0.817609 0.908792 1 
130 0 0.0906249 0.181273 0.271965 0.362719 0.453547 0.544456 0.635446 0.72651 0.817636 0.908807 1 
131 0 0.0906386 0.181299 0.272002 0.362763 0.453595 0.544504 0.63549 0.726547 0.817663 0.90882 1 
132 0 0.0906517 0.181324 0.272037 0.362805 0.453641 0.54455 0.635533 0.726582 0.817688 0.908834 1 
133 0 0.0906642 0.181348 0.27207 0.362846 0.453685 0.544594 0.635573 0.726616 0.817712 0.908846 1 
134 0 0.090676 0.181371 0.272102 0.362884 0.453727 0.544636 0.635611 0.726648 0.817735 0.908858 1 
135 0 0.0906873 0.181393 0.272132 0.36292 0.453766 0.544675 0.635648 0.726678 0.817756 0.908869 1 
136 0 0.090698 0.181413 0.272161 0.362955 0.453804 0.544713 0.635682 0.726707 0.817777 0.90888 1 
137 0 0.0907083 0.181433 0.272189 0.362988 0.45384 0.544749 0.635715 0.726734 0.817796 0.90889 1 
138 0 0.090718 0.181451 0.272215 0.363019 0.453874 0.544783 0.635747 0.72676 0.817815 0.9089 1 
139 0 0.0907272 0.181469 0.272239 0.363049 0.453906 0.544816 0.635776 0.726785 0.817833 0.908909 1 
140 0 0.090736 0.181486 0.272263 0.363078 0.453937 0.544846 0.635805 0.726808 0.81785 0.908918 1 
141 0 0.0907444 0.181502 0.272285 0.363105 0.453967 0.544876 0.635832 0.726831 0.817866 0.908926 1 
142 0 0.0907524 0.181517 0.272307 0.36313 0.453995 0.544904 0.635858 0.726852 0.817881 0.908934 1 
143 0 0.0907599 0.181532 0.272327 0.363155 0.454021 0.544931 0.635882 0.726873 0.817896 0.908942 1 
144 0 0.0907672 0.181546 0.272347 0.363178 0.454047 0.544956 0.635905 0.726892 0.817909 0.908949 1 
145 0 0.090774 0.181559 0.272365 0.3632 0.454071 0.54498 0.635928 0.72691 0.817923 0.908956 1 
146 0 0.0907806 0.181572 0.272383 0.363221 0.454094 0.545003 0.635949 0.726928 0.817935 0.908962 1 
147 0 0.0907868 0.181583 0.272399 0.363241 0.454116 0.545025 0.635969 0.726945 0.817947 0.908969 1 
148 0 0.0907927 0.181595 0.272415 0.363261 0.454137 0.545046 0.635988 0.726961 0.817958 0.908975 1 
149 0 0.0907983 0.181606 0.27243 0.363279 0.454156 0.545065 0.636006 0.726976 0.817969 0.90898 1 
150 0 0.0908037 0.181616 0.272445 0.363296 0.454175 0.545084 0.636023 0.72699 0.81798 0.908986 1 
151 0 0.0908088 0.181626 0.272458 0.363313 0.454193 0.545102 0.63604 0.727004 0.817989 0.908991 1 
152 0 0.0908136 0.181635 0.272471 0.363328 0.45421 0.545119 0.636055 0.727017 0.817999 0.908995 1 
153 0 0.0908183 0.181644 0.272484 0.363343 0.454226 0.545135 0.63607 0.727029 0.818008 0.909 1 
154 0 0.0908227 0.181652 0.272495 0.363357 0.454242 0.545151 0.636085 0.727041 0.818016 0.909004 1 
155 0 0.0908268 0.18166 0.272507 0.363371 0.454256 0.545166 0.636098 0.727052 0.818024 0.909009 1 
156 0 0.0908308 0.181668 0.272517 0.363384 0.45427 0.54518 0.636111 0.727063 0.818032 0.909013 1 
157 0 0.0908346 0.181675 0.272527 0.363396 0.454284 0.545193 0.636123 0.727073 0.818039 0.909016 1 
158 0 0.0908382 0.181682 0.272537 0.363408 0.454296 0.545206 0.636135 0.727083 0.818046 0.90902 1 
159 0 0.0908416 0.181689 0.272546 0.363419 0.454308 0.545218 0.636146 0.727092 0.818052 0.909023 1 
160 0 0.0908449 0.181695 0.272555 0.363429 0.45432 0.545229 0.636156 0.727101 0.818059 0.909027 1 
161 0 0.090848 0.181701 0.272563 0.363439 0.454331 0.54524 0.636166 0.727109 0.818065 0.90903 1 
162 0 0.090851 0.181707 0.272571 0.363449 0.454341 0.54525 0.636176 0.727117 0.81807 0.909033 1 
163 0 0.0908538 0.181712 0.272579 0.363458 0.454351 0.54526 0.636185 0.727124 0.818076 0.909036 1 
164 0 0.0908565 0.181717 0.272586 0.363466 0.454361 0.54527 0.636194 0.727132 0.818081 0.909038 1 
165 0 0.090859 0.181722 0.272593 0.363475 0.454369 0.545279 0.636202 0.727138 0.818086 0.909041 1 
166 0 0.0908614 0.181727 0.272599 0.363482 0.454378 0.545287 0.63621 0.727145 0.81809 0.909043 1 
167 0 0.0908637 0.181731 0.272606 0.36349 0.454386 0.545295 0.636217 0.727151 0.818095 0.909046 1 
168 0 0.0908659 0.181735 0.272611 0.363497 0.454394 0.545303 0.636224 0.727157 0.818099 0.909048 1 
169 0 0.090868 0.181739 0.272617 0.363504 0.454401 0.54531 0.636231 0.727163 0.818103 0.90905 1 
170 0 0.09087 0.181743 0.272622 0.36351 0.454408 0.545317 0.636237 0.727168 0.818107 0.909052 1 
171 0 0.0908719 0.181747 0.272627 0.363516 0.454415 0.545324 0.636244 0.727173 0.81811 0.909054 1 
172 0 0.0908737 0.18175 0.272632 0.363522 0.454421 0.54533 0.636249 0.727178 0.818114 0.909056 1 
173 0 0.0908754 0.181754 0.272637 0.363528 0.454427 0.545336 0.636255 0.727182 0.818117 0.909057 1 
174 0 0.090877 0.181757 0.272641 0.363533 0.454433 0.545342 0.63626 0.727187 0.81812 0.909059 1 
175 0 0.0908786 0.18176 0.272645 0.363538 0.454438 0.545347 0.636265 0.727191 0.818123 0.90906 1 
176 0 0.0908801 0.181762 0.272649 0.363543 0.454443 0.545353 0.63627 0.727195 0.818126 0.909062 1 
177 0 0.0908815 0.181765 0.272653 0.363547 0.454448 0.545357 0.636274 0.727199 0.818129 0.909063 1 
178 0 0.0908828 0.181768 0.272657 0.363551 0.454453 0.545362 0.636279 0.727202 0.818131 0.909065 1 
179 0 0.0908841 0.18177 0.27266 0.363556 0.454458 0.545367 0.636283 0.727206 0.818134 0.909066 1 
180 0 0.0908853 0.181773 0.272663 0.36356 0.454462 0.545371 0.636287 0.727209 0.818136 0.909067 1 
181 0 0.0908864 0.181775 0.272667 0.363563 0.454466 0.545375 0.63629 0.727212 0.818138 0.909068 1 
182 0 0.0908875 0.181777 0.272669 0.363567 0.45447 0.545379 0.636294 0.727215 0.81814 0.909069 1 
183 0 0.0908886 0.181779 0.272672 0.36357 0.454473 0.545382 0.636297 0.727218 0.818142 0.90907 1 
184 0 0.0908896 0.181781 0.272675 0.363573 0.454477 0.545386 0.636301 0.72722 0.818144 0.909071 1 
185 0 0.0908905 0.181783 0.272677 0.363576 0.45448 0.545389 0.636304 0.727223 0.818146 0.909072 1 
186 0 0.0908914 0.181784 0.27268 0.363579 0.454483 0.545392 0.636307 0.727225 0.818148 0.909073 1 
187 0 0.0908923 0.181786 0.272682 0.363582 0.454486 0.545395 0.636309 0.727228 0.81815 0.909074 1 
188 0 0.0908931 0.181787 0.272684 0.363585 0.454489 0.545398 0.636312 0.72723 0.818151 0.909075 1 
189 0 0.0908939 0.181789 0.272686 0.363587 0.454492 0.545401 0.636314 0.727232 0.818153 0.909076 1 
190 0 0.0908946 0.18179 0.272688 0.36359 0.454495 0.545404 0.636317 0.727234 0.818154 0.909076 1 
191 0 0.0908953 0.181792 0.27269 0.363592 0.454497 0.545406 0.636319 0.727236 0.818155 0.909077 1 
192 0 0.090896 0.181793 0.272692 0.363594 0.454499 0.545408 0.636321 0.727238 0.818157 0.909078 1 
193 0 0.0908966 0.181794 0.272694 0.363596 0.454502 0.545411 0.636323 0.727239 0.818158 0.909078 1 
194 0 0.0908972 0.181795 0.272695 0.363598 0.454504 0.545413 0.636325 0.727241 0.818159 0.909079 1 
195 0 0.0908978 0.181796 0.272697 0.3636 0.454506 0.545415 0.636327 0.727242 0.81816 0.90908 1 
196 0 0.0908983 0.181798 0.272698 0.363602 0.454508 0.545417 0.636329 0.727244 0.818161 0.90908 1 
197 0 0.0908988 0.181799 0.2727 0.363603 0.454509 0.545419 0.636331 0.727245 0.818162 0.909081 1 
198 0 0.0908993 0.181799 0.272701 0.363605 0.454511 0.54542 0.636332 0.727247 0.818163 0.909081 1 
