0 0 0 0 0 0 0 0 0 0 0 0 1 
1 0 1.89793e-06 7.11724e-06 2.6571e-05 9.91668e-05 0.000370096 0.00138122 0.00515478 0.0192379 0.0717968 0.267949 1 
2 0 1.27648e-05 4.40721e-05 0.000149289 0.000499942 0.00165215 0.00536845 0.0170592 0.0525589 0.154701 0.42265 1 
3 0 4.74158e-05 0.00015228 0.000473559 0.00144338 0.00430007 0.0124526 0.0347734 0.0925227 0.2302 0.518875 1 
4 0 0.000128782 0.000388099 0.00111906 0.003141 0.0085582 0.0224917 0.0565033 0.133975 0.29435 0.583025 1 
5 0 0.000285955 0.000814769 0.00219692 0.00573481 0.0144603 0.03499 0.0805162 0.174068 0.347808 0.628464 1 
6 0 0.000550769 0.00149347 0.00379359 0.00928703 0.0218849 0.0493321 0.105463 0.211489 0.392357 0.662321 1 
7 0 0.00095402 0.00247604 0.00596318 0.0137895 0.0306208 0.0649239 0.130411 0.245792 0.429777 0.688605 1 
8 0 0.00152224 0.00380035 0.00872708 0.0191816 0.0404203 0.0812579 0.154764 0.276976 0.461556 0.709691 1 
9 0 0.00227547 0.00548853 0.012078 0.0253691 0.0510354 0.0979318 0.178176 0.305245 0.488854 0.727059 1 
10 0 0.0032262 0.00754731 0.015986 0.0322407 0.0622386 0.114643 0.200469 0.330881 0.512565 0.741671 1 
11 0 0.00437926 0.00996982 0.0204054 0.0396798 0.0738323 0.131172 0.221572 0.354176 0.533371 0.754178 1 
12 0 0.00573244 0.0127381 0.0252805 0.0475729 0.0856517 0.147369 0.24148 0.375407 0.551797 0.765038 1 
13 0 0.00727759 0.0158261 0.0305504 0.0558147 0.0975626 0.163132 0.260229 0.394823 0.56825 0.774582 1 
14 0 0.00900186 0.0192018 0.0361533 0.0643104 0.109459 0.1784 0.277875 0.412643 0.583049 0.783053 1 
15 0 0.0108891 0.0228303 0.0420284 0.0729767 0.121257 0.193135 0.294485 0.429054 0.596448 0.790638 1 
16 0 0.0129208 0.0266749 0.0481183 0.0817417 0.132895 0.207324 0.310129 0.444222 0.60865 0.797482 1 
17 0 0.0150776 0.0306994 0.0543701 0.0905444 0.144324 0.220962 0.324876 0.458285 0.61982 0.803696 1 
18 0 0.0173397 0.0348685 0.0607356 0.0993335 0.15551 0.234057 0.338793 0.471364 0.630094 0.809371 1 
19 0 0.0196876 0.039149 0.0671716 0.108066 0.166427 0.246621 0.351943 0.483564 0.639583 0.814582 1 
20 0 0.0221028 0.0435103 0.0736403 0.116708 0.177058 0.25867 0.364382 0.494973 0.648381 0.819386 1 
21 0 0.0245679 0.0479242 0.0801085 0.125229 0.187392 0.270224 0.376164 0.505669 0.656567 0.823835 1 
22 0 0.0270671 0.0523658 0.0865475 0.133607 0.197424 0.281303 0.387338 0.51572 0.664206 0.827969 1 
23 0 0.0295858 0.0568126 0.0929329 0.141824 0.207149 0.291925 0.397947 0.525186 0.671355 0.831823 1 
24 0 0.0321111 0.0612451 0.0992441 0.149865 0.216569 0.302113 0.408031 0.534116 0.678063 0.835427 1 
25 0 0.0346316 0.0656463 0.105464 0.15772 0.225686 0.311884 0.417626 0.542558 0.684373 0.838807 1 
26 0 0.0371374 0.0700018 0.111577 0.16538 0.234502 0.321259 0.426765 0.55055 0.69032 0.841983 1 
27 0 0.0396197 0.0742992 0.117573 0.17284 0.243025 0.330255 0.435479 0.558129 0.695936 0.844976 1 
28 0 0.0420713 0.078528 0.123442 0.180095 0.251259 0.338891 0.443793 0.565325 0.701249 0.8478 1 
29 0 0.044486 0.0826798 0.129177 0.187145 0.259211 0.347182 0.451734 0.572167 0.706284 0.850471 1 
30 0 0.0468586 0.0867477 0.134772 0.193987 0.266888 0.355144 0.459323 0.57868 0.711062 0.853001 1 
31 0 0.0491848 0.090726 0.140224 0.200624 0.274298 0.362791 0.466581 0.584886 0.715603 0.855401 1 
32 0 0.0514614 0.0946105 0.145529 0.207056 0.281448 0.370139 0.473526 0.590805 0.719923 0.857681 1 
33 0 0.0536855 0.0983979 0.150685 0.213286 0.288345 0.3772 0.480177 0.596457 0.724038 0.85985 1 
34 0 0.0558552 0.102086 0.155693 0.219316 0.294998 0.383987 0.48655 0.601856 0.727962 0.861916 1 
35 0 0.057969 0.105673 0.160552 0.22515 0.301415 0.390512 0.492658 0.607019 0.731707 0.863885 1 
36 0 0.0600259 0.109159 0.165264 0.230791 0.307601 0.396785 0.498515 0.611959 0.735284 0.865763 1 
37 0 0.0620253 0.112543 0.169829 0.236244 0.313566 0.402817 0.504134 0.616689 0.738704 0.867558 1 
38 0 0.0639669 0.115825 0.174249 0.241513 0.319316 0.40862 0.509527 0.62122 0.741975 0.869273 1 
39 0 0.065851 0.119007 0.178527 0.246603 0.324859 0.414201 0.514704 0.625563 0.745106 0.870913 1 
40 0 0.0676777 0.122089 0.182666 0.251518 0.330202 0.41957 0.519676 0.629727 0.748106 0.872483 1 
41 0 0.0694477 0.125073 0.186667 0.256264 0.335351 0.424736 0.524452 0.633721 0.75098 0.873986 1 
42 0 0.0711616 0.127961 0.190535 0.260844 0.340313 0.429706 0.529042 0.637555 0.753735 0.875427 1 
43 0 0.0728204 0.130753 0.194271 0.265263 0.345095 0.43449 0.533452 0.641235 0.756379 0.876808 1 
44 0 0.0744251 0.133453 0.197881 0.269528 0.349703 0.439094 0.537692 0.644769 0.758915 0.878133 1 
45 0 0.0759767 0.136062 0.201366 0.273641 0.354143 0.443524 0.541768 0.648164 0.761349 0.879404 1 
46 0 0.0774764 0.138583 0.204731 0.277608 0.358421 0.447789 0.545688 0.651426 0.763687 0.880624 1 
47 0 0.0789254 0.141017 0.207979 0.281435 0.362543 0.451895 0.549458 0.65456 0.765932 0.881795 1 
48 0 0.080325 0.143368 0.211112 0.285124 0.366514 0.455847 0.553084 0.657573 0.768089 0.88292 1 
49 0 0.0816766 0.145637 0.214136 0.288681 0.37034 0.459652 0.556572 0.66047 0.770162 0.884001 1 
50 0 0.0829813 0.147827 0.217052 0.29211 0.374026 0.463315 0.559929 0.663256 0.772155 0.885039 1 
51 0 0.0842407 0.14994 0.219865 0.295416 0.377577 0.466841 0.563159 0.665935 0.774071 0.886037 1 
52 0 0.0854559 0.151978 0.222577 0.298602 0.380998 0.470237 0.566267 0.668513 0.775913 0.886997 1 
53 0 0.0866283 0.153944 0.225193 0.301673 0.384294 0.473506 0.569258 0.670992 0.777684 0.887919 1 
54 0 0.0877593 0.155841 0.227715 0.304632 0.387469 0.476655 0.572137 0.673377 0.779388 0.888807 1 
55 0 0.0888501 0.157669 0.230146 0.307484 0.390527 0.479686 0.574908 0.675672 0.781027 0.88966 1 
56 0 0.089902 0.159432 0.232489 0.310233 0.393473 0.482605 0.577576 0.677881 0.782604 0.890481 1 
57 0 0.0909164 0.161132 0.234748 0.312881 0.396311 0.485416 0.580143 0.680007 0.784121 0.891271 1 
58 0 0.0918943 0.162771 0.236925 0.315433 0.399044 0.488123 0.582616 0.682053 0.785582 0.892031 1 
59 0 0.0928371 0.16435 0.239023 0.317891 0.401677 0.49073 0.584996 0.684022 0.786987 0.892762 1 
60 0 0.0937459 0.165873 0.241045 0.32026 0.404214 0.49324 0.587287 0.685918 0.788339 0.893466 1 
61 0 0.0946219 0.16734 0.242993 0.322543 0.406657 0.495658 0.589494 0.687743 0.789641 0.894143 1 
62 0 0.0954661 0.168754 0.244871 0.324742 0.40901 0.497986 0.591618 0.689499 0.790894 0.894795 1 
63 0 0.0962798 0.170117 0.24668 0.32686 0.411277 0.500228 0.593664 0.691191 0.7921 0.895423 1 
64 0 0.0970639 0.17143 0.248422 0.328901 0.413461 0.502388 0.595634 0.692819 0.793262 0.896027 1 
65 0 0.0978195 0.172695 0.250102 0.330867 0.415564 0.504468 0.597531 0.694387 0.79438 0.896608 1 
66 0 0.0985476 0.173915 0.25172 0.332761 0.41759 0.506471 0.599357 0.695897 0.795456 0.897168 1 
67 0 0.0992492 0.175089 0.253279 0.334585 0.419541 0.5084 0.601116 0.697351 0.796493 0.897707 1 
68 0 0.0999251 0.176221 0.25478 0.336343 0.421421 0.510257 0.60281 0.69875 0.79749 0.898226 1 
69 0 0.100576 0.177311 0.256227 0.338036 0.423231 0.512047 0.604441 0.700098 0.798451 0.898726 1 
70 0 0.101204 0.178362 0.257621 0.339667 0.424975 0.51377 0.606012 0.701396 0.799377 0.899207 1 
71 0 0.101808 0.179374 0.258963 0.341238 0.426654 0.51543 0.607525 0.702646 0.800267 0.89967 1 
72 0 0.102391 0.180349 0.260257 0.342751 0.428272 0.517029 0.608982 0.70385 0.801125 0.900117 1 
73 0 0.102952 0.181288 0.261502 0.344209 0.42983 0.518568 0.610386 0.705009 0.801952 0.900546 1 
74 0 0.103492 0.182193 0.262703 0.345613 0.431331 0.520051 0.611737 0.706126 0.802747 0.90096 1 
75 0 0.104013 0.183064 0.263859 0.346965 0.432777 0.521479 0.613039 0.707201 0.803513 0.901358 1 
76 0 0.104515 0.183904 0.264972 0.348268 0.434169 0.522855 0.614292 0.708236 0.804251 0.901742 1 
77 0 0.104998 0.184713 0.266045 0.349523 0.43551 0.52418 0.615499 0.709233 0.804962 0.902111 1 
78 0 0.105463 0.185492 0.267078 0.350731 0.436802 0.525456 0.616662 0.710194 0.805646 0.902467 1 
79 0 0.105912 0.186242 0.268074 0.351896 0.438046 0.526685 0.617782 0.711119 0.806305 0.90281 1 
80 0 0.106344 0.186965 0.269032 0.353017 0.439245 0.527869 0.618861 0.712009 0.80694 0.90314 1 
81 0 0.10676 0.187661 0.269956 0.354097 0.440399 0.529009 0.619899 0.712867 0.807551 0.903458 1 
82 0 0.10716 0.188332 0.270845 0.355138 0.441511 0.530107 0.6209 0.713694 0.80814 0.903764 1 
83 0 0.107546 0.188978 0.271702 0.35614 0.442581 0.531165 0.621864 0.714489 0.808707 0.904059 1 
84 0 0.107918 0.189601 0.272527 0.357105 0.443613 0.532183 0.622792 0.715256 0.809253 0.904343 1 
85 0 0.108276 0.1902 0.273322 0.358035 0.444606 0.533165 0.623686 0.715994 0.809779 0.904616 1 
86 0 0.108621 0.190777 0.274088 0.35893 0.445563 0.53411 0.624546 0.716705 0.810286 0.904879 1 
87 0 0.108954 0.191333 0.274825 0.359793 0.446485 0.53502 0.625376 0.71739 0.810774 0.905133 1 
88 0 0.109274 0.191869 0.275536 0.360623 0.447372 0.535897 0.626174 0.718049 0.811244 0.905377 1 
89 0 0.109582 0.192385 0.27622 0.361424 0.448227 0.536741 0.626944 0.718685 0.811696 0.905613 1 
90 0 0.109879 0.192882 0.276879 0.362194 0.449051 0.537554 0.627684 0.719296 0.812132 0.905839 1 
91 0 0.110165 0.193361 0.277514 0.362937 0.449844 0.538338 0.628398 0.719886 0.812552 0.906058 1 
92 0 0.11044 0.193822 0.278125 0.363652 0.450608 0.539092 0.629085 0.720453 0.812956 0.906268 1 
93 0 0.110706 0.194266 0.278714 0.36434 0.451344 0.539819 0.629747 0.721 0.813346 0.90647 1 
94 0 0.110961 0.194694 0.279281 0.365004 0.452052 0.540519 0.630385 0.721526 0.813721 0.906665 1 
95 0 0.111208 0.195106 0.279828 0.365643 0.452735 0.541193 0.630999 0.722033 0.814082 0.906853 1 
96 0 0.111445 0.195503 0.280354 0.366258 0.453393 0.541842 0.631591 0.722522 0.81443 0.907034 1 
97 0 0.111673 0.195885 0.280861 0.366851 0.454026 0.542468 0.63216 0.722992 0.814765 0.907208 1 
98 0 0.111893 0.196253 0.281349 0.367422 0.454636 0.54307 0.632709 0.723445 0.815088 0.907376 1 
99 0 0.112105 0.196608 0.281819 0.367971 0.455223 0.54365 0.633238 0.723882 0.815399 0.907538 1 
100 0 0.112309 0.196949 0.282272 0.368501 0.455789 0.544209 0.633747 0.724302 0.815698 0.907693 1 
101 0 0.112506 0.197278 0.282708 0.369011 0.456334 0.544747 0.634237 0.724707 0.815987 0.907843 1 
102 0 0.112695 0.197595 0.283129 0.369503 0.456859 0.545266 0.634709 0.725097 0.816265 0.907988 1 
103 0 0.112877 0.1979 0.283533 0.369976 0.457365 0.545765 0.635164 0.725472 0.816532 0.908127 1 
104 0 0.113053 0.198194 0.283923 0.370432 0.457852 0.546246 0.635602 0.725834 0.81679 0.908261 1 
105 0 0.113222 0.198477 0.284298 0.370871 0.458321 0.546709 0.636024 0.726183 0.817038 0.90839 1 
106 0 0.113385 0.19875 0.28466 0.371293 0.458773 0.547155 0.63643 0.726518 0.817277 0.908514 1 
107 0 0.113542 0.199013 0.285008 0.371701 0.459208 0.547585 0.636822 0.726841 0.817507 0.908634 1 
108 0 0.113693 0.199266 0.285344 0.372093 0.459627 0.547999 0.637199 0.727153 0.817729 0.908749 1 
109 0 0.113839 0.199509 0.285667 0.372471 0.460031 0.548398 0.637562 0.727453 0.817943 0.90886 1 
110 0 0.113979 0.199744 0.285978 0.372835 0.460419 0.548782 0.637912 0.727741 0.818149 0.908967 1 
111 0 0.114114 0.19997 0.286278 0.373185 0.460794 0.549151 0.638249 0.72802 0.818347 0.90907 1 
112 0 0.114244 0.200188 0.286567 0.373523 0.461155 0.549508 0.638573 0.728287 0.818538 0.90917 1 
113 0 0.11437 0.200397 0.286845 0.373848 0.461502 0.549851 0.638886 0.728545 0.818721 0.909265 1 
114 0 0.11449 0.200599 0.287113 0.374161 0.461837 0.550181 0.639187 0.728794 0.818899 0.909357 1 
115 0 0.114607 0.200794 0.287371 0.374463 0.462159 0.550499 0.639476 0.729033 0.819069 0.909446 1 
116 0 0.114719 0.200981 0.287619 0.374754 0.462469 0.550806 0.639756 0.729264 0.819233 0.909531 1 
117 0 0.114826 0.201162 0.287858 0.375034 0.462768 0.551101 0.640025 0.729486 0.819392 0.909614 1 
118 0 0.11493 0.201336 0.288089 0.375303 0.463056 0.551386 0.640284 0.7297 0.819544 0.909693 1 
119 0 0.11503 0.201503 0.288311 0.375563 0.463334 0.55166 0.640533 0.729906 0.819691 0.909769 1 
120 0 0.115127 0.201664 0.288525 0.375813 0.463601 0.551923 0.640774 0.730104 0.819832 0.909843 1 
121 0 0.11522 0.20182 0.288731 0.376054 0.463858 0.552178 0.641005 0.730296 0.819968 0.909913 1 
122 0 0.115309 0.201969 0.288929 0.376286 0.464106 0.552422 0.641228 0.73048 0.820099 0.909982 1 
123 0 0.115395 0.202114 0.28912 0.376509 0.464345 0.552658 0.641443 0.730657 0.820226 0.910047 1 
124 0 0.115478 0.202252 0.289304 0.376724 0.464575 0.552885 0.64165 0.730828 0.820347 0.91011 1 
125 0 0.115558 0.202386 0.289482 0.376932 0.464796 0.553104 0.641849 0.730992 0.820465 0.910171 1 
126 0 0.115635 0.202515 0.289652 0.377131 0.46501 0.553314 0.642041 0.731151 0.820577 0.91023 1 
127 0 0.115709 0.202639 0.289817 0.377324 0.465215 0.553517 0.642226 0.731303 0.820686 0.910287 1 
128 0 0.11578 0.202758 0.289975 0.377509 0.465413 0.553713 0.642404 0.73145 0.820791 0.910341 1 
129 0 0.115849 0.202873 0.290128 0.377687 0.465603 0.553901 0.642575 0.731592 0.820892 0.910393 1 
130 0 0.115915 0.202984 0.290275 0.377859 0.465787 0.554082 0.64274 0.731728 0.820989 0.910444 1 
131 0 0.115979 0.203091 0.290416 0.378025 0.465964 0.554257 0.642899 0.731859 0.821082 0.910493 1 
132 0 0.11604 0.203194 0.290552 0.378184 0.466134 0.554425 0.643052 0.731986 0.821173 0.910539 1 
133 0 0.1161 0.203293 0.290684 0.378337 0.466298 0.554587 0.6432 0.732108 0.821259 0.910585 1 
134 0 0.116157 0.203388 0.29081 0.378485 0.466456 0.554743 0.643342 0.732225 0.821343 0.910628 1 
135 0 0.116212 0.20348 0.290932 0.378628 0.466608 0.554893 0.643479 0.732338 0.821424 0.91067 1 
136 0 0.116264 0.203568 0.291049 0.378765 0.466755 0.555038 0.643611 0.732447 0.821501 0.91071 1 
137 0 0.116315 0.203654 0.291162 0.378897 0.466896 0.555178 0.643738 0.732552 0.821576 0.910749 1 
138 0 0.116364 0.203736 0.291271 0.379024 0.467032 0.555312 0.64386 0.732653 0.821648 0.910786 1 
139 0 0.116412 0.203815 0.291376 0.379147 0.467163 0.555441 0.643978 0.73275 0.821717 0.910822 1 
140 0 0.116457 0.203891 0.291477 0.379265 0.467289 0.555566 0.644091 0.732844 0.821784 0.910857 1 
141 0 0.116501 0.203964 0.291574 0.379379 0.467411 0.555686 0.644201 0.732934 0.821848 0.910891 1 
142 0 0.116543 0.204035 0.291668 0.379488 0.467528 0.555801 0.644306 0.733021 0.82191 0.910923 1 
143 0 0.116584 0.204103 0.291758 0.379594 0.46764 0.555913 0.644407 0.733105 0.82197 0.910954 1 
144 0 0.116623 0.204168 0.291845 0.379695 0.467749 0.55602 0.644505 0.733185 0.822027 0.910984 1 
145 0 0.116661 0.204232 0.291929 0.379793 0.467854 0.556123 0.644599 0.733263 0.822082 0.911012 1 
146 0 0.116697 0.204292 0.292009 0.379888 0.467954 0.556222 0.64469 0.733338 0.822136 0.91104 1 
147 0 0.116732 0.204351 0.292087 0.379978 0.468051 0.556318 0.644777 0.73341 0.822187 0.911067 1 
148 0 0.116766 0.204407 0.292162 0.380066 0.468145 0.556411 0.644861 0.733479 0.822236 0.911093 1 
149 0 0.116798 0.204462 0.292234 0.38015 0.468235 0.556499 0.644942 0.733546 0.822284 0.911117 1 
150 0 0.116829 0.204514 0.292303 0.380231 0.468321 0.556585 0.64502 0.73361 0.82233 0.911141 1 
151 0 0.11686 0.204564 0.29237 0.380309 0.468405 0.556667 0.645095 0.733672 0.822374 0.911164 1 
152 0 0.116889 0.204613 0.292434 0.380385 0.468485 0.556747 0.645167 0.733732 0.822417 0.911186 1 
153 0 0.116916 0.20466 0.292496 0.380457 0.468563 0.556823 0.645237 0.73379 0.822458 0.911208 1 
154 0 0.116943 0.204705 0.292556 0.380527 0.468637 0.556897 0.645304 0.733845 0.822497 0.911228 1 
155 0 0.116969 0.204748 0.292614 0.380594 0.468709 0.556968 0.645369 0.733898 0.822535 0.911248 1 
156 0 0.116994 0.20479 0.292669 0.380659 0.468778 0.557036 0.645431 0.73395 0.822572 0.911267 1 
157 0 0.117018 0.20483 0.292722 0.380721 0.468845 0.557102 0.645491 0.733999 0.822607 0.911285 1 
158 0 0.117041 0.204869 0.292774 0.380781 0.468909 0.557165 0.645549 0.734047 0.822641 0.911303 1 
159 0 0.117064 0.204906 0.292823 0.380839 0.468971 0.557227 0.645604 0.734093 0.822674 0.91132 1 
160 0 0.117085 0.204942 0.292871 0.380895 0.469031 0.557285 0.645658 0.734137 0.822705 0.911336 1 
161 0 0.117106 0.204977 0.292917 0.380949 0.469088 0.557342 0.645709 0.73418 0.822736 0.911352 1 
162 0 0.117126 0.20501 0.292961 0.381 0.469143 0.557397 0.645759 0.734221 0.822765 0.911367 1 
163 0 0.117145 0.205042 0.293004 0.38105 0.469196 0.557449 0.645807 0.73426 0.822793 0.911382 1 
164 0 0.117164 0.205073 0.293045 0.381098 0.469248 0.5575 0.645853 0.734298 0.82282 0.911396 1 
165 0 0.117181 0.205103 0.293084 0.381144 0.469297 0.557548 0.645897 0.734335 0.822846 0.91141 1 
166 0 0.117198 0.205132 0.293122 0.381189 0.469345 0.557595 0.64594 0.73437 0.822871 0.911423 1 
167 0 0.117215 0.205159 0.293159 0.381232 0.46939 0.557641 0.645981 0.734404 0.822896 0.911435 1 
168 0 0.117231 0.205186 0.293194 0.381273 0.469435 0.557684 0.646021 0.734437 0.822919 0.911447 1 
169 0 0.117246 0.205212 0.293228 0.381313 0.469477 0.557726 0.646059 0.734469 0.822941 0.911459 1 
170 0 0.117261 0.205236 0.293261 0.381351 0.469518 0.557767 0.646096 0.734499 0.822963 0.91147 1 
171 0 0.117275 0.20526 0.293293 0.381388 0.469557 0.557806 0.646132 0.734528 0.822984 0.911481 1 
172 0 0.117289 0.205283 0.293323 0.381424 0.469595 0.557843 0.646166 0.734557 0.823004 0.911492 1 
173 0 0.117302 0.205305 0.293352 0.381458 0.469632 0.557879 0.646199 0.734584 0.823023 0.911502 1 
174 0 0.117315 0.205326 0.29338 0.381491 0.469667 0.557914 0.64623 0.73461 0.823042 0.911511 1 
175 0 0.117327 0.205347 0.293408 0.381523 0.469701 0.557947 0.646261 0.734635 0.82306 0.911521 1 
176 0 0.117339 0.205367 0.293434 0.381553 0.469734 0.55798 0.64629 0.734659 0.823077 0.91153 1 
177 0 0.11735 0.205386 0.293459 0.381583 0.469765 0.558011 0.646318 0.734683 0.823094 0.911538 1 
178 0 0.117361 0.205404 0.293483 0.381611 0.469796 0.558041 0.646346 0.734705 0.82311 0.911547 1 
179 0 0.117372 0.205421 0.293506 0.381638 0.469825 0.55807 0.646372 0.734727 0.823125 0.911555 1 
180 0 0.117382 0.205438 0.293529 0.381665 0.469853 0.558097 0.646397 0.734748 0.82314 0.911562 1 
181 0 0.117392 0.205455 0.293551 0.38169 0.46988 0.558124 0.646422 0.734768 0.823155 0.91157 1 
182 0 0.117401 0.205471 0.293572 0.381714 0.469906 0.55815 0.646445 0.734787 0.823168 0.911577 1 
183 0 0.11741 0.205486 0.293592 0.381738 0.469931 0.558175 0.646468 0.734806 0.823182 0.911584 1 
184 0 0.117419 0.2055 0.293611 0.381761 0.469955 0.558199 0.64649 0.734824 0.823195 0.911591 1 
185 0 0.117427 0.205514 0.29363 0.381782 0.469979 0.558222 0.64651 0.734841 0.823207 0.911597 1 
186 0 0.117435 0.205528 0.293648 0.381803 0.470001 0.558244 0.646531 0.734858 0.823219 0.911603 1 
187 0 0.117443 0.205541 0.293665 0.381824 0.470023 0.558265 0.64655 0.734874 0.82323 0.911609 1 
188 0 0.117451 0.205554 0.293682 0.381843 0.470044 0.558286 0.646569 0.73489 0.823241 0.911615 1 
189 0 0.117458 0.205566 0.293698 0.381862 0.470064 0.558305 0.646587 0.734904 0.823252 0.91162 1 
190 0 0.117465 0.205577 0.293713 0.38188 0.470083 0.558325 0.646604 0.734919 0.823262 0.911626 1 
191 0 0.117471 0.205589 0.293728 0.381897 0.470102 0.558343 0.646621 0.734933 0.823272 0.911631 1 
192 0 0.117478 0.205599 0.293742 0.381914 0.470119 0.558361 0.646637 0.734946 0.823281 0.911636 1 
193 0 0.117484 0.20561 0.293756 0.38193 0.470137 0.558378 0.646653 0.734959 0.82329 0.91164 1 
194 0 0.11749 0.20562 0.29377 0.381946 0.470153 0.558394 0.646668 0.734971 0.823299 0.911645 1 
195 0 0.117496 0.205629 0.293782 0.381961 0.470169 0.55841 0.646682 0.734983 0.823308 0.911649 1 
196 0 0.117502 0.205639 0.293795 0.381975 0.470185 0.558425 0.646696 0.734994 0.823316 0.911654 1 
197 0 0.117507 0.205648 0.293807 0.381989 0.4702 0.55844 0.646709 0.735005 0.823324 0.911658 1 
198 0 0.117512 0.205656 0.293818 0.382003 0.470214 0.558454 0.646722 0.735016 0.823331 0.911662 1 
