0 0 0 0 0 0 0 0 0 0 0 1 
0 4.41713e-08 2.57666e-07 1.50182e-06 8.75327e-06 5.10178e-05 0.000297354 0.0017331 0.0101013 0.0588745 0.343146 1 
0 6.21425e-07 3.27897e-06 1.69911e-05 8.66529e-05 0.0004329 0.00210261 0.00980391 0.042856 0.166522 0.485281 1 
0 4.25501e-06 2.02991e-05 9.33689e-05 0.000416 0.00177943 0.00720554 0.0270118 0.0902987 0.252742 0.564971 1 
0 1.9042e-05 8.22692e-05 0.000336351 0.0013128 0.00483565 0.0165207 0.0510861 0.138468 0.319372 0.617009 1 
0 6.31882e-05 0.000248244 0.000906347 0.00312207 0.0100285 0.0295439 0.0782719 0.182927 0.371894 0.654214 1 
0 0.00016739 0.000601819 0.0019775 0.00608016 0.0173245 0.0451442 0.106152 0.222754 0.414355 0.682446 1 
0 0.00037225 0.00123486 0.00368838 0.0102584 0.0263998 0.062267 0.133437 0.258155 0.449475 0.704787 1 
0 0.000721226 0.00222779 0.00611519 0.0155933 0.0368397 0.08012 0.159509 0.289637 0.479092 0.723024 1 
0 0.00125251 0.00363607 0.00927189 0.0219438 0.0482492 0.0981585 0.184113 0.317744 0.504476 0.738269 1 
0 0.00199317 0.00548571 0.0131245 0.0291379 0.0602942 0.116027 0.207187 0.342966 0.526532 0.751258 1 
0 0.00295676 0.00777571 0.0176084 0.0370021 0.0727094 0.133501 0.228765 0.365722 0.545917 0.762494 1 
0 0.00414395 0.0104838 0.0226424 0.0453759 0.0852913 0.150449 0.248928 0.386363 0.563125 0.772338 1 
0 0.00554481 0.013573 0.0281394 0.0541187 0.0978872 0.166797 0.267774 0.405181 0.578532 0.781056 1 
0 0.00714174 0.0169975 0.034013 0.0631103 0.110385 0.182508 0.285409 0.422417 0.592427 0.788845 1 
0 0.00891228 0.0207073 0.0401819 0.0722503 0.122702 0.197574 0.301932 0.438274 0.605042 0.79586 1 
0 0.0108315 0.024652 0.0465716 0.0814561 0.134781 0.212 0.317438 0.45292 0.616559 0.80222 1 
0 0.0128739 0.0287828 0.0531157 0.0906601 0.14658 0.225803 0.332016 0.466497 0.62713 0.808022 1 
0 0.0150146 0.0330543 0.059756 0.0998073 0.158072 0.239003 0.345744 0.479126 0.636874 0.813341 1 
0 0.01723 0.0374252 0.0664421 0.108854 0.169239 0.251625 0.358692 0.490909 0.645895 0.818242 1 
0 0.019499 0.0418588 0.0731312 0.117765 0.18007 0.263696 0.370925 0.501934 0.654275 0.822776 1 
0 0.0218022 0.0463228 0.079787 0.126513 0.190559 0.275241 0.382499 0.512276 0.662087 0.826985 1 
0 0.0241229 0.0507895 0.0863792 0.135076 0.200706 0.286285 0.393467 0.521999 0.66939 0.830908 1 
0 0.0264463 0.055235 0.0928829 0.143438 0.210511 0.296854 0.403872 0.531161 0.676237 0.834574 1 
0 0.0287601 0.0596395 0.0992778 0.151588 0.219979 0.306971 0.413757 0.53981 0.682671 0.838009 1 
0 0.0310536 0.0639863 0.105548 0.159516 0.229115 0.316658 0.423157 0.547989 0.688731 0.841237 1 
0 0.0333181 0.0682619 0.111679 0.167217 0.237926 0.325937 0.432106 0.555737 0.69445 0.844276 1 
0 0.0355462 0.0724551 0.117663 0.174687 0.24642 0.334827 0.440633 0.563087 0.699857 0.847143 1 
0 0.0377323 0.0765573 0.123492 0.181926 0.254604 0.343346 0.448766 0.570068 0.704978 0.849854 1 
0 0.0398715 0.0805617 0.12916 0.188932 0.262488 0.351513 0.456527 0.576707 0.709834 0.85242 1 
0 0.0419602 0.0844633 0.134665 0.195709 0.270079 0.359343 0.463941 0.583027 0.714446 0.854853 1 
0 0.0439958 0.0882584 0.140003 0.202259 0.277387 0.366853 0.471026 0.58905 0.718831 0.857164 1 
0 0.0459762 0.0919445 0.145175 0.208584 0.284421 0.374057 0.477801 0.594794 0.723005 0.859361 1 
0 0.0479001 0.0955204 0.150181 0.214689 0.29119 0.380968 0.484283 0.600276 0.726982 0.861451 1 
0 0.0497667 0.0989853 0.155023 0.220579 0.297703 0.3876 0.490487 0.605513 0.730775 0.863443 1 
0 0.0515757 0.10234 0.159701 0.226259 0.303968 0.393964 0.496428 0.610518 0.734394 0.865343 1 
0 0.0533271 0.105584 0.16422 0.231734 0.309994 0.400073 0.50212 0.615305 0.737852 0.867155 1 
0 0.0550213 0.108719 0.168581 0.237009 0.31579 0.405937 0.507573 0.619885 0.741156 0.868886 1 
0 0.0566589 0.111748 0.172788 0.24209 0.321364 0.411567 0.512801 0.624269 0.744316 0.870541 1 
0 0.0582407 0.114671 0.176845 0.246983 0.326724 0.416973 0.517813 0.628468 0.747339 0.872123 1 
0 0.0597676 0.117492 0.180755 0.251695 0.331877 0.422163 0.52262 0.63249 0.750232 0.873636 1 
0 0.0612409 0.120212 0.184523 0.256229 0.336831 0.427148 0.527231 0.636344 0.753003 0.875085 1 
0 0.0626618 0.122834 0.188152 0.260593 0.341595 0.431934 0.531655 0.640039 0.755658 0.876472 1 
0 0.0640315 0.12536 0.191647 0.264792 0.346173 0.436532 0.535899 0.643582 0.758201 0.8778 1 
0 0.0653514 0.127794 0.195012 0.268832 0.350575 0.440947 0.539973 0.64698 0.76064 0.879074 1 
0 0.066623 0.130137 0.198251 0.272718 0.354806 0.445189 0.543884 0.650239 0.762978 0.880294 1 
0 0.0678476 0.132394 0.201368 0.276456 0.358873 0.449263 0.547637 0.653366 0.76522 0.881464 1 
0 0.0690266 0.134566 0.204367 0.28005 0.362782 0.453177 0.551241 0.656367 0.76737 0.882586 1 
0 0.0701616 0.136657 0.207252 0.283507 0.366539 0.456936 0.554701 0.659247 0.769434 0.883663 1 
0 0.071254 0.138668 0.210028 0.28683 0.37015 0.460548 0.558024 0.662011 0.771414 0.884696 1 
0 0.072305 0.140603 0.212697 0.290026 0.37362 0.464017 0.561215 0.664665 0.773314 0.885687 1 
0 0.0733163 0.142465 0.215264 0.293098 0.376955 0.467351 0.564279 0.667213 0.775138 0.886638 1 
0 0.0742891 0.144256 0.217733 0.296052 0.380161 0.470553 0.567222 0.669659 0.77689 0.887551 1 
0 0.0752248 0.145978 0.220107 0.298891 0.383241 0.47363 0.570049 0.672008 0.778571 0.888427 1 
0 0.0761247 0.147633 0.222389 0.30162 0.386202 0.476586 0.572765 0.674264 0.780185 0.889268 1 
0 0.07699 0.149226 0.224584 0.304244 0.389047 0.479426 0.575373 0.676431 0.781735 0.890076 1 
0 0.0778222 0.150757 0.226693 0.306765 0.391781 0.482155 0.577878 0.678512 0.783223 0.890852 1 
0 0.0786222 0.152229 0.228721 0.309189 0.394408 0.484777 0.580285 0.680511 0.784653 0.891597 1 
0 0.0793915 0.153644 0.23067 0.311518 0.396933 0.487296 0.582597 0.68243 0.786026 0.892312 1 
0 0.080131 0.155004 0.232544 0.313757 0.399359 0.489717 0.584819 0.684275 0.787345 0.892999 1 
0 0.0808419 0.156312 0.234345 0.315909 0.40169 0.492042 0.586953 0.686046 0.788611 0.893659 1 
0 0.0815252 0.157568 0.236076 0.317977 0.403931 0.494277 0.589003 0.687748 0.789828 0.894293 1 
0 0.0821821 0.158777 0.23774 0.319964 0.406084 0.496424 0.590973 0.689383 0.790997 0.894902 1 
0 0.0828135 0.159938 0.239339 0.321874 0.408153 0.498487 0.592866 0.690954 0.79212 0.895487 1 
0 0.0834203 0.161054 0.240875 0.323709 0.410141 0.50047 0.594684 0.692463 0.793199 0.896049 1 
0 0.0840036 0.162127 0.242352 0.325473 0.412051 0.502375 0.596431 0.693912 0.794235 0.896588 1 
0 0.0845642 0.163157 0.243772 0.327168 0.413887 0.504205 0.59811 0.695305 0.79523 0.897107 1 
0 0.085103 0.164148 0.245136 0.328797 0.415651 0.505963 0.599723 0.696643 0.796187 0.897605 1 
0 0.0856208 0.1651 0.246447 0.330362 0.417346 0.507653 0.601272 0.697929 0.797106 0.898084 1 
0 0.0861184 0.166015 0.247706 0.331867 0.418975 0.509277 0.602762 0.699165 0.797989 0.898544 1 
0 0.0865967 0.166895 0.248917 0.333312 0.420541 0.510837 0.604192 0.700351 0.798837 0.898986 1 
0 0.0870563 0.16774 0.25008 0.334701 0.422045 0.512337 0.605567 0.701492 0.799652 0.89941 1 
0 0.0874979 0.168552 0.251198 0.336036 0.42349 0.513777 0.606888 0.702588 0.800435 0.899818 1 
0 0.0879224 0.169333 0.252273 0.337319 0.424879 0.515161 0.608157 0.703641 0.801188 0.90021 1 
0 0.0883303 0.170083 0.253305 0.338551 0.426213 0.516491 0.609377 0.704652 0.801911 0.900586 1 
0 0.0887223 0.170803 0.254297 0.339736 0.427496 0.51777 0.610548 0.705624 0.802605 0.900948 1 
0 0.0890989 0.171496 0.25525 0.340874 0.428728 0.518998 0.611674 0.706558 0.803273 0.901296 1 
0 0.0894609 0.172161 0.256167 0.341967 0.429912 0.520178 0.612756 0.707456 0.803914 0.90163 1 
0 0.0898087 0.172801 0.257047 0.343018 0.43105 0.521312 0.613796 0.708318 0.80453 0.901951 1 
0 0.090143 0.173416 0.257893 0.344028 0.432143 0.522401 0.614795 0.709147 0.805123 0.902259 1 
0 0.0904642 0.174006 0.258706 0.344999 0.433194 0.523448 0.615755 0.709943 0.805692 0.902555 1 
0 0.0907728 0.174574 0.259487 0.345931 0.434203 0.524454 0.616677 0.710708 0.806238 0.90284 1 
0 0.0910694 0.175119 0.260237 0.346827 0.435173 0.525421 0.617563 0.711443 0.806764 0.903114 1 
0 0.0913544 0.175643 0.260959 0.347688 0.436106 0.52635 0.618415 0.712149 0.807268 0.903377 1 
0 0.0916283 0.176147 0.261652 0.348516 0.437001 0.527242 0.619233 0.712828 0.807753 0.903629 1 
0 0.0918915 0.17663 0.262318 0.349311 0.437862 0.5281 0.62002 0.71348 0.808219 0.903872 1 
0 0.0921443 0.177095 0.262958 0.350075 0.438689 0.528924 0.620775 0.714107 0.808667 0.904105 1 
0 0.0923874 0.177542 0.263573 0.350809 0.439484 0.529716 0.621501 0.714709 0.809097 0.904329 1 
0 0.0926209 0.177971 0.264164 0.351514 0.440247 0.530477 0.622199 0.715288 0.809511 0.904544 1 
0 0.0928452 0.178384 0.264731 0.352192 0.440981 0.531208 0.622869 0.715844 0.809908 0.904751 1 
0 0.0930609 0.17878 0.265277 0.352843 0.441686 0.531911 0.623513 0.716378 0.81029 0.90495 1 
0 0.093268 0.179161 0.265801 0.353469 0.442364 0.532586 0.624132 0.716891 0.810657 0.905141 1 
0 0.0934671 0.179527 0.266305 0.354071 0.443015 0.533235 0.624727 0.717385 0.811009 0.905325 1 
0 0.0936584 0.179879 0.266789 0.354648 0.44364 0.533858 0.625298 0.717859 0.811348 0.905501 1 
0 0.0938423 0.180217 0.267255 0.355204 0.444241 0.534457 0.625848 0.718314 0.811673 0.905671 1 
0 0.0940189 0.180542 0.267702 0.355737 0.444819 0.535033 0.626375 0.718752 0.811986 0.905833 1 
0 0.0941886 0.180854 0.268131 0.35625 0.445374 0.535586 0.626882 0.719172 0.812287 0.90599 1 
0 0.0943517 0.181154 0.268544 0.356743 0.445907 0.536118 0.627369 0.719576 0.812575 0.90614 1 
0 0.0945085 0.181442 0.26894 0.357216 0.44642 0.536628 0.627838 0.719965 0.812853 0.906285 1 
0 0.0946591 0.181719 0.269322 0.357671 0.446912 0.537119 0.628288 0.720338 0.813119 0.906424 1 
0 0.0948038 0.181985 0.269688 0.358108 0.447386 0.537591 0.62872 0.720696 0.813376 0.906557 1 
0 0.0949428 0.182241 0.27004 0.358528 0.44784 0.538044 0.629135 0.721041 0.813622 0.906685 1 
0 0.0950765 0.182486 0.270378 0.358932 0.448277 0.538479 0.629534 0.721372 0.813858 0.906808 1 
0 0.0952048 0.182722 0.270703 0.35932 0.448697 0.538897 0.629918 0.72169 0.814086 0.906927 1 
0 0.0953282 0.182949 0.271015 0.359692 0.449101 0.539299 0.630286 0.721996 0.814304 0.907041 1 
0 0.0954468 0.183167 0.271315 0.360051 0.449488 0.539686 0.63064 0.722289 0.814514 0.90715 1 
0 0.0955607 0.183377 0.271603 0.360395 0.449861 0.540057 0.630981 0.722572 0.814716 0.907255 1 
0 0.0956702 0.183578 0.27188 0.360725 0.450219 0.540414 0.631308 0.722843 0.814909 0.907356 1 
0 0.0957753 0.183771 0.272146 0.361043 0.450563 0.540756 0.631622 0.723103 0.815096 0.907453 1 
0 0.0958764 0.183957 0.272402 0.361348 0.450893 0.541086 0.631924 0.723354 0.815274 0.907546 1 
0 0.0959735 0.184136 0.272648 0.361642 0.451211 0.541402 0.632214 0.723594 0.815446 0.907635 1 
0 0.0960669 0.184307 0.272884 0.361924 0.451516 0.541706 0.632493 0.723826 0.815612 0.907721 1 
0 0.0961565 0.184472 0.273111 0.362195 0.451809 0.541998 0.632761 0.724048 0.81577 0.907804 1 
0 0.0962427 0.184631 0.273329 0.362455 0.452091 0.542279 0.633018 0.724261 0.815923 0.907884 1 
0 0.0963255 0.184783 0.273539 0.362705 0.452362 0.542549 0.633265 0.724466 0.816069 0.90796 1 
0 0.0964051 0.184929 0.27374 0.362945 0.452622 0.542808 0.633503 0.724663 0.81621 0.908033 1 
0 0.0964815 0.18507 0.273933 0.363176 0.452872 0.543057 0.633731 0.724853 0.816346 0.908104 1 
0 0.096555 0.185205 0.274119 0.363398 0.453112 0.543297 0.633951 0.725035 0.816476 0.908171 1 
0 0.0966256 0.185335 0.274298 0.363611 0.453343 0.543527 0.634162 0.72521 0.816601 0.908237 1 
0 0.0966934 0.185459 0.27447 0.363816 0.453565 0.543748 0.634364 0.725378 0.816721 0.908299 1 
0 0.0967586 0.185579 0.274634 0.364013 0.453778 0.54396 0.634559 0.725539 0.816836 0.908359 1 
0 0.0968212 0.185694 0.274793 0.364202 0.453983 0.544164 0.634746 0.725694 0.816947 0.908417 1 
0 0.0968814 0.185805 0.274945 0.364384 0.454179 0.54436 0.634926 0.725844 0.817054 0.908472 1 
0 0.0969393 0.185911 0.275092 0.364559 0.454369 0.544549 0.635099 0.725987 0.817156 0.908526 1 
0 0.0969948 0.186013 0.275232 0.364727 0.45455 0.54473 0.635265 0.726124 0.817254 0.908577 1 
0 0.0970482 0.186112 0.275367 0.364888 0.454725 0.544904 0.635424 0.726257 0.817349 0.908626 1 
0 0.0970995 0.186206 0.275497 0.365043 0.454893 0.545071 0.635577 0.726384 0.81744 0.908673 1 
0 0.0971488 0.186297 0.275622 0.365192 0.455054 0.545232 0.635725 0.726506 0.817527 0.908719 1 
0 0.0971962 0.186384 0.275742 0.365335 0.455209 0.545386 0.635866 0.726623 0.817611 0.908763 1 
0 0.0972417 0.186467 0.275857 0.365473 0.455358 0.545534 0.636002 0.726736 0.817691 0.908805 1 
0 0.0972855 0.186548 0.275968 0.365605 0.455501 0.545677 0.636133 0.726845 0.817769 0.908845 1 
0 0.0973275 0.186625 0.276074 0.365732 0.455638 0.545814 0.636258 0.726949 0.817843 0.908884 1 
0 0.0973679 0.186699 0.276176 0.365854 0.45577 0.545946 0.636379 0.727049 0.817915 0.908921 1 
0 0.0974067 0.186771 0.276275 0.365971 0.455897 0.546072 0.636495 0.727145 0.817983 0.908957 1 
0 0.097444 0.186839 0.276369 0.366084 0.456019 0.546194 0.636606 0.727237 0.818049 0.908991 1 
0 0.0974799 0.186905 0.27646 0.366192 0.456136 0.54631 0.636713 0.727326 0.818113 0.909024 1 
0 0.0975143 0.186968 0.276547 0.366296 0.456249 0.546423 0.636816 0.727411 0.818174 0.909056 1 
0 0.0975474 0.187029 0.27663 0.366396 0.456357 0.54653 0.636915 0.727493 0.818232 0.909086 1 
0 0.0975792 0.187088 0.276711 0.366492 0.456461 0.546634 0.63701 0.727572 0.818289 0.909116 1 
0 0.0976097 0.187144 0.276788 0.366584 0.456561 0.546734 0.637101 0.727648 0.818343 0.909144 1 
0 0.0976391 0.187198 0.276863 0.366673 0.456657 0.546829 0.637189 0.727721 0.818395 0.909171 1 
0 0.0976673 0.18725 0.276934 0.366758 0.456749 0.546921 0.637273 0.72779 0.818445 0.909197 1 
0 0.0976944 0.1873 0.277003 0.36684 0.456838 0.547009 0.637354 0.727858 0.818493 0.909222 1 
0 0.0977204 0.187348 0.277068 0.366919 0.456923 0.547094 0.637432 0.727922 0.818539 0.909246 1 
0 0.0977455 0.187394 0.277132 0.366994 0.457005 0.547176 0.637507 0.727984 0.818583 0.909269 1 
0 0.0977695 0.187438 0.277193 0.367067 0.457083 0.547254 0.637579 0.728044 0.818626 0.909291 1 
0 0.0977926 0.18748 0.277251 0.367137 0.457159 0.54733 0.637648 0.728101 0.818667 0.909312 1 
0 0.0978148 0.187521 0.277307 0.367204 0.457232 0.547402 0.637714 0.728156 0.818706 0.909333 1 
0 0.0978362 0.18756 0.277361 0.367268 0.457301 0.547471 0.637778 0.728209 0.818744 0.909353 1 
0 0.0978567 0.187598 0.277413 0.36733 0.457368 0.547538 0.637839 0.72826 0.81878 0.909371 1 
0 0.0978764 0.187634 0.277463 0.36739 0.457433 0.547602 0.637898 0.728308 0.818815 0.90939 1 
0 0.0978953 0.187669 0.277511 0.367447 0.457495 0.547664 0.637954 0.728355 0.818848 0.909407 1 
0 0.0979135 0.187702 0.277557 0.367502 0.457554 0.547723 0.638009 0.7284 0.818881 0.909424 1 
0 0.097931 0.187735 0.277601 0.367555 0.457611 0.54778 0.638061 0.728444 0.818912 0.90944 1 
0 0.0979478 0.187766 0.277644 0.367605 0.457666 0.547835 0.638111 0.728485 0.818941 0.909455 1 
0 0.0979639 0.187795 0.277685 0.367654 0.457719 0.547888 0.638159 0.728525 0.81897 0.90947 1 
0 0.0979794 0.187824 0.277724 0.367701 0.45777 0.547938 0.638206 0.728564 0.818997 0.909485 1 
0 0.0979943 0.187851 0.277762 0.367746 0.457819 0.547987 0.63825 0.728601 0.819024 0.909498 1 
0 0.0980087 0.187877 0.277798 0.367789 0.457865 0.548033 0.638293 0.728636 0.819049 0.909512 1 
0 0.0980224 0.187903 0.277833 0.367831 0.45791 0.548078 0.638334 0.72867 0.819073 0.909524 1 
0 0.0980357 0.187927 0.277866 0.367871 0.457954 0.548121 0.638373 0.728703 0.819097 0.909536 1 
0 0.0980484 0.18795 0.277898 0.367909 0.457995 0.548163 0.638411 0.728735 0.819119 0.909548 1 
0 0.0980606 0.187973 0.277929 0.367946 0.458035 0.548203 0.638448 0.728765 0.819141 0.909559 1 
0 0.0980723 0.187994 0.277959 0.367981 0.458074 0.548241 0.638483 0.728794 0.819162 0.90957 1 
0 0.0980836 0.188015 0.277987 0.368015 0.45811 0.548277 0.638517 0.728822 0.819182 0.909581 1 
0 0.0980944 0.188035 0.278015 0.368048 0.458146 0.548313 0.638549 0.728849 0.819201 0.909591 1 
0 0.0981048 0.188054 0.278041 0.36808 0.45818 0.548347 0.63858 0.728874 0.819219 0.9096 1 
0 0.0981148 0.188073 0.278066 0.36811 0.458213 0.548379 0.63861 0.728899 0.819237 0.909609 1 
0 0.0981244 0.18809 0.278091 0.368139 0.458244 0.548411 0.638639 0.728923 0.819254 0.909618 1 
0 0.0981337 0.188107 0.278114 0.368167 0.458274 0.548441 0.638666 0.728946 0.81927 0.909627 1 
0 0.0981425 0.188124 0.278137 0.368194 0.458303 0.54847 0.638693 0.728968 0.819286 0.909635 1 
0 0.0981511 0.188139 0.278158 0.368219 0.458331 0.548497 0.638718 0.728989 0.819301 0.909643 1 
0 0.0981593 0.188154 0.278179 0.368244 0.458358 0.548524 0.638743 0.729009 0.819316 0.90965 1 
0 0.0981671 0.188169 0.278199 0.368268 0.458384 0.54855 0.638766 0.729029 0.81933 0.909658 1 
0 0.0981747 0.188183 0.278218 0.368291 0.458408 0.548574 0.638789 0.729048 0.819343 0.909665 1 
0 0.098182 0.188196 0.278236 0.368313 0.458432 0.548598 0.638811 0.729066 0.819356 0.909671 1 
0 0.098189 0.188209 0.278254 0.368334 0.458455 0.548621 0.638831 0.729083 0.819368 0.909678 1 
0 0.0981957 0.188221 0.278271 0.368354 0.458477 0.548643 0.638851 0.729099 0.81938 0.909684 1 
0 0.0982021 0.188233 0.278287 0.368374 0.458498 0.548664 0.638871 0.729115 0.819391 0.90969 1 
0 0.0982083 0.188245 0.278303 0.368392 0.458518 0.548684 0.638889 0.729131 0.819402 0.909696 1 
0 0.0982143 0.188255 0.278318 0.36841 0.458538 0.548703 0.638907 0.729146 0.819413 0.909701 1 
0 0.09822 0.188266 0.278333 0.368428 0.458556 0.548722 0.638924 0.72916 0.819423 0.909706 1 
0 0.0982255 0.188276 0.278346 0.368444 0.458574 0.54874 0.638941 0.729173 0.819433 0.909711 1 
0 0.0982308 0.188286 0.27836 0.36846 0.458592 0.548757 0.638956 0.729186 0.819442 0.909716 1 
0 0.0982359 0.188295 0.278373 0.368475 0.458608 0.548774 0.638971 0.729199 0.819451 0.909721 1 
0 0.0982407 0.188304 0.278385 0.36849 0.458624 0.54879 0.638986 0.729211 0.81946 0.909726 1 
0 0.0982454 0.188313 0.278397 0.368504 0.45864 0.548805 0.639 0.729223 0.819468 0.90973 1 
0 0.0982499 0.188321 0.278408 0.368518 0.458654 0.54882 0.639014 0.729234 0.819476 0.909734 1 
0 0.0982543 0.188329 0.278419 0.368531 0.458668 0.548834 0.639026 0.729245 0.819484 0.909738 1 
0 0.0982584 0.188337 0.27843 0.368544 0.458682 0.548847 0.639039 0.729255 0.819491 0.909742 1 
0 0.0982624 0.188344 0.27844 0.368556 0.458695 0.54886 0.639051 0.729265 0.819498 0.909746 1 
0 0.0982663 0.188351 0.27845 0.368567 0.458708 0.548873 0.639062 0.729274 0.819505 0.909749 1 
0 0.0982699 0.188358 0.278459 0.368578 0.45872 0.548885 0.639073 0.729283 0.819512 0.909752 1 
0 0.0982735 0.188364 0.278468 0.368589 0.458731 0.548896 0.639084 0.729292 0.819518 0.909756 1 
0 0.0982769 0.188371 0.278477 0.368599 0.458743 0.548907 0.639094 0.729301 0.819524 0.909759 1 
0 0.0982802 0.188377 0.278485 0.368609 0.458753 0.548918 0.639104 0.729309 0.81953 0.909762 1 
0 0.0982833 0.188382 0.278493 0.368619 0.458764 0.548928 0.639113 0.729317 0.819535 0.909765 1 
0 0.0982863 0.188388 0.2785 0.368628 0.458773 0.548938 0.639122 0.729324 0.819541 0.909768 1 
0 0.0982893 0.188393 0.278508 0.368637 0.458783 0.548948 0.639131 0.729331 0.819546 0.90977 1 
