0 0 0 0 0 0 0 0 0 0 0 0 1 
1 0 0 0 0 0 0 0 0 0 0 0.5 1 
2 0 0 0 0 0 0 0 0 0 0.25 0.625 1 
3 0 0 0 0 0 0 0 0 0.125 0.375 0.6875 1 
4 0 0 0 0 0 0 0 0.0625 0.21875 0.453125 0.726562 1 
5 0 0 0 0 0 0 0.03125 0.125 0.289062 0.507812 0.753906 1 
6 0 0 0 0 0 0.015625 0.0703125 0.179688 0.34375 0.548828 0.774414 1 
7 0 0 0 0 0.0078125 0.0390625 0.109375 0.226562 0.387695 0.581055 0.790527 1 
8 0 0 0 0.00390625 0.0214844 0.0654297 0.145996 0.266846 0.42395 0.607239 0.803619 1 
9 0 0 0.00195312 0.0117188 0.0385742 0.0922852 0.179565 0.301758 0.454498 0.629059 0.814529 1 
10 0 0.000976562 0.00634766 0.0224609 0.057373 0.118469 0.210114 0.332306 0.480682 0.647606 0.823803 1 
11 0 0.00317383 0.0128174 0.0350952 0.0767822 0.143448 0.237877 0.35928 0.503443 0.663623 0.831811 1 
12 0 0.00640869 0.020752 0.0487671 0.0961075 0.166992 0.263136 0.383289 0.523456 0.677634 0.838817 1 
13 0 0.010376 0.0295715 0.0628395 0.114916 0.189026 0.286158 0.404807 0.54122 0.690019 0.845009 1 
14 0 0.0147858 0.0388126 0.0768642 0.132945 0.209551 0.307179 0.4242 0.557109 0.701059 0.85053 1 
15 0 0.0194063 0.0481353 0.0905402 0.150046 0.228612 0.326406 0.441758 0.571408 0.710969 0.855485 1 
16 0 0.0240676 0.0573039 0.103675 0.166144 0.246275 0.344016 0.457712 0.584341 0.719913 0.859956 1 
17 0 0.028652 0.0661634 0.116154 0.181214 0.262615 0.360164 0.472252 0.596082 0.728019 0.86401 1 
18 0 0.0330817 0.0746176 0.127916 0.195266 0.277715 0.374983 0.485533 0.606776 0.735393 0.867696 1 
19 0 0.0373088 0.0826123 0.138939 0.208327 0.291655 0.388594 0.497685 0.616539 0.742118 0.871059 1 
20 0 0.0413062 0.0901226 0.149225 0.22044 0.304517 0.401101 0.50882 0.625469 0.748264 0.874132 1 
21 0 0.0450613 0.097143 0.158791 0.231654 0.316378 0.412599 0.519034 0.633649 0.75389 0.876945 1 
22 0 0.0485715 0.103681 0.167668 0.242023 0.327311 0.423172 0.528411 0.64115 0.759048 0.879524 1 
23 0 0.0518407 0.109754 0.175888 0.2516 0.337386 0.432898 0.537024 0.648036 0.76378 0.88189 1 
24 0 0.0548771 0.115383 0.183491 0.260439 0.346668 0.441846 0.544941 0.654361 0.768125 0.884063 1 
25 0 0.0576914 0.120591 0.190515 0.268592 0.355219 0.45008 0.55222 0.660173 0.772118 0.886059 1 
26 0 0.0602957 0.125405 0.196999 0.276109 0.363094 0.457657 0.558915 0.665516 0.775788 0.887894 1 
27 0 0.0627027 0.129851 0.20298 0.283037 0.370347 0.464631 0.565074 0.670431 0.779162 0.889581 1 
28 0 0.0649253 0.133952 0.208495 0.289421 0.377026 0.47105 0.57074 0.674951 0.782266 0.891133 1 
29 0 0.0669762 0.137736 0.213578 0.295302 0.383176 0.476958 0.575955 0.67911 0.785122 0.892561 1 
30 0 0.0688678 0.141223 0.218263 0.300719 0.388839 0.482397 0.580754 0.682938 0.787749 0.893875 1 
31 0 0.0706115 0.144437 0.222578 0.305708 0.394053 0.487403 0.58517 0.68646 0.790167 0.895084 1 
32 0 0.0722185 0.147398 0.226553 0.310303 0.398853 0.492012 0.589236 0.689702 0.792393 0.896196 1 
33 0 0.0736992 0.150126 0.230215 0.314534 0.403273 0.496254 0.592978 0.692685 0.794441 0.89722 1 
34 0 0.0750631 0.152639 0.233586 0.31843 0.407342 0.50016 0.596423 0.695432 0.796326 0.898163 1 
35 0 0.0763195 0.154953 0.236691 0.322017 0.411088 0.503755 0.599594 0.69796 0.798061 0.899031 1 
36 0 0.0774765 0.157084 0.23955 0.325319 0.414537 0.507065 0.602513 0.700287 0.799659 0.899829 1 
37 0 0.0785419 0.159046 0.242183 0.32836 0.417713 0.510113 0.6052 0.702429 0.801129 0.900565 1 
38 0 0.079523 0.160853 0.244606 0.33116 0.420636 0.512918 0.607674 0.704402 0.802483 0.901242 1 
39 0 0.0804264 0.162516 0.246838 0.333737 0.423328 0.515501 0.609951 0.706217 0.803729 0.901865 1 
40 0 0.0812582 0.164048 0.248893 0.33611 0.425805 0.517878 0.612048 0.707888 0.804877 0.902438 1 
41 0 0.0820241 0.165458 0.250784 0.338295 0.428086 0.520067 0.613978 0.709427 0.805933 0.902966 1 
42 0 0.0827292 0.166757 0.252526 0.340306 0.430187 0.522082 0.615755 0.710844 0.806905 0.903453 1 
43 0 0.0833783 0.167952 0.254129 0.342158 0.43212 0.523937 0.617391 0.712148 0.8078 0.9039 1 
44 0 0.083976 0.169053 0.255605 0.343863 0.4339 0.525645 0.618897 0.713348 0.808624 0.904312 1 
45 0 0.0845263 0.170066 0.256964 0.345432 0.435539 0.527218 0.620283 0.714454 0.809383 0.904691 1 
46 0 0.0850329 0.170999 0.258215 0.346877 0.437047 0.528665 0.621559 0.715471 0.810081 0.905041 1 
47 0 0.0854993 0.171857 0.259367 0.348207 0.438436 0.529998 0.622734 0.716408 0.810724 0.905362 1 
48 0 0.0859286 0.172648 0.260428 0.349432 0.439715 0.531225 0.623816 0.71727 0.811316 0.905658 1 
49 0 0.0863239 0.173376 0.261404 0.350559 0.440892 0.532354 0.624812 0.718064 0.811861 0.905931 1 
50 0 0.0866879 0.174046 0.262303 0.351597 0.441976 0.533394 0.625729 0.718795 0.812363 0.906181 1 
51 0 0.0870229 0.174663 0.26313 0.352553 0.442973 0.534351 0.626573 0.719468 0.812825 0.906412 1 
52 0 0.0873314 0.175231 0.263892 0.353433 0.443892 0.535233 0.62735 0.720087 0.81325 0.906625 1 
53 0 0.0876153 0.175754 0.264593 0.354242 0.444737 0.536044 0.628066 0.720658 0.813641 0.906821 1 
54 0 0.0878768 0.176235 0.265239 0.354988 0.445516 0.536791 0.628724 0.721183 0.814002 0.907001 1 
55 0 0.0881175 0.176678 0.265833 0.355675 0.446233 0.537478 0.629331 0.721666 0.814334 0.907167 1 
56 0 0.088339 0.177086 0.26638 0.356306 0.446892 0.538112 0.629889 0.722111 0.814639 0.907319 1 
57 0 0.088543 0.177462 0.266884 0.356888 0.4475 0.538694 0.630403 0.722521 0.81492 0.90746 1 
58 0 0.0887308 0.177807 0.267348 0.357424 0.448059 0.539231 0.630876 0.722898 0.815179 0.90759 1 
59 0 0.0889037 0.178126 0.267775 0.357917 0.448574 0.539725 0.631312 0.723245 0.815417 0.907709 1 
60 0 0.0890629 0.178419 0.268168 0.358371 0.449048 0.54018 0.631713 0.723565 0.815637 0.907818 1 
61 0 0.0892094 0.178689 0.26853 0.358789 0.449484 0.540598 0.632082 0.723859 0.815839 0.907919 1 
62 0 0.0893443 0.178937 0.268863 0.359174 0.449886 0.540984 0.632422 0.72413 0.816025 0.908012 1 
63 0 0.0894685 0.179166 0.26917 0.359528 0.450256 0.541339 0.632734 0.72438 0.816196 0.908098 1 
64 0 0.0895829 0.179376 0.269452 0.359854 0.450596 0.541665 0.633023 0.724609 0.816354 0.908177 1 
65 0 0.0896881 0.17957 0.269712 0.360154 0.45091 0.541966 0.633288 0.724821 0.816499 0.908249 1 
66 0 0.0897851 0.179749 0.269951 0.360431 0.451198 0.542243 0.633532 0.725015 0.816632 0.908316 1 
67 0 0.0898743 0.179913 0.270172 0.360685 0.451464 0.542498 0.633757 0.725194 0.816755 0.908378 1 
68 0 0.0899564 0.180064 0.270375 0.360919 0.451709 0.542733 0.633964 0.725359 0.816869 0.908434 1 
69 0 0.090032 0.180203 0.270561 0.361135 0.451934 0.542949 0.634154 0.725511 0.816973 0.908486 1 
70 0 0.0901016 0.180331 0.270733 0.361334 0.452141 0.543148 0.634329 0.725651 0.817069 0.908534 1 
71 0 0.0901657 0.180449 0.270891 0.361516 0.452332 0.543331 0.634491 0.72578 0.817157 0.908579 1 
72 0 0.0902247 0.180558 0.271037 0.361685 0.452508 0.543499 0.63464 0.725898 0.817238 0.908619 1 
73 0 0.0902791 0.180658 0.271171 0.361839 0.452669 0.543654 0.634776 0.726007 0.817313 0.908657 1 
74 0 0.0903291 0.18075 0.271295 0.361982 0.452818 0.543797 0.634902 0.726108 0.817382 0.908691 1 
75 0 0.0903751 0.180835 0.271409 0.362113 0.452955 0.543929 0.635018 0.7262 0.817446 0.908723 1 
76 0 0.0904175 0.180913 0.271513 0.362234 0.453082 0.54405 0.635125 0.726285 0.817504 0.908752 1 
77 0 0.0904565 0.180985 0.27161 0.362346 0.453198 0.544161 0.635223 0.726364 0.817558 0.908779 1 
78 0 0.0904924 0.181051 0.271698 0.362448 0.453305 0.544264 0.635314 0.726436 0.817607 0.908804 1 
79 0 0.0905255 0.181112 0.27178 0.362542 0.453403 0.544359 0.635397 0.726502 0.817653 0.908827 1 
80 0 0.0905559 0.181168 0.271855 0.362629 0.453494 0.544446 0.635474 0.726564 0.817695 0.908848 1 
81 0 0.090584 0.18122 0.271924 0.362709 0.453577 0.544526 0.635545 0.72662 0.817734 0.908867 1 
82 0 0.0906098 0.181267 0.271988 0.362783 0.453654 0.544599 0.63561 0.726672 0.817769 0.908885 1 
83 0 0.0906335 0.181311 0.272047 0.36285 0.453725 0.544667 0.635669 0.726719 0.817802 0.908901 1 
84 0 0.0906554 0.181351 0.272101 0.362913 0.45379 0.54473 0.635725 0.726763 0.817832 0.908916 1 
85 0 0.0906755 0.181388 0.272151 0.36297 0.45385 0.544787 0.635775 0.726804 0.81786 0.90893 1 
86 0 0.0906941 0.181422 0.272196 0.363023 0.453905 0.54484 0.635822 0.726841 0.817885 0.908943 1 
87 0 0.0907112 0.181454 0.272238 0.363072 0.453956 0.544889 0.635865 0.726875 0.817909 0.908954 1 
88 0 0.0907269 0.181483 0.272277 0.363117 0.454003 0.544934 0.635905 0.726907 0.817931 0.908965 1 
89 0 0.0907413 0.181509 0.272313 0.363158 0.454046 0.544975 0.635941 0.726936 0.817951 0.908975 1 
90 0 0.0907546 0.181534 0.272346 0.363196 0.454086 0.545013 0.635975 0.726963 0.817969 0.908984 1 
91 0 0.0907669 0.181556 0.272376 0.363231 0.454122 0.545048 0.636005 0.726987 0.817986 0.908993 1 
92 0 0.0907782 0.181577 0.272404 0.363263 0.454156 0.545081 0.636034 0.72701 0.818001 0.909001 1 
93 0 0.0907886 0.181596 0.27243 0.363293 0.454187 0.54511 0.63606 0.727031 0.818016 0.909008 1 
94 0 0.0907981 0.181614 0.272453 0.36332 0.454215 0.545138 0.636084 0.72705 0.818029 0.909014 1 
95 0 0.0908069 0.18163 0.272475 0.363345 0.454241 0.545163 0.636106 0.727068 0.818041 0.909021 1 
96 0 0.0908151 0.181645 0.272495 0.363368 0.454265 0.545186 0.636127 0.727084 0.818052 0.909026 1 
97 0 0.0908225 0.181659 0.272513 0.363389 0.454288 0.545207 0.636146 0.727099 0.818062 0.909031 1 
98 0 0.0908294 0.181671 0.27253 0.363409 0.454308 0.545227 0.636163 0.727113 0.818072 0.909036 1 
99 0 0.0908357 0.181683 0.272546 0.363427 0.454327 0.545245 0.636179 0.727125 0.818081 0.90904 1 
100 0 0.0908415 0.181694 0.27256 0.363444 0.454344 0.545262 0.636193 0.727137 0.818089 0.909044 1 
101 0 0.0908469 0.181704 0.272574 0.363459 0.45436 0.545277 0.636207 0.727148 0.818096 0.909048 1 
102 0 0.0908518 0.181713 0.272586 0.363473 0.454375 0.545291 0.636219 0.727158 0.818103 0.909051 1 
103 0 0.0908564 0.181721 0.272597 0.363486 0.454389 0.545304 0.636231 0.727167 0.818109 0.909055 1 
104 0 0.0908606 0.181729 0.272607 0.363498 0.454401 0.545316 0.636241 0.727175 0.818115 0.909057 1 
105 0 0.0908644 0.181736 0.272617 0.363509 0.454412 0.545327 0.636251 0.727183 0.81812 0.90906 1 
106 0 0.090868 0.181742 0.272626 0.363519 0.454423 0.545337 0.63626 0.72719 0.818125 0.909063 1 
107 0 0.0908712 0.181748 0.272634 0.363528 0.454433 0.545346 0.636268 0.727197 0.81813 0.909065 1 
108 0 0.0908742 0.181754 0.272641 0.363537 0.454442 0.545355 0.636276 0.727203 0.818134 0.909067 1 
109 0 0.090877 0.181759 0.272648 0.363545 0.45445 0.545363 0.636283 0.727208 0.818138 0.909069 1 
110 0 0.0908795 0.181764 0.272654 0.363552 0.454457 0.54537 0.636289 0.727213 0.818141 0.909071 1 
111 0 0.0908819 0.181768 0.27266 0.363559 0.454464 0.545377 0.636295 0.727218 0.818144 0.909072 1 
112 0 0.0908841 0.181772 0.272665 0.363565 0.454471 0.545383 0.636301 0.727222 0.818147 0.909074 1 
113 0 0.090886 0.181776 0.27267 0.363571 0.454477 0.545389 0.636306 0.727226 0.81815 0.909075 1 
114 0 0.0908879 0.181779 0.272675 0.363576 0.454482 0.545394 0.63631 0.72723 0.818153 0.909076 1 
115 0 0.0908896 0.181782 0.272679 0.363581 0.454487 0.545399 0.636314 0.727233 0.818155 0.909077 1 
116 0 0.0908911 0.181785 0.272683 0.363585 0.454492 0.545403 0.636318 0.727237 0.818157 0.909079 1 
117 0 0.0908925 0.181788 0.272686 0.363589 0.454496 0.545407 0.636322 0.727239 0.818159 0.909079 1 
118 0 0.0908938 0.18179 0.27269 0.363593 0.4545 0.545411 0.636325 0.727242 0.818161 0.90908 1 
119 0 0.0908951 0.181792 0.272693 0.363596 0.454504 0.545414 0.636328 0.727245 0.818162 0.909081 1 
120 0 0.0908962 0.181794 0.272695 0.3636 0.454507 0.545418 0.636331 0.727247 0.818164 0.909082 1 
121 0 0.0908972 0.181796 0.272698 0.363602 0.45451 0.545421 0.636334 0.727249 0.818165 0.909083 1 
122 0 0.0908981 0.181798 0.2727 0.363605 0.454513 0.545423 0.636336 0.727251 0.818167 0.909083 1 
123 0 0.090899 0.1818 0.272702 0.363608 0.454515 0.545426 0.636338 0.727252 0.818168 0.909084 1 
124 0 0.0908998 0.181801 0.272704 0.36361 0.454518 0.545428 0.63634 0.727254 0.818169 0.909085 1 
125 0 0.0909005 0.181802 0.272706 0.363612 0.45452 0.54543 0.636342 0.727256 0.81817 0.909085 1 
126 0 0.0909012 0.181804 0.272708 0.363614 0.454522 0.545432 0.636344 0.727257 0.818171 0.909085 1 
127 0 0.0909018 0.181805 0.272709 0.363616 0.454524 0.545434 0.636345 0.727258 0.818172 0.909086 1 
128 0 0.0909024 0.181806 0.272711 0.363617 0.454526 0.545435 0.636347 0.727259 0.818173 0.909086 1 
129 0 0.090903 0.181807 0.272712 0.363619 0.454527 0.545437 0.636348 0.72726 0.818173 0.909087 1 
130 0 0.0909034 0.181808 0.272713 0.36362 0.454529 0.545438 0.636349 0.727261 0.818174 0.909087 1 
131 0 0.0909039 0.181809 0.272714 0.363622 0.45453 0.54544 0.636351 0.727262 0.818175 0.909087 1 
132 0 0.0909043 0.181809 0.272715 0.363623 0.454531 0.545441 0.636352 0.727263 0.818175 0.909088 1 
133 0 0.0909047 0.18181 0.272716 0.363624 0.454532 0.545442 0.636353 0.727264 0.818176 0.909088 1 
134 0 0.090905 0.181811 0.272717 0.363625 0.454533 0.545443 0.636353 0.727265 0.818176 0.909088 1 
135 0 0.0909054 0.181811 0.272718 0.363626 0.454534 0.545444 0.636354 0.727265 0.818177 0.909088 1 
136 0 0.0909057 0.181812 0.272719 0.363627 0.454535 0.545445 0.636355 0.727266 0.818177 0.909089 1 
137 0 0.0909059 0.181812 0.272719 0.363627 0.454536 0.545445 0.636356 0.727266 0.818177 0.909089 1 
138 0 0.0909062 0.181813 0.27272 0.363628 0.454537 0.545446 0.636356 0.727267 0.818178 0.909089 1 
139 0 0.0909064 0.181813 0.272721 0.363629 0.454537 0.545447 0.636357 0.727267 0.818178 0.909089 1 
140 0 0.0909066 0.181814 0.272721 0.363629 0.454538 0.545447 0.636357 0.727268 0.818178 0.909089 1 
141 0 0.0909068 0.181814 0.272722 0.36363 0.454539 0.545448 0.636358 0.727268 0.818179 0.909089 1 
142 0 0.090907 0.181814 0.272722 0.36363 0.454539 0.545449 0.636358 0.727269 0.818179 0.909089 1 
143 0 0.0909072 0.181815 0.272723 0.363631 0.45454 0.545449 0.636359 0.727269 0.818179 0.90909 1 
144 0 0.0909073 0.181815 0.272723 0.363631 0.45454 0.545449 0.636359 0.727269 0.818179 0.90909 1 
145 0 0.0909075 0.181815 0.272723 0.363632 0.454541 0.54545 0.63636 0.727269 0.81818 0.90909 1 
146 0 0.0909076 0.181815 0.272724 0.363632 0.454541 0.54545 0.63636 0.72727 0.81818 0.90909 1 
147 0 0.0909077 0.181816 0.272724 0.363632 0.454541 0.545451 0.63636 0.72727 0.81818 0.90909 1 
148 0 0.0909078 0.181816 0.272724 0.363633 0.454542 0.545451 0.63636 0.72727 0.81818 0.90909 1 
149 0 0.0909079 0.181816 0.272724 0.363633 0.454542 0.545451 0.636361 0.72727 0.81818 0.90909 1 
150 0 0.090908 0.181816 0.272725 0.363633 0.454542 0.545451 0.636361 0.727271 0.81818 0.90909 1 
151 0 0.0909081 0.181816 0.272725 0.363634 0.454542 0.545452 0.636361 0.727271 0.81818 0.90909 1 
152 0 0.0909082 0.181816 0.272725 0.363634 0.454543 0.545452 0.636361 0.727271 0.818181 0.90909 1 
153 0 0.0909082 0.181817 0.272725 0.363634 0.454543 0.545452 0.636362 0.727271 0.818181 0.90909 1 
154 0 0.0909083 0.181817 0.272725 0.363634 0.454543 0.545452 0.636362 0.727271 0.818181 0.90909 1 
155 0 0.0909084 0.181817 0.272726 0.363634 0.454543 0.545453 0.636362 0.727271 0.818181 0.90909 1 
156 0 0.0909084 0.181817 0.272726 0.363634 0.454543 0.545453 0.636362 0.727271 0.818181 0.90909 1 
157 0 0.0909085 0.181817 0.272726 0.363635 0.454544 0.545453 0.636362 0.727272 0.818181 0.90909 1 
158 0 0.0909085 0.181817 0.272726 0.363635 0.454544 0.545453 0.636362 0.727272 0.818181 0.909091 1 
159 0 0.0909086 0.181817 0.272726 0.363635 0.454544 0.545453 0.636362 0.727272 0.818181 0.909091 1 
160 0 0.0909086 0.181817 0.272726 0.363635 0.454544 0.545453 0.636362 0.727272 0.818181 0.909091 1 
161 0 0.0909087 0.181817 0.272726 0.363635 0.454544 0.545453 0.636363 0.727272 0.818181 0.909091 1 
162 0 0.0909087 0.181817 0.272726 0.363635 0.454544 0.545453 0.636363 0.727272 0.818181 0.909091 1 
163 0 0.0909087 0.181818 0.272726 0.363635 0.454544 0.545453 0.636363 0.727272 0.818181 0.909091 1 
164 0 0.0909088 0.181818 0.272726 0.363635 0.454544 0.545454 0.636363 0.727272 0.818181 0.909091 1 
165 0 0.0909088 0.181818 0.272727 0.363635 0.454545 0.545454 0.636363 0.727272 0.818181 0.909091 1 
166 0 0.0909088 0.181818 0.272727 0.363636 0.454545 0.545454 0.636363 0.727272 0.818181 0.909091 1 
167 0 0.0909088 0.181818 0.272727 0.363636 0.454545 0.545454 0.636363 0.727272 0.818181 0.909091 1 
168 0 0.0909088 0.181818 0.272727 0.363636 0.454545 0.545454 0.636363 0.727272 0.818181 0.909091 1 
169 0 0.0909089 0.181818 0.272727 0.363636 0.454545 0.545454 0.636363 0.727272 0.818182 0.909091 1 
170 0 0.0909089 0.181818 0.272727 0.363636 0.454545 0.545454 0.636363 0.727272 0.818182 0.909091 1 
171 0 0.0909089 0.181818 0.272727 0.363636 0.454545 0.545454 0.636363 0.727272 0.818182 0.909091 1 
172 0 0.0909089 0.181818 0.272727 0.363636 0.454545 0.545454 0.636363 0.727272 0.818182 0.909091 1 
173 0 0.0909089 0.181818 0.272727 0.363636 0.454545 0.545454 0.636363 0.727272 0.818182 0.909091 1 
174 0 0.0909089 0.181818 0.272727 0.363636 0.454545 0.545454 0.636363 0.727272 0.818182 0.909091 1 
175 0 0.090909 0.181818 0.272727 0.363636 0.454545 0.545454 0.636363 0.727272 0.818182 0.909091 1 
176 0 0.090909 0.181818 0.272727 0.363636 0.454545 0.545454 0.636363 0.727272 0.818182 0.909091 1 
177 0 0.090909 0.181818 0.272727 0.363636 0.454545 0.545454 0.636363 0.727272 0.818182 0.909091 1 
178 0 0.090909 0.181818 0.272727 0.363636 0.454545 0.545454 0.636363 0.727273 0.818182 0.909091 1 
179 0 0.090909 0.181818 0.272727 0.363636 0.454545 0.545454 0.636363 0.727273 0.818182 0.909091 1 
180 0 0.090909 0.181818 0.272727 0.363636 0.454545 0.545454 0.636363 0.727273 0.818182 0.909091 1 
181 0 0.090909 0.181818 0.272727 0.363636 0.454545 0.545454 0.636363 0.727273 0.818182 0.909091 1 
182 0 0.090909 0.181818 0.272727 0.363636 0.454545 0.545454 0.636363 0.727273 0.818182 0.909091 1 
183 0 0.090909 0.181818 0.272727 0.363636 0.454545 0.545454 0.636363 0.727273 0.818182 0.909091 1 
184 0 0.090909 0.181818 0.272727 0.363636 0.454545 0.545454 0.636363 0.727273 0.818182 0.909091 1 
185 0 0.090909 0.181818 0.272727 0.363636 0.454545 0.545454 0.636363 0.727273 0.818182 0.909091 1 
186 0 0.090909 0.181818 0.272727 0.363636 0.454545 0.545454 0.636363 0.727273 0.818182 0.909091 1 
187 0 0.090909 0.181818 0.272727 0.363636 0.454545 0.545454 0.636364 0.727273 0.818182 0.909091 1 
188 0 0.090909 0.181818 0.272727 0.363636 0.454545 0.545454 0.636364 0.727273 0.818182 0.909091 1 
189 0 0.090909 0.181818 0.272727 0.363636 0.454545 0.545454 0.636364 0.727273 0.818182 0.909091 1 
190 0 0.0909091 0.181818 0.272727 0.363636 0.454545 0.545454 0.636364 0.727273 0.818182 0.909091 1 
191 0 0.0909091 0.181818 0.272727 0.363636 0.454545 0.545454 0.636364 0.727273 0.818182 0.909091 1 
192 0 0.0909091 0.181818 0.272727 0.363636 0.454545 0.545454 0.636364 0.727273 0.818182 0.909091 1 
193 0 0.0909091 0.181818 0.272727 0.363636 0.454545 0.545454 0.636364 0.727273 0.818182 0.909091 1 
194 0 0.0909091 0.181818 0.272727 0.363636 0.454545 0.545454 0.636364 0.727273 0.818182 0.909091 1 
195 0 0.0909091 0.181818 0.272727 0.363636 0.454545 0.545454 0.636364 0.727273 0.818182 0.909091 1 
196 0 0.0909091 0.181818 0.272727 0.363636 0.454545 0.545454 0.636364 0.727273 0.818182 0.909091 1 
197 0 0.0909091 0.181818 0.272727 0.363636 0.454545 0.545454 0.636364 0.727273 0.818182 0.909091 1 
198 0 0.0909091 0.181818 0.272727 0.363636 0.454545 0.545454 0.636364 0.727273 0.818182 0.909091 1 
