0 0 0 0 0 0 0 0 0 0 
0 0.116978 0.219846 0.296198 0.336824 0.336824 0.296198 0.219846 0.116978 0 
0 0.219846 0.413176 0.55667 0.633022 0.633022 0.55667 0.413176 0.219846 0 
0 0.296198 0.55667 0.75 0.852869 0.852869 0.75 0.55667 0.296198 0 
0 0.336824 0.633022 0.852869 0.969846 0.969846 0.852869 0.633022 0.336824 0 
0 0.336824 0.633022 0.852869 0.969846 0.969846 0.852869 0.633022 0.336824 0 
0 0.296198 0.55667 0.75 0.852869 0.852869 0.75 0.55667 0.296198 0 
0 0.219846 0.413176 0.55667 0.633022 0.633022 0.55667 0.413176 0.219846 0 
0 0.116978 0.219846 0.296198 0.336824 0.336824 0.296198 0.219846 0.116978 0 
0 0 0 0 0 0 0 0 0 0 
0 0 0 0 0 0 0 0 0 0 
0 0.0942435 0.17712 0.238633 0.271363 0.271363 0.238633 0.17712 0.0942435 0 
0 0.17712 0.332876 0.448483 0.509996 0.509996 0.448483 0.332876 0.17712 0 
0 0.238633 0.448483 0.60424 0.687116 0.687116 0.60424 0.448483 0.238633 0 
0 0.271363 0.509996 0.687116 0.781359 0.781359 0.687116 0.509996 0.271363 0 
0 0.271363 0.509996 0.687116 0.781359 0.781359 0.687116 0.509996 0.271363 0 
0 0.238633 0.448483 0.60424 0.687116 0.687116 0.60424 0.448483 0.238633 0 
0 0.17712 0.332876 0.448483 0.509996 0.509996 0.448483 0.332876 0.17712 0 
0 0.0942435 0.17712 0.238633 0.271363 0.271363 0.238633 0.17712 0.0942435 0 
0 0 0 0 0 0 0 0 0 0 
0 0 0 0 0 0 0 0 0 0 
0 0.0759275 0.142697 0.192255 0.218625 0.218625 0.192255 0.142697 0.0759275 0 
0 0.142697 0.268183 0.361322 0.41088 0.41088 0.361322 0.268183 0.142697 0 
0 0.192255 0.361322 0.486807 0.553577 0.553577 0.486807 0.361322 0.192255 0 
0 0.218625 0.41088 0.553577 0.629504 0.629504 0.553577 0.41088 0.218625 0 
0 0.218625 0.41088 0.553577 0.629504 0.629504 0.553577 0.41088 0.218625 0 
0 0.192255 0.361322 0.486807 0.553577 0.553577 0.486807 0.361322 0.192255 0 
0 0.142697 0.268183 0.361322 0.41088 0.41088 0.361322 0.268183 0.142697 0 
0 0.0759275 0.142697 0.192255 0.218625 0.218625 0.192255 0.142697 0.0759275 0 
0 0 0 0 0 0 0 0 0 0 
0 0 0 0 0 0 0 0 0 0 
0 0.0611712 0.114964 0.154891 0.176135 0.176135 0.154891 0.114964 0.0611712 0 
0 0.114964 0.216062 0.2911 0.331026 0.331026 0.2911 0.216062 0.114964 0 
0 0.154891 0.2911 0.392198 0.445991 0.445991 0.392198 0.2911 0.154891 0 
0 0.176135 0.331026 0.445991 0.507162 0.507162 0.445991 0.331026 0.176135 0 
0 0.176135 0.331026 0.445991 0.507162 0.507162 0.445991 0.331026 0.176135 0 
0 0.154891 0.2911 0.392198 0.445991 0.445991 0.392198 0.2911 0.154891 0 
0 0.114964 0.216062 0.2911 0.331026 0.331026 0.2911 0.216062 0.114964 0 
0 0.0611712 0.114964 0.154891 0.176135 0.176135 0.154891 0.114964 0.0611712 0 
0 0 0 0 0 0 0 0 0 0 
0 0 0 0 0 0 0 0 0 0 
0 0.0492828 0.0926213 0.124788 0.141904 0.141904 0.124788 0.0926213 0.0492828 0 
0 0.0926213 0.174071 0.234525 0.266692 0.266692 0.234525 0.174071 0.0926213 0 
0 0.124788 0.234525 0.315975 0.359314 0.359314 0.315975 0.234525 0.124788 0 
0 0.141904 0.266692 0.359314 0.408596 0.408596 0.359314 0.266692 0.141904 0 
0 0.141904 0.266692 0.359314 0.408596 0.408596 0.359314 0.266692 0.141904 0 
0 0.124788 0.234525 0.315975 0.359314 0.359314 0.315975 0.234525 0.124788 0 
0 0.0926213 0.174071 0.234525 0.266692 0.266692 0.234525 0.174071 0.0926213 0 
0 0.0492828 0.0926213 0.124788 0.141904 0.141904 0.124788 0.0926213 0.0492828 0 
0 0 0 0 0 0 0 0 0 0 
0 0 0 0 0 0 0 0 0 0 
0 0.0397048 0.0746206 0.100536 0.114325 0.114325 0.100536 0.0746206 0.0397048 0 
0 0.0746206 0.140241 0.188946 0.214861 0.214861 0.188946 0.140241 0.0746206 0 
0 0.100536 0.188946 0.254566 0.289482 0.289482 0.254566 0.188946 0.100536 0 
0 0.114325 0.214861 0.289482 0.329187 0.329187 0.289482 0.214861 0.114325 0 
0 0.114325 0.214861 0.289482 0.329187 0.329187 0.289482 0.214861 0.114325 0 
0 0.100536 0.188946 0.254566 0.289482 0.289482 0.254566 0.188946 0.100536 0 
0 0.0746206 0.140241 0.188946 0.214861 0.214861 0.188946 0.140241 0.0746206 0 
0 0.0397048 0.0746206 0.100536 0.114325 0.114325 0.100536 0.0746206 0.0397048 0 
0 0 0 0 0 0 0 0 0 0 
0 0 0 0 0 0 0 0 0 0 
0 0.0319883 0.0601183 0.0809972 0.0921066 0.0921066 0.0809972 0.0601183 0.0319883 0 
0 0.0601183 0.112985 0.152225 0.173104 0.173104 0.152225 0.112985 0.0601183 0 
0 0.0809972 0.152225 0.205092 0.233222 0.233222 0.205092 0.152225 0.0809972 0 
0 0.0921066 0.173104 0.233222 0.26521 0.26521 0.233222 0.173104 0.0921066 0 
0 0.0921066 0.173104 0.233222 0.26521 0.26521 0.233222 0.173104 0.0921066 0 
0 0.0809972 0.152225 0.205092 0.233222 0.233222 0.205092 0.152225 0.0809972 0 
0 0.0601183 0.112985 0.152225 0.173104 0.173104 0.152225 0.112985 0.0601183 0 
0 0.0319883 0.0601183 0.0809972 0.0921066 0.0921066 0.0809972 0.0601183 0.0319883 0 
0 0 0 0 0 0 0 0 0 0 
0 0 0 0 0 0 0 0 0 0 
0 0.0257714 0.0484345 0.0652556 0.0742059 0.0742059 0.0652556 0.0484345 0.0257714 0 
0 0.0484345 0.091027 0.12264 0.139461 0.139461 0.12264 0.091027 0.0484345 0 
0 0.0652556 0.12264 0.165233 0.187896 0.187896 0.165233 0.12264 0.0652556 0 
0 0.0742059 0.139461 0.187896 0.213667 0.213667 0.187896 0.139461 0.0742059 0 
0 0.0742059 0.139461 0.187896 0.213667 0.213667 0.187896 0.139461 0.0742059 0 
0 0.0652556 0.12264 0.165233 0.187896 0.187896 0.165233 0.12264 0.0652556 0 
0 0.0484345 0.091027 0.12264 0.139461 0.139461 0.12264 0.091027 0.0484345 0 
0 0.0257714 0.0484345 0.0652556 0.0742059 0.0742059 0.0652556 0.0484345 0.0257714 0 
0 0 0 0 0 0 0 0 0 0 
0 0 0 0 0 0 0 0 0 0 
0 0.0207628 0.0390214 0.0525733 0.0597842 0.0597842 0.0525733 0.0390214 0.0207628 0 
0 0.0390214 0.0733362 0.0988056 0.112358 0.112358 0.0988056 0.0733362 0.0390214 0 
0 0.0525733 0.0988056 0.13312 0.151379 0.151379 0.13312 0.0988056 0.0525733 0 
0 0.0597842 0.112358 0.151379 0.172142 0.172142 0.151379 0.112358 0.0597842 0 
0 0.0597842 0.112358 0.151379 0.172142 0.172142 0.151379 0.112358 0.0597842 0 
0 0.0525733 0.0988056 0.13312 0.151379 0.151379 0.13312 0.0988056 0.0525733 0 
0 0.0390214 0.0733362 0.0988056 0.112358 0.112358 0.0988056 0.0733362 0.0390214 0 
0 0.0207628 0.0390214 0.0525733 0.0597842 0.0597842 0.0525733 0.0390214 0.0207628 0 
0 0 0 0 0 0 0 0 0 0 
0 0 0 0 0 0 0 0 0 0 
0 0.0167276 0.0314377 0.0423559 0.0481653 0.0481653 0.0423559 0.0314377 0.0167276 0 
0 0.0314377 0.0590835 0.079603 0.0905212 0.0905212 0.079603 0.0590835 0.0314377 0 
0 0.0423559 0.079603 0.107249 0.121959 0.121959 0.107249 0.079603 0.0423559 0 
0 0.0481653 0.0905212 0.121959 0.138686 0.138686 0.121959 0.0905212 0.0481653 0 
0 0.0481653 0.0905212 0.121959 0.138686 0.138686 0.121959 0.0905212 0.0481653 0 
0 0.0423559 0.079603 0.107249 0.121959 0.121959 0.107249 0.079603 0.0423559 0 
0 0.0314377 0.0590835 0.079603 0.0905212 0.0905212 0.079603 0.0590835 0.0314377 0 
0 0.0167276 0.0314377 0.0423559 0.0481653 0.0481653 0.0423559 0.0314377 0.0167276 0 
0 0 0 0 0 0 0 0 0 0 
0 0 0 0 0 0 0 0 0 0 
0 0.0134767 0.0253278 0.0341241 0.0388045 0.0388045 0.0341241 0.0253278 0.0134767 0 
0 0.0253278 0.0476008 0.0641324 0.0729286 0.0729286 0.0641324 0.0476008 0.0253278 0 
0 0.0341241 0.0641324 0.0864053 0.0982565 0.0982565 0.0864053 0.0641324 0.0341241 0 
0 0.0388045 0.0729286 0.0982565 0.111733 0.111733 0.0982565 0.0729286 0.0388045 0 
0 0.0388045 0.0729286 0.0982565 0.111733 0.111733 0.0982565 0.0729286 0.0388045 0 
0 0.0341241 0.0641324 0.0864053 0.0982565 0.0982565 0.0864053 0.0641324 0.0341241 0 
0 0.0253278 0.0476008 0.0641324 0.0729286 0.0729286 0.0641324 0.0476008 0.0253278 0 
0 0.0134767 0.0253278 0.0341241 0.0388045 0.0388045 0.0341241 0.0253278 0.0134767 0 
0 0 0 0 0 0 0 0 0 0 
0 0 0 0 0 0 0 0 0 0 
0 0.0108575 0.0204054 0.0274922 0.031263 0.031263 0.0274922 0.0204054 0.0108575 0 
0 0.0204054 0.0383497 0.0516684 0.0587551 0.0587551 0.0516684 0.0383497 0.0204054 0 
0 0.0274922 0.0516684 0.0696127 0.0791606 0.0791606 0.0696127 0.0516684 0.0274922 0 
0 0.031263 0.0587551 0.0791606 0.0900181 0.0900181 0.0791606 0.0587551 0.031263 0 
0 0.031263 0.0587551 0.0791606 0.0900181 0.0900181 0.0791606 0.0587551 0.031263 0 
0 0.0274922 0.0516684 0.0696127 0.0791606 0.0791606 0.0696127 0.0516684 0.0274922 0 
0 0.0204054 0.0383497 0.0516684 0.0587551 0.0587551 0.0516684 0.0383497 0.0204054 0 
0 0.0108575 0.0204054 0.0274922 0.031263 0.031263 0.0274922 0.0204054 0.0108575 0 
0 0 0 0 0 0 0 0 0 0 
0 0 0 0 0 0 0 0 0 0 
0 0.00874738 0.0164397 0.0221492 0.0251871 0.0251871 0.0221492 0.0164397 0.00874738 0 
0 0.0164397 0.0308965 0.0416268 0.0473362 0.0473362 0.0416268 0.0308965 0.0164397 0 
0 0.0221492 0.0416268 0.0560836 0.063776 0.063776 0.0560836 0.0416268 0.0221492 0 
0 0.0251871 0.0473362 0.063776 0.0725233 0.0725233 0.063776 0.0473362 0.0251871 0 
0 0.0251871 0.0473362 0.063776 0.0725233 0.0725233 0.063776 0.0473362 0.0251871 0 
0 0.0221492 0.0416268 0.0560836 0.063776 0.063776 0.0560836 0.0416268 0.0221492 0 
0 0.0164397 0.0308965 0.0416268 0.0473362 0.0473362 0.0416268 0.0308965 0.0164397 0 
0 0.00874738 0.0164397 0.0221492 0.0251871 0.0251871 0.0221492 0.0164397 0.00874738 0 
0 0 0 0 0 0 0 0 0 0 
0 0 0 0 0 0 0 0 0 0 
0 0.00704735 0.0132447 0.0178445 0.020292 0.020292 0.0178445 0.0132447 0.00704735 0 
0 0.0132447 0.0248919 0.0335367 0.0381366 0.0381366 0.0335367 0.0248919 0.0132447 0 
0 0.0178445 0.0335367 0.0451839 0.0513813 0.0513813 0.0451839 0.0335367 0.0178445 0 
0 0.020292 0.0381366 0.0513813 0.0584286 0.0584286 0.0513813 0.0381366 0.020292 0 
0 0.020292 0.0381366 0.0513813 0.0584286 0.0584286 0.0513813 0.0381366 0.020292 0 
0 0.0178445 0.0335367 0.0451839 0.0513813 0.0513813 0.0451839 0.0335367 0.0178445 0 
0 0.0132447 0.0248919 0.0335367 0.0381366 0.0381366 0.0335367 0.0248919 0.0132447 0 
0 0.00704735 0.0132447 0.0178445 0.020292 0.020292 0.0178445 0.0132447 0.00704735 0 
0 0 0 0 0 0 0 0 0 0 
0 0 0 0 0 0 0 0 0 0 
0 0.00567772 0.0106706 0.0143765 0.0163483 0.0163483 0.0143765 0.0106706 0.00567772 0 
0 0.0106706 0.0200542 0.027019 0.0307248 0.0307248 0.027019 0.0200542 0.0106706 0 
0 0.0143765 0.027019 0.0364026 0.0413955 0.0413955 0.0364026 0.027019 0.0143765 0 
0 0.0163483 0.0307248 0.0413955 0.0470732 0.0470732 0.0413955 0.0307248 0.0163483 0 
0 0.0163483 0.0307248 0.0413955 0.0470732 0.0470732 0.0413955 0.0307248 0.0163483 0 
0 0.0143765 0.027019 0.0364026 0.0413955 0.0413955 0.0364026 0.027019 0.0143765 0 
0 0.0106706 0.0200542 0.027019 0.0307248 0.0307248 0.027019 0.0200542 0.0106706 0 
0 0.00567772 0.0106706 0.0143765 0.0163483 0.0163483 0.0143765 0.0106706 0.00567772 0 
0 0 0 0 0 0 0 0 0 0 
0 0 0 0 0 0 0 0 0 0 
0 0.00457427 0.00859682 0.0115825 0.0131711 0.0131711 0.0115825 0.00859682 0.00457427 0 
0 0.00859682 0.0161567 0.0217679 0.0247536 0.0247536 0.0217679 0.0161567 0.00859682 0 
0 0.0115825 0.0217679 0.0293278 0.0333504 0.0333504 0.0293278 0.0217679 0.0115825 0 
0 0.0131711 0.0247536 0.0333504 0.0379246 0.0379246 0.0333504 0.0247536 0.0131711 0 
0 0.0131711 0.0247536 0.0333504 0.0379246 0.0379246 0.0333504 0.0247536 0.0131711 0 
0 0.0115825 0.0217679 0.0293278 0.0333504 0.0333504 0.0293278 0.0217679 0.0115825 0 
0 0.00859682 0.0161567 0.0217679 0.0247536 0.0247536 0.0217679 0.0161567 0.00859682 0 
0 0.00457427 0.00859682 0.0115825 0.0131711 0.0131711 0.0115825 0.00859682 0.00457427 0 
0 0 0 0 0 0 0 0 0 0 
0 0 0 0 0 0 0 0 0 0 
0 0.00368527 0.00692605 0.00933144 0.0106113 0.0106113 0.00933144 0.00692605 0.00368527 0 
0 0.00692605 0.0130167 0.0175374 0.0199428 0.0199428 0.0175374 0.0130167 0.00692605 0 
0 0.00933144 0.0175374 0.023628 0.0268688 0.0268688 0.023628 0.0175374 0.00933144 0 
0 0.0106113 0.0199428 0.0268688 0.0305541 0.0305541 0.0268688 0.0199428 0.0106113 0 
0 0.0106113 0.0199428 0.0268688 0.0305541 0.0305541 0.0268688 0.0199428 0.0106113 0 
0 0.00933144 0.0175374 0.023628 0.0268688 0.0268688 0.023628 0.0175374 0.00933144 0 
0 0.00692605 0.0130167 0.0175374 0.0199428 0.0199428 0.0175374 0.0130167 0.00692605 0 
0 0.00368527 0.00692605 0.00933144 0.0106113 0.0106113 0.00933144 0.00692605 0.00368527 0 
0 0 0 0 0 0 0 0 0 0 
0 0 0 0 0 0 0 0 0 0 
0 0.00296905 0.00557999 0.0075179 0.00854904 0.00854904 0.0075179 0.00557999 0.00296905 0 
0 0.00557999 0.010487 0.014129 0.0160669 0.0160669 0.014129 0.010487 0.00557999 0 
0 0.0075179 0.014129 0.019036 0.0216469 0.0216469 0.019036 0.014129 0.0075179 0 
0 0.00854904 0.0160669 0.0216469 0.024616 0.024616 0.0216469 0.0160669 0.00854904 0 
0 0.00854904 0.0160669 0.0216469 0.024616 0.024616 0.0216469 0.0160669 0.00854904 0 
0 0.0075179 0.014129 0.019036 0.0216469 0.0216469 0.019036 0.014129 0.0075179 0 
0 0.00557999 0.010487 0.014129 0.0160669 0.0160669 0.014129 0.010487 0.00557999 0 
0 0.00296905 0.00557999 0.0075179 0.00854904 0.00854904 0.0075179 0.00557999 0.00296905 0 
0 0 0 0 0 0 0 0 0 0 
0 0 0 0 0 0 0 0 0 0 
0 0.00239202 0.00449554 0.00605682 0.00688756 0.00688756 0.00605682 0.00449554 0.00239202 0 
0 0.00449554 0.00844884 0.0113831 0.0129444 0.0129444 0.0113831 0.00844884 0.00449554 0 
0 0.00605682 0.0113831 0.0153364 0.0174399 0.0174399 0.0153364 0.0113831 0.00605682 0 
0 0.00688756 0.0129444 0.0174399 0.0198319 0.0198319 0.0174399 0.0129444 0.00688756 0 
0 0.00688756 0.0129444 0.0174399 0.0198319 0.0198319 0.0174399 0.0129444 0.00688756 0 
0 0.00605682 0.0113831 0.0153364 0.0174399 0.0174399 0.0153364 0.0113831 0.00605682 0 
0 0.00449554 0.00844884 0.0113831 0.0129444 0.0129444 0.0113831 0.00844884 0.00449554 0 
0 0.00239202 0.00449554 0.00605682 0.00688756 0.00688756 0.00605682 0.00449554 0.00239202 0 
0 0 0 0 0 0 0 0 0 0 
0 0 0 0 0 0 0 0 0 0 
0 0.00192714 0.00362184 0.00487969 0.00554898 0.00554898 0.00487969 0.00362184 0.00192714 0 
0 0.00362184 0.00680683 0.00917082 0.0104287 0.0104287 0.00917082 0.00680683 0.00362184 0 
0 0.00487969 0.00917082 0.0123558 0.0140505 0.0140505 0.0123558 0.00917082 0.00487969 0 
0 0.00554898 0.0104287 0.0140505 0.0159777 0.0159777 0.0140505 0.0104287 0.00554898 0 
0 0.00554898 0.0104287 0.0140505 0.0159777 0.0159777 0.0140505 0.0104287 0.00554898 0 
0 0.00487969 0.00917082 0.0123558 0.0140505 0.0140505 0.0123558 0.00917082 0.00487969 0 
0 0.00362184 0.00680683 0.00917082 0.0104287 0.0104287 0.00917082 0.00680683 0.00362184 0 
0 0.00192714 0.00362184 0.00487969 0.00554898 0.00554898 0.00487969 0.00362184 0.00192714 0 
0 0 0 0 0 0 0 0 0 0 
0 0 0 0 0 0 0 0 0 0 
0 0.00155261 0.00291795 0.00393134 0.00447055 0.00447055 0.00393134 0.00291795 0.00155261 0 
0 0.00291795 0.00548395 0.0073885 0.00840189 0.00840189 0.0073885 0.00548395 0.00291795 0 
0 0.00393134 0.0073885 0.0099545 0.0113198 0.0113198 0.0099545 0.0073885 0.00393134 0 
0 0.00447055 0.00840189 0.0113198 0.0128724 0.0128724 0.0113198 0.00840189 0.00447055 0 
0 0.00447055 0.00840189 0.0113198 0.0128724 0.0128724 0.0113198 0.00840189 0.00447055 0 
0 0.00393134 0.0073885 0.0099545 0.0113198 0.0113198 0.0099545 0.0073885 0.00393134 0 
0 0.00291795 0.00548395 0.0073885 0.00840189 0.00840189 0.0073885 0.00548395 0.00291795 0 
0 0.00155261 0.00291795 0.00393134 0.00447055 0.00447055 0.00393134 0.00291795 0.00155261 0 
0 0 0 0 0 0 0 0 0 0 
0 0 0 0 0 0 0 0 0 0 
0 0.00125086 0.00235085 0.00316729 0.00360171 0.00360171 0.00316729 0.00235085 0.00125086 0 
0 0.00235085 0.00441816 0.00595256 0.00676901 0.00676901 0.00595256 0.00441816 0.00235085 0 
0 0.00316729 0.00595256 0.00801987 0.00911986 0.00911986 0.00801987 0.00595256 0.00316729 0 
0 0.00360171 0.00676901 0.00911986 0.0103707 0.0103707 0.00911986 0.00676901 0.00360171 0 
0 0.00360171 0.00676901 0.00911986 0.0103707 0.0103707 0.00911986 0.00676901 0.00360171 0 
0 0.00316729 0.00595256 0.00801987 0.00911986 0.00911986 0.00801987 0.00595256 0.00316729 0 
0 0.00235085 0.00441816 0.00595256 0.00676901 0.00676901 0.00595256 0.00441816 0.00235085 0 
0 0.00125086 0.00235085 0.00316729 0.00360171 0.00360171 0.00316729 0.00235085 0.00125086 0 
0 0 0 0 0 0 0 0 0 0 
0 0 0 0 0 0 0 0 0 0 
0 0.00100776 0.00189397 0.00255174 0.00290173 0.00290173 0.00255174 0.00189397 0.00100776 0 
0 0.00189397 0.0035595 0.0047957 0.00545347 0.00545347 0.0047957 0.0035595 0.00189397 0 
0 0.00255174 0.0047957 0.00646123 0.00734744 0.00734744 0.00646123 0.0047957 0.00255174 0 
0 0.00290173 0.00545347 0.00734744 0.0083552 0.0083552 0.00734744 0.00545347 0.00290173 0 
0 0.00290173 0.00545347 0.00734744 0.0083552 0.0083552 0.00734744 0.00545347 0.00290173 0 
0 0.00255174 0.0047957 0.00646123 0.00734744 0.00734744 0.00646123 0.0047957 0.00255174 0 
0 0.00189397 0.0035595 0.0047957 0.00545347 0.00545347 0.0047957 0.0035595 0.00189397 0 
0 0.00100776 0.00189397 0.00255174 0.00290173 0.00290173 0.00255174 0.00189397 0.00100776 0 
0 0 0 0 0 0 0 0 0 0 
0 0 0 0 0 0 0 0 0 0 
0 0.000811905 0.00152588 0.00205582 0.00233779 0.00233779 0.00205582 0.00152588 0.000811905 0 
0 0.00152588 0.00286772 0.00386367 0.0043936 0.0043936 0.00386367 0.00286772 0.00152588 0 
0 0.00205582 0.00386367 0.00520551 0.00591948 0.00591948 0.00520551 0.00386367 0.00205582 0 
0 0.00233779 0.0043936 0.00591948 0.00673139 0.00673139 0.00591948 0.0043936 0.00233779 0 
0 0.00233779 0.0043936 0.00591948 0.00673139 0.00673139 0.00591948 0.0043936 0.00233779 0 
0 0.00205582 0.00386367 0.00520551 0.00591948 0.00591948 0.00520551 0.00386367 0.00205582 0 
0 0.00152588 0.00286772 0.00386367 0.0043936 0.0043936 0.00386367 0.00286772 0.00152588 0 
0 0.000811905 0.00152588 0.00205582 0.00233779 0.00233779 0.00205582 0.00152588 0.000811905 0 
0 0 0 0 0 0 0 0 0 0 
0 0 0 0 0 0 0 0 0 0 
0 0.000654113 0.00122933 0.00165627 0.00188344 0.00188344 0.00165627 0.00122933 0.000654113 0 
0 0.00122933 0.00231039 0.00311278 0.00353972 0.00353972 0.00311278 0.00231039 0.00122933 0 
0 0.00165627 0.00311278 0.00419383 0.00476905 0.00476905 0.00419383 0.00311278 0.00165627 0 
0 0.00188344 0.00353972 0.00476905 0.00542316 0.00542316 0.00476905 0.00353972 0.00188344 0 
0 0.00188344 0.00353972 0.00476905 0.00542316 0.00542316 0.00476905 0.00353972 0.00188344 0 
0 0.00165627 0.00311278 0.00419383 0.00476905 0.00476905 0.00419383 0.00311278 0.00165627 0 
0 0.00122933 0.00231039 0.00311278 0.00353972 0.00353972 0.00311278 0.00231039 0.00122933 0 
0 0.000654113 0.00122933 0.00165627 0.00188344 0.00188344 0.00165627 0.00122933 0.000654113 0 
0 0 0 0 0 0 0 0 0 0 
0 0 0 0 0 0 0 0 0 0 
0 0.000526988 0.000990414 0.00133438 0.0015174 0.0015174 0.00133438 0.000990414 0.000526988 0 
0 0.000990414 0.00186137 0.00250782 0.00285178 0.00285178 0.00250782 0.00186137 0.000990414 0 
0 0.00133438 0.00250782 0.00337877 0.0038422 0.0038422 0.00337877 0.00250782 0.00133438 0 
0 0.0015174 0.00285178 0.0038422 0.00436919 0.00436919 0.0038422 0.00285178 0.0015174 0 
0 0.0015174 0.00285178 0.0038422 0.00436919 0.00436919 0.0038422 0.00285178 0.0015174 0 
0 0.00133438 0.00250782 0.00337877 0.0038422 0.0038422 0.00337877 0.00250782 0.00133438 0 
0 0.000990414 0.00186137 0.00250782 0.00285178 0.00285178 0.00250782 0.00186137 0.000990414 0 
0 0.000526988 0.000990414 0.00133438 0.0015174 0.0015174 0.00133438 0.000990414 0.000526988 0 
0 0 0 0 0 0 0 0 0 0 
0 0 0 0 0 0 0 0 0 0 
0 0.00042457 0.00079793 0.00107505 0.0012225 0.0012225 0.00107505 0.00079793 0.00042457 0 
0 0.00079793 0.00149962 0.00202043 0.00229755 0.00229755 0.00202043 0.00149962 0.00079793 0 
0 0.00107505 0.00202043 0.00272212 0.00309548 0.00309548 0.00272212 0.00202043 0.00107505 0 
0 0.0012225 0.00229755 0.00309548 0.00352005 0.00352005 0.00309548 0.00229755 0.0012225 0 
0 0.0012225 0.00229755 0.00309548 0.00352005 0.00352005 0.00309548 0.00229755 0.0012225 0 
0 0.00107505 0.00202043 0.00272212 0.00309548 0.00309548 0.00272212 0.00202043 0.00107505 0 
0 0.00079793 0.00149962 0.00202043 0.00229755 0.00229755 0.00202043 0.00149962 0.00079793 0 
0 0.00042457 0.00079793 0.00107505 0.0012225 0.0012225 0.00107505 0.00079793 0.00042457 0 
0 0 0 0 0 0 0 0 0 0 
0 0 0 0 0 0 0 0 0 0 
0 0.000342056 0.000642854 0.000866115 0.00098491 0.00098491 0.000866115 0.000642854 0.000342056 0 
0 0.000642854 0.00120817 0.00162776 0.00185103 0.00185103 0.00162776 0.00120817 0.000642854 0 
0 0.000866115 0.00162776 0.00219308 0.00249388 0.00249388 0.00219308 0.00162776 0.000866115 0 
0 0.00098491 0.00185103 0.00249388 0.00283594 0.00283594 0.00249388 0.00185103 0.00098491 0 
0 0.00098491 0.00185103 0.00249388 0.00283594 0.00283594 0.00249388 0.00185103 0.00098491 0 
0 0.000866115 0.00162776 0.00219308 0.00249388 0.00249388 0.00219308 0.00162776 0.000866115 0 
0 0.000642854 0.00120817 0.00162776 0.00185103 0.00185103 0.00162776 0.00120817 0.000642854 0 
0 0.000342056 0.000642854 0.000866115 0.00098491 0.00098491 0.000866115 0.000642854 0.000342056 0 
0 0 0 0 0 0 0 0 0 0 
0 0 0 0 0 0 0 0 0 0 
0 0.000275578 0.000517917 0.000697788 0.000793496 0.000793496 0.000697788 0.000517917 0.000275578 0 
0 0.000517917 0.000973366 0.00131141 0.00149128 0.00149128 0.00131141 0.000973366 0.000517917 0 
0 0.000697788 0.00131141 0.00176686 0.0020092 0.0020092 0.00176686 0.00131141 0.000697788 0 
0 0.000793496 0.00149128 0.0020092 0.00228478 0.00228478 0.0020092 0.00149128 0.000793496 0 
0 0.000793496 0.00149128 0.0020092 0.00228478 0.00228478 0.0020092 0.00149128 0.000793496 0 
0 0.000697788 0.00131141 0.00176686 0.0020092 0.0020092 0.00176686 0.00131141 0.000697788 0 
0 0.000517917 0.000973366 0.00131141 0.00149128 0.00149128 0.00131141 0.000973366 0.000517917 0 
0 0.000275578 0.000517917 0.000697788 0.000793496 0.000793496 0.000697788 0.000517917 0.000275578 0 
0 0 0 0 0 0 0 0 0 0 
0 0 0 0 0 0 0 0 0 0 
0 0.00022202 0.000417262 0.000562175 0.000639282 0.000639282 0.000562175 0.000417262 0.00022202 0 
0 0.000417262 0.000784195 0.00105654 0.00120146 0.00120146 0.00105654 0.000784195 0.000417262 0 
0 0.000562175 0.00105654 0.00142348 0.00161872 0.00161872 0.00142348 0.00105654 0.000562175 0 
0 0.000639282 0.00120146 0.00161872 0.00184074 0.00184074 0.00161872 0.00120146 0.000639282 0 
0 0.000639282 0.00120146 0.00161872 0.00184074 0.00184074 0.00161872 0.00120146 0.000639282 0 
0 0.000562175 0.00105654 0.00142348 0.00161872 0.00161872 0.00142348 0.00105654 0.000562175 0 
0 0.000417262 0.000784195 0.00105654 0.00120146 0.00120146 0.00105654 0.000784195 0.000417262 0 
0 0.00022202 0.000417262 0.000562175 0.000639282 0.000639282 0.000562175 0.000417262 0.00022202 0 
0 0 0 0 0 0 0 0 0 0 
0 0 0 0 0 0 0 0 0 0 
0 0.000178871 0.000336168 0.000452918 0.000515039 0.000515039 0.000452918 0.000336168 0.000178871 0 
0 0.000336168 0.000631789 0.000851207 0.000967957 0.000967957 0.000851207 0.000631789 0.000336168 0 
0 0.000452918 0.000851207 0.00114683 0.00130413 0.00130413 0.00114683 0.000851207 0.000452918 0 
0 0.000515039 0.000967957 0.00130413 0.001483 0.001483 0.00130413 0.000967957 0.000515039 0 
0 0.000515039 0.000967957 0.00130413 0.001483 0.001483 0.00130413 0.000967957 0.000515039 0 
0 0.000452918 0.000851207 0.00114683 0.00130413 0.00130413 0.00114683 0.000851207 0.000452918 0 
0 0.000336168 0.000631789 0.000851207 0.000967957 0.000967957 0.000851207 0.000631789 0.000336168 0 
0 0.000178871 0.000336168 0.000452918 0.000515039 0.000515039 0.000452918 0.000336168 0.000178871 0 
0 0 0 0 0 0 0 0 0 0 
0 0 0 0 0 0 0 0 0 0 
0 0.000144108 0.000270835 0.000364895 0.000414943 0.000414943 0.000364895 0.000270835 0.000144108 0 
0 0.000270835 0.000509003 0.000685777 0.000779837 0.000779837 0.000685777 0.000509003 0.000270835 0 
0 0.000364895 0.000685777 0.000923945 0.00105067 0.00105067 0.000923945 0.000685777 0.000364895 0 
0 0.000414943 0.000779837 0.00105067 0.00119478 0.00119478 0.00105067 0.000779837 0.000414943 0 
0 0.000414943 0.000779837 0.00105067 0.00119478 0.00119478 0.00105067 0.000779837 0.000414943 0 
0 0.000364895 0.000685777 0.000923945 0.00105067 0.00105067 0.000923945 0.000685777 0.000364895 0 
0 0.000270835 0.000509003 0.000685777 0.000779837 0.000779837 0.000685777 0.000509003 0.000270835 0 
0 0.000144108 0.000270835 0.000364895 0.000414943 0.000414943 0.000364895 0.000270835 0.000144108 0 
0 0 0 0 0 0 0 0 0 0 
0 0 0 0 0 0 0 0 0 0 
0 0.000116101 0.000218199 0.000293978 0.0003343 0.0003343 0.000293978 0.000218199 0.000116101 0 
0 0.000218199 0.000410079 0.000552499 0.000628278 0.000628278 0.000552499 0.000410079 0.000218199 0 
0 0.000293978 0.000552499 0.000744379 0.000846477 0.000846477 0.000744379 0.000552499 0.000293978 0 
0 0.0003343 0.000628278 0.000846477 0.000962578 0.000962578 0.000846477 0.000628278 0.0003343 0 
0 0.0003343 0.000628278 0.000846477 0.000962578 0.000962578 0.000846477 0.000628278 0.0003343 0 
0 0.000293978 0.000552499 0.000744379 0.000846477 0.000846477 0.000744379 0.000552499 0.000293978 0 
0 0.000218199 0.000410079 0.000552499 0.000628278 0.000628278 0.000552499 0.000410079 0.000218199 0 
0 0.000116101 0.000218199 0.000293978 0.0003343 0.0003343 0.000293978 0.000218199 0.000116101 0 
0 0 0 0 0 0 0 0 0 0 
0 0 0 0 0 0 0 0 0 0 
0 9.35372e-05 0.000175792 0.000236844 0.00026933 0.00026933 0.000236844 0.000175792 9.35372e-05 0 
0 0.000175792 0.000330382 0.000445122 0.000506174 0.000506174 0.000445122 0.000330382 0.000175792 0 
0 0.000236844 0.000445122 0.000599711 0.000681966 0.000681966 0.000599711 0.000445122 0.000236844 0 
0 0.00026933 0.000506174 0.000681966 0.000775504 0.000775504 0.000681966 0.000506174 0.00026933 0 
0 0.00026933 0.000506174 0.000681966 0.000775504 0.000775504 0.000681966 0.000506174 0.00026933 0 
0 0.000236844 0.000445122 0.000599711 0.000681966 0.000681966 0.000599711 0.000445122 0.000236844 0 
0 0.000175792 0.000330382 0.000445122 0.000506174 0.000506174 0.000445122 0.000330382 0.000175792 0 
0 9.35372e-05 0.000175792 0.000236844 0.00026933 0.00026933 0.000236844 0.000175792 9.35372e-05 0 
0 0 0 0 0 0 0 0 0 0 
0 0 0 0 0 0 0 0 0 0 
0 7.53585e-05 0.000141628 0.000190814 0.000216986 0.000216986 0.000190814 0.000141628 7.53585e-05 0 
0 0.000141628 0.000266173 0.000358614 0.000407801 0.000407801 0.000358614 0.000266173 0.000141628 0 
0 0.000190814 0.000358614 0.000483159 0.000549428 0.000549428 0.000483159 0.000358614 0.000190814 0 
0 0.000216986 0.000407801 0.000549428 0.000624787 0.000624787 0.000549428 0.000407801 0.000216986 0 
0 0.000216986 0.000407801 0.000549428 0.000624787 0.000624787 0.000549428 0.000407801 0.000216986 0 
0 0.000190814 0.000358614 0.000483159 0.000549428 0.000549428 0.000483159 0.000358614 0.000190814 0 
0 0.000141628 0.000266173 0.000358614 0.000407801 0.000407801 0.000358614 0.000266173 0.000141628 0 
0 7.53585e-05 0.000141628 0.000190814 0.000216986 0.000216986 0.000190814 0.000141628 7.53585e-05 0 
0 0 0 0 0 0 0 0 0 0 
0 0 0 0 0 0 0 0 0 0 
0 6.07128e-05 0.000114103 0.00015373 0.000174815 0.000174815 0.00015373 0.000114103 6.07128e-05 0 
0 0.000114103 0.000214443 0.000288918 0.000328546 0.000328546 0.000288918 0.000214443 0.000114103 0 
0 0.00015373 0.000288918 0.000389258 0.000442648 0.000442648 0.000389258 0.000288918 0.00015373 0 
0 0.000174815 0.000328546 0.000442648 0.000503361 0.000503361 0.000442648 0.000328546 0.000174815 0 
0 0.000174815 0.000328546 0.000442648 0.000503361 0.000503361 0.000442648 0.000328546 0.000174815 0 
0 0.00015373 0.000288918 0.000389258 0.000442648 0.000442648 0.000389258 0.000288918 0.00015373 0 
0 0.000114103 0.000214443 0.000288918 0.000328546 0.000328546 0.000288918 0.000214443 0.000114103 0 
0 6.07128e-05 0.000114103 0.00015373 0.000174815 0.000174815 0.00015373 0.000114103 6.07128e-05 0 
0 0 0 0 0 0 0 0 0 0 
0 0 0 0 0 0 0 0 0 0 
0 4.89134e-05 9.19272e-05 0.000123853 0.000140841 0.000140841 0.000123853 9.19272e-05 4.89134e-05 0 
0 9.19272e-05 0.000172767 0.000232768 0.000264694 0.000264694 0.000232768 0.000172767 9.19272e-05 0 
0 0.000123853 0.000232768 0.000313607 0.000356621 0.000356621 0.000313607 0.000232768 0.000123853 0 
0 0.000140841 0.000264694 0.000356621 0.000405534 0.000405534 0.000356621 0.000264694 0.000140841 0 
0 0.000140841 0.000264694 0.000356621 0.000405534 0.000405534 0.000356621 0.000264694 0.000140841 0 
0 0.000123853 0.000232768 0.000313607 0.000356621 0.000356621 0.000313607 0.000232768 0.000123853 0 
0 9.19272e-05 0.000172767 0.000232768 0.000264694 0.000264694 0.000232768 0.000172767 9.19272e-05 0 
0 4.89134e-05 9.19272e-05 0.000123853 0.000140841 0.000140841 0.000123853 9.19272e-05 4.89134e-05 0 
0 0 0 0 0 0 0 0 0 0 
0 0 0 0 0 0 0 0 0 0 
0 3.94072e-05 7.40614e-05 9.97826e-05 0.000113469 0.000113469 9.97826e-05 7.40614e-05 3.94072e-05 0 
0 7.40614e-05 0.00013919 0.00018753 0.000213251 0.000213251 0.00018753 0.00013919 7.40614e-05 0 
0 9.97826e-05 0.00018753 0.000252658 0.000287313 0.000287313 0.000252658 0.00018753 9.97826e-05 0 
0 0.000113469 0.000213251 0.000287313 0.00032672 0.00032672 0.000287313 0.000213251 0.000113469 0 
0 0.000113469 0.000213251 0.000287313 0.00032672 0.00032672 0.000287313 0.000213251 0.000113469 0 
0 9.97826e-05 0.00018753 0.000252658 0.000287313 0.000287313 0.000252658 0.00018753 9.97826e-05 0 
0 7.40614e-05 0.00013919 0.00018753 0.000213251 0.000213251 0.00018753 0.00013919 7.40614e-05 0 
0 3.94072e-05 7.40614e-05 9.97826e-05 0.000113469 0.000113469 9.97826e-05 7.40614e-05 3.94072e-05 0 
0 0 0 0 0 0 0 0 0 0 
0 0 0 0 0 0 0 0 0 0 
0 3.17485e-05 5.96677e-05 8.03901e-05 9.14163e-05 9.14163e-05 8.03901e-05 5.96677e-05 3.17485e-05 0 
0 5.96677e-05 0.000112139 0.000151084 0.000171806 0.000171806 0.000151084 0.000112139 5.96677e-05 0 
0 8.03901e-05 0.000151084 0.000203555 0.000231474 0.000231474 0.000203555 0.000151084 8.03901e-05 0 
0 9.14163e-05 0.000171806 0.000231474 0.000263223 0.000263223 0.000231474 0.000171806 9.14163e-05 0 
0 9.14163e-05 0.000171806 0.000231474 0.000263223 0.000263223 0.000231474 0.000171806 9.14163e-05 0 
0 8.03901e-05 0.000151084 0.000203555 0.000231474 0.000231474 0.000203555 0.000151084 8.03901e-05 0 
0 5.96677e-05 0.000112139 0.000151084 0.000171806 0.000171806 0.000151084 0.000112139 5.96677e-05 0 
0 3.17485e-05 5.96677e-05 8.03901e-05 9.14163e-05 9.14163e-05 8.03901e-05 5.96677e-05 3.17485e-05 0 
0 0 0 0 0 0 0 0 0 0 
0 0 0 0 0 0 0 0 0 0 
0 2.55783e-05 4.80715e-05 6.47665e-05 7.36498e-05 7.36498e-05 6.47665e-05 4.80715e-05 2.55783e-05 0 
0 4.80715e-05 9.03448e-05 0.000121721 0.000138416 0.000138416 0.000121721 9.03448e-05 4.80715e-05 0 
0 6.47665e-05 0.000121721 0.000163995 0.000186488 0.000186488 0.000163995 0.000121721 6.47665e-05 0 
0 7.36498e-05 0.000138416 0.000186488 0.000212066 0.000212066 0.000186488 0.000138416 7.36498e-05 0 
0 7.36498e-05 0.000138416 0.000186488 0.000212066 0.000212066 0.000186488 0.000138416 7.36498e-05 0 
0 6.47665e-05 0.000121721 0.000163995 0.000186488 0.000186488 0.000163995 0.000121721 6.47665e-05 0 
0 4.80715e-05 9.03448e-05 0.000121721 0.000138416 0.000138416 0.000121721 9.03448e-05 4.80715e-05 0 
0 2.55783e-05 4.80715e-05 6.47665e-05 7.36498e-05 7.36498e-05 6.47665e-05 4.80715e-05 2.55783e-05 0 
0 0 0 0 0 0 0 0 0 0 
0 0 0 0 0 0 0 0 0 0 
0 2.06072e-05 3.87289e-05 5.21793e-05 5.93362e-05 5.93362e-05 5.21793e-05 3.87289e-05 2.06072e-05 0 
0 3.87289e-05 7.27866e-05 9.80651e-05 0.000111516 0.000111516 9.80651e-05 7.27866e-05 3.87289e-05 0 
0 5.21793e-05 9.80651e-05 0.000132123 0.000150244 0.000150244 0.000132123 9.80651e-05 5.21793e-05 0 
0 5.93362e-05 0.000111516 0.000150244 0.000170852 0.000170852 0.000150244 0.000111516 5.93362e-05 0 
0 5.93362e-05 0.000111516 0.000150244 0.000170852 0.000170852 0.000150244 0.000111516 5.93362e-05 0 
0 5.21793e-05 9.80651e-05 0.000132123 0.000150244 0.000150244 0.000132123 9.80651e-05 5.21793e-05 0 
0 3.87289e-05 7.27866e-05 9.80651e-05 0.000111516 0.000111516 9.80651e-05 7.27866e-05 3.87289e-05 0 
0 2.06072e-05 3.87289e-05 5.21793e-05 5.93362e-05 5.93362e-05 5.21793e-05 3.87289e-05 2.06072e-05 0 
0 0 0 0 0 0 0 0 0 0 
0 0 0 0 0 0 0 0 0 0 
0 1.66023e-05 3.12021e-05 4.20384e-05 4.78043e-05 4.78043e-05 4.20384e-05 3.12021e-05 1.66023e-05 0 
0 3.12021e-05 5.86407e-05 7.90064e-05 8.98428e-05 8.98428e-05 7.90064e-05 5.86407e-05 3.12021e-05 0 
0 4.20384e-05 7.90064e-05 0.000106445 0.000121045 0.000121045 0.000106445 7.90064e-05 4.20384e-05 0 
0 4.78043e-05 8.98428e-05 0.000121045 0.000137647 0.000137647 0.000121045 8.98428e-05 4.78043e-05 0 
0 4.78043e-05 8.98428e-05 0.000121045 0.000137647 0.000137647 0.000121045 8.98428e-05 4.78043e-05 0 
0 4.20384e-05 7.90064e-05 0.000106445 0.000121045 0.000121045 0.000106445 7.90064e-05 4.20384e-05 0 
0 3.12021e-05 5.86407e-05 7.90064e-05 8.98428e-05 8.98428e-05 7.90064e-05 5.86407e-05 3.12021e-05 0 
0 1.66023e-05 3.12021e-05 4.20384e-05 4.78043e-05 4.78043e-05 4.20384e-05 3.12021e-05 1.66023e-05 0 
0 0 0 0 0 0 0 0 0 0 
0 0 0 0 0 0 0 0 0 0 
0 1.33757e-05 2.5138e-05 3.38684e-05 3.85137e-05 3.85137e-05 3.38684e-05 2.5138e-05 1.33757e-05 0 
0 2.5138e-05 4.72441e-05 6.36517e-05 7.23821e-05 7.23821e-05 6.36517e-05 4.72441e-05 2.5138e-05 0 
0 3.38684e-05 6.36517e-05 8.57578e-05 9.75201e-05 9.75201e-05 8.57578e-05 6.36517e-05 3.38684e-05 0 
0 3.85137e-05 7.23821e-05 9.75201e-05 0.000110896 0.000110896 9.75201e-05 7.23821e-05 3.85137e-05 0 
0 3.85137e-05 7.23821e-05 9.75201e-05 0.000110896 0.000110896 9.75201e-05 7.23821e-05 3.85137e-05 0 
0 3.38684e-05 6.36517e-05 8.57578e-05 9.75201e-05 9.75201e-05 8.57578e-05 6.36517e-05 3.38684e-05 0 
0 2.5138e-05 4.72441e-05 6.36517e-05 7.23821e-05 7.23821e-05 6.36517e-05 4.72441e-05 2.5138e-05 0 
0 1.33757e-05 2.5138e-05 3.38684e-05 3.85137e-05 3.85137e-05 3.38684e-05 2.5138e-05 1.33757e-05 0 
0 0 0 0 0 0 0 0 0 0 
0 0 0 0 0 0 0 0 0 0 
0 1.07761e-05 2.02525e-05 2.72862e-05 3.10287e-05 3.10287e-05 2.72862e-05 2.02525e-05 1.07761e-05 0 
0 2.02525e-05 3.80623e-05 5.12812e-05 5.83148e-05 5.83148e-05 5.12812e-05 3.80623e-05 2.02525e-05 0 
0 2.72862e-05 5.12812e-05 6.9091e-05 7.85674e-05 7.85674e-05 6.9091e-05 5.12812e-05 2.72862e-05 0 
0 3.10287e-05 5.83148e-05 7.85674e-05 8.93435e-05 8.93435e-05 7.85674e-05 5.83148e-05 3.10287e-05 0 
0 3.10287e-05 5.83148e-05 7.85674e-05 8.93435e-05 8.93435e-05 7.85674e-05 5.83148e-05 3.10287e-05 0 
0 2.72862e-05 5.12812e-05 6.9091e-05 7.85674e-05 7.85674e-05 6.9091e-05 5.12812e-05 2.72862e-05 0 
0 2.02525e-05 3.80623e-05 5.12812e-05 5.83148e-05 5.83148e-05 5.12812e-05 3.80623e-05 2.02525e-05 0 
0 1.07761e-05 2.02525e-05 2.72862e-05 3.10287e-05 3.10287e-05 2.72862e-05 2.02525e-05 1.07761e-05 0 
0 0 0 0 0 0 0 0 0 0 
0 0 0 0 0 0 0 0 0 0 
0 8.68183e-06 1.63165e-05 2.19832e-05 2.49983e-05 2.49983e-05 2.19832e-05 1.63165e-05 8.68183e-06 0 
0 1.63165e-05 3.0665e-05 4.13149e-05 4.69815e-05 4.69815e-05 4.13149e-05 3.0665e-05 1.63165e-05 0 
0 2.19832e-05 4.13149e-05 5.56634e-05 6.3298e-05 6.3298e-05 5.56634e-05 4.13149e-05 2.19832e-05 0 
0 2.49983e-05 4.69815e-05 6.3298e-05 7.19799e-05 7.19799e-05 6.3298e-05 4.69815e-05 2.49983e-05 0 
0 2.49983e-05 4.69815e-05 6.3298e-05 7.19799e-05 7.19799e-05 6.3298e-05 4.69815e-05 2.49983e-05 0 
0 2.19832e-05 4.13149e-05 5.56634e-05 6.3298e-05 6.3298e-05 5.56634e-05 4.13149e-05 2.19832e-05 0 
0 1.63165e-05 3.0665e-05 4.13149e-05 4.69815e-05 4.69815e-05 4.13149e-05 3.0665e-05 1.63165e-05 0 
0 8.68183e-06 1.63165e-05 2.19832e-05 2.49983e-05 2.49983e-05 2.19832e-05 1.63165e-05 8.68183e-06 0 
0 0 0 0 0 0 0 0 0 0 
0 0 0 0 0 0 0 0 0 0 
0 6.99454e-06 1.31454e-05 1.77108e-05 2.014e-05 2.014e-05 1.77108e-05 1.31454e-05 6.99454e-06 0 
0 1.31454e-05 2.47054e-05 3.32854e-05 3.78508e-05 3.78508e-05 3.32854e-05 2.47054e-05 1.31454e-05 0 
0 1.77108e-05 3.32854e-05 4.48453e-05 5.09962e-05 5.09962e-05 4.48453e-05 3.32854e-05 1.77108e-05 0 
0 2.014e-05 3.78508e-05 5.09962e-05 5.79908e-05 5.79908e-05 5.09962e-05 3.78508e-05 2.014e-05 0 
0 2.014e-05 3.78508e-05 5.09962e-05 5.79908e-05 5.79908e-05 5.09962e-05 3.78508e-05 2.014e-05 0 
0 1.77108e-05 3.32854e-05 4.48453e-05 5.09962e-05 5.09962e-05 4.48453e-05 3.32854e-05 1.77108e-05 0 
0 1.31454e-05 2.47054e-05 3.32854e-05 3.78508e-05 3.78508e-05 3.32854e-05 2.47054e-05 1.31454e-05 0 
0 6.99454e-06 1.31454e-05 1.77108e-05 2.014e-05 2.014e-05 1.77108e-05 1.31454e-05 6.99454e-06 0 
0 0 0 0 0 0 0 0 0 0 
0 0 0 0 0 0 0 0 0 0 
0 5.63517e-06 1.05907e-05 1.42688e-05 1.62258e-05 1.62258e-05 1.42688e-05 1.05907e-05 5.63517e-06 0 
0 1.05907e-05 1.99039e-05 2.68165e-05 3.04946e-05 3.04946e-05 2.68165e-05 1.99039e-05 1.05907e-05 0 
0 1.42688e-05 2.68165e-05 3.61298e-05 4.10853e-05 4.10853e-05 3.61298e-05 2.68165e-05 1.42688e-05 0 
0 1.62258e-05 3.04946e-05 4.10853e-05 4.67204e-05 4.67204e-05 4.10853e-05 3.04946e-05 1.62258e-05 0 
0 1.62258e-05 3.04946e-05 4.10853e-05 4.67204e-05 4.67204e-05 4.10853e-05 3.04946e-05 1.62258e-05 0 
0 1.42688e-05 2.68165e-05 3.61298e-05 4.10853e-05 4.10853e-05 3.61298e-05 2.68165e-05 1.42688e-05 0 
0 1.05907e-05 1.99039e-05 2.68165e-05 3.04946e-05 3.04946e-05 2.68165e-05 1.99039e-05 1.05907e-05 0 
0 5.63517e-06 1.05907e-05 1.42688e-05 1.62258e-05 1.62258e-05 1.42688e-05 1.05907e-05 5.63517e-06 0 
0 0 0 0 0 0 0 0 0 0 
0 0 0 0 0 0 0 0 0 0 
0 4.54e-06 8.5324e-06 1.14957e-05 1.30724e-05 1.30724e-05 1.14957e-05 8.5324e-06 4.54e-06 0 
0 8.5324e-06 1.60357e-05 2.16048e-05 2.45681e-05 2.45681e-05 2.16048e-05 1.60357e-05 8.5324e-06 0 
0 1.14957e-05 2.16048e-05 2.91081e-05 3.31005e-05 3.31005e-05 2.91081e-05 2.16048e-05 1.14957e-05 0 
0 1.30724e-05 2.45681e-05 3.31005e-05 3.76405e-05 3.76405e-05 3.31005e-05 2.45681e-05 1.30724e-05 0 
0 1.30724e-05 2.45681e-05 3.31005e-05 3.76405e-05 3.76405e-05 3.31005e-05 2.45681e-05 1.30724e-05 0 
0 1.14957e-05 2.16048e-05 2.91081e-05 3.31005e-05 3.31005e-05 2.91081e-05 2.16048e-05 1.14957e-05 0 
0 8.5324e-06 1.60357e-05 2.16048e-05 2.45681e-05 2.45681e-05 2.16048e-05 1.60357e-05 8.5324e-06 0 
0 4.54e-06 8.5324e-06 1.14957e-05 1.30724e-05 1.30724e-05 1.14957e-05 8.5324e-06 4.54e-06 0 
0 0 0 0 0 0 0 0 0 0 
0 0 0 0 0 0 0 0 0 0 
0 3.65766e-06 6.87415e-06 9.26152e-06 1.05318e-05 1.05318e-05 9.26152e-06 6.87415e-06 3.65766e-06 0 
0 6.87415e-06 1.29192e-05 1.7406e-05 1.97933e-05 1.97933e-05 1.7406e-05 1.29192e-05 6.87415e-06 0 
0 9.26152e-06 1.7406e-05 2.3451e-05 2.66675e-05 2.66675e-05 2.3451e-05 1.7406e-05 9.26152e-06 0 
0 1.05318e-05 1.97933e-05 2.66675e-05 3.03252e-05 3.03252e-05 2.66675e-05 1.97933e-05 1.05318e-05 0 
0 1.05318e-05 1.97933e-05 2.66675e-05 3.03252e-05 3.03252e-05 2.66675e-05 1.97933e-05 1.05318e-05 0 
0 9.26152e-06 1.7406e-05 2.3451e-05 2.66675e-05 2.66675e-05 2.3451e-05 1.7406e-05 9.26152e-06 0 
0 6.87415e-06 1.29192e-05 1.7406e-05 1.97933e-05 1.97933e-05 1.7406e-05 1.29192e-05 6.87415e-06 0 
0 3.65766e-06 6.87415e-06 9.26152e-06 1.05318e-05 1.05318e-05 9.26152e-06 6.87415e-06 3.65766e-06 0 
0 0 0 0 0 0 0 0 0 0 
0 0 0 0 0 0 0 0 0 0 
0 2.94681e-06 5.53818e-06 7.46157e-06 8.48499e-06 8.48499e-06 7.46157e-06 5.53818e-06 2.94681e-06 0 
0 5.53818e-06 1.04084e-05 1.40232e-05 1.59466e-05 1.59466e-05 1.40232e-05 1.04084e-05 5.53818e-06 0 
0 7.46157e-06 1.40232e-05 1.88934e-05 2.14847e-05 2.14847e-05 1.88934e-05 1.40232e-05 7.46157e-06 0 
0 8.48499e-06 1.59466e-05 2.14847e-05 2.44316e-05 2.44316e-05 2.14847e-05 1.59466e-05 8.48499e-06 0 
0 8.48499e-06 1.59466e-05 2.14847e-05 2.44316e-05 2.44316e-05 2.14847e-05 1.59466e-05 8.48499e-06 0 
0 7.46157e-06 1.40232e-05 1.88934e-05 2.14847e-05 2.14847e-05 1.88934e-05 1.40232e-05 7.46157e-06 0 
0 5.53818e-06 1.04084e-05 1.40232e-05 1.59466e-05 1.59466e-05 1.40232e-05 1.04084e-05 5.53818e-06 0 
0 2.94681e-06 5.53818e-06 7.46157e-06 8.48499e-06 8.48499e-06 7.46157e-06 5.53818e-06 2.94681e-06 0 
0 0 0 0 0 0 0 0 0 0 
0 0 0 0 0 0 0 0 0 0 
0 2.3741e-06 4.46185e-06 6.01144e-06 6.83596e-06 6.83596e-06 6.01144e-06 4.46185e-06 2.3741e-06 0 
0 4.46185e-06 8.38554e-06 1.12978e-05 1.28474e-05 1.28474e-05 1.12978e-05 8.38554e-06 4.46185e-06 0 
0 6.01144e-06 1.12978e-05 1.52215e-05 1.73093e-05 1.73093e-05 1.52215e-05 1.12978e-05 6.01144e-06 0 
0 6.83596e-06 1.28474e-05 1.73093e-05 1.96834e-05 1.96834e-05 1.73093e-05 1.28474e-05 6.83596e-06 0 
0 6.83596e-06 1.28474e-05 1.73093e-05 1.96834e-05 1.96834e-05 1.73093e-05 1.28474e-05 6.83596e-06 0 
0 6.01144e-06 1.12978e-05 1.52215e-05 1.73093e-05 1.73093e-05 1.52215e-05 1.12978e-05 6.01144e-06 0 
0 4.46185e-06 8.38554e-06 1.12978e-05 1.28474e-05 1.28474e-05 1.12978e-05 8.38554e-06 4.46185e-06 0 
0 2.3741e-06 4.46185e-06 6.01144e-06 6.83596e-06 6.83596e-06 6.01144e-06 4.46185e-06 2.3741e-06 0 
0 0 0 0 0 0 0 0 0 0 
0 0 0 0 0 0 0 0 0 0 
0 1.9127e-06 3.59471e-06 4.84314e-06 5.50741e-06 5.50741e-06 4.84314e-06 3.59471e-06 1.9127e-06 0 
0 3.59471e-06 6.75584e-06 9.10212e-06 1.03505e-05 1.03505e-05 9.10212e-06 6.75584e-06 3.59471e-06 0 
0 4.84314e-06 9.10212e-06 1.22632e-05 1.39453e-05 1.39453e-05 1.22632e-05 9.10212e-06 4.84314e-06 0 
0 5.50741e-06 1.03505e-05 1.39453e-05 1.5858e-05 1.5858e-05 1.39453e-05 1.03505e-05 5.50741e-06 0 
0 5.50741e-06 1.03505e-05 1.39453e-05 1.5858e-05 1.5858e-05 1.39453e-05 1.03505e-05 5.50741e-06 0 
0 4.84314e-06 9.10212e-06 1.22632e-05 1.39453e-05 1.39453e-05 1.22632e-05 9.10212e-06 4.84314e-06 0 
0 3.59471e-06 6.75584e-06 9.10212e-06 1.03505e-05 1.03505e-05 9.10212e-06 6.75584e-06 3.59471e-06 0 
0 1.9127e-06 3.59471e-06 4.84314e-06 5.50741e-06 5.50741e-06 4.84314e-06 3.59471e-06 1.9127e-06 0 
0 0 0 0 0 0 0 0 0 0 
0 0 0 0 0 0 0 0 0 0 
0 1.54098e-06 2.89609e-06 3.90189e-06 4.43706e-06 4.43706e-06 3.90189e-06 2.89609e-06 1.54098e-06 0 
0 2.89609e-06 5.44286e-06 7.33315e-06 8.33895e-06 8.33895e-06 7.33315e-06 5.44286e-06 2.89609e-06 0 
0 3.90189e-06 7.33315e-06 9.87993e-06 1.1235e-05 1.1235e-05 9.87993e-06 7.33315e-06 3.90189e-06 0 
0 4.43706e-06 8.33895e-06 1.1235e-05 1.2776e-05 1.2776e-05 1.1235e-05 8.33895e-06 4.43706e-06 0 
0 4.43706e-06 8.33895e-06 1.1235e-05 1.2776e-05 1.2776e-05 1.1235e-05 8.33895e-06 4.43706e-06 0 
0 3.90189e-06 7.33315e-06 9.87993e-06 1.1235e-05 1.1235e-05 9.87993e-06 7.33315e-06 3.90189e-06 0 
0 2.89609e-06 5.44286e-06 7.33315e-06 8.33895e-06 8.33895e-06 7.33315e-06 5.44286e-06 2.89609e-06 0 
0 1.54098e-06 2.89609e-06 3.90189e-06 4.43706e-06 4.43706e-06 3.90189e-06 2.89609e-06 1.54098e-06 0 
0 0 0 0 0 0 0 0 0 0 
0 0 0 0 0 0 0 0 0 0 
0 1.24149e-06 2.33324e-06 3.14357e-06 3.57474e-06 3.57474e-06 3.14357e-06 2.33324e-06 1.24149e-06 0 
0 2.33324e-06 4.38506e-06 5.90798e-06 6.7183e-06 6.7183e-06 5.90798e-06 4.38506e-06 2.33324e-06 0 
0 3.14357e-06 5.90798e-06 7.9598e-06 9.05155e-06 9.05155e-06 7.9598e-06 5.90798e-06 3.14357e-06 0 
0 3.57474e-06 6.7183e-06 9.05155e-06 1.0293e-05 1.0293e-05 9.05155e-06 6.7183e-06 3.57474e-06 0 
0 3.57474e-06 6.7183e-06 9.05155e-06 1.0293e-05 1.0293e-05 9.05155e-06 6.7183e-06 3.57474e-06 0 
0 3.14357e-06 5.90798e-06 7.9598e-06 9.05155e-06 9.05155e-06 7.9598e-06 5.90798e-06 3.14357e-06 0 
0 2.33324e-06 4.38506e-06 5.90798e-06 6.7183e-06 6.7183e-06 5.90798e-06 4.38506e-06 2.33324e-06 0 
0 1.24149e-06 2.33324e-06 3.14357e-06 3.57474e-06 3.57474e-06 3.14357e-06 2.33324e-06 1.24149e-06 0 
0 0 0 0 0 0 0 0 0 0 
0 0 0 0 0 0 0 0 0 0 
0 1.00021e-06 1.87979e-06 2.53263e-06 2.88e-06 2.88e-06 2.53263e-06 1.87979e-06 1.00021e-06 0 
0 1.87979e-06 3.53284e-06 4.75978e-06 5.41263e-06 5.41263e-06 4.75978e-06 3.53284e-06 1.87979e-06 0 
0 2.53263e-06 4.75978e-06 6.41284e-06 7.29241e-06 7.29241e-06 6.41284e-06 4.75978e-06 2.53263e-06 0 
0 2.88e-06 5.41263e-06 7.29241e-06 8.29262e-06 8.29262e-06 7.29241e-06 5.41263e-06 2.88e-06 0 
0 2.88e-06 5.41263e-06 7.29241e-06 8.29262e-06 8.29262e-06 7.29241e-06 5.41263e-06 2.88e-06 0 
0 2.53263e-06 4.75978e-06 6.41284e-06 7.29241e-06 7.29241e-06 6.41284e-06 4.75978e-06 2.53263e-06 0 
0 1.87979e-06 3.53284e-06 4.75978e-06 5.41263e-06 5.41263e-06 4.75978e-06 3.53284e-06 1.87979e-06 0 
0 1.00021e-06 1.87979e-06 2.53263e-06 2.88e-06 2.88e-06 2.53263e-06 1.87979e-06 1.00021e-06 0 
0 0 0 0 0 0 0 0 0 0 
0 0 0 0 0 0 0 0 0 0 
0 8.05825e-07 1.51446e-06 2.04042e-06 2.32028e-06 2.32028e-06 2.04042e-06 1.51446e-06 8.05825e-07 0 
0 1.51446e-06 2.84625e-06 3.83474e-06 4.3607e-06 4.3607e-06 3.83474e-06 2.84625e-06 1.51446e-06 0 
0 2.04042e-06 3.83474e-06 5.16653e-06 5.87516e-06 5.87516e-06 5.16653e-06 3.83474e-06 2.04042e-06 0 
0 2.32028e-06 4.3607e-06 5.87516e-06 6.68098e-06 6.68098e-06 5.87516e-06 4.3607e-06 2.32028e-06 0 
0 2.32028e-06 4.3607e-06 5.87516e-06 6.68098e-06 6.68098e-06 5.87516e-06 4.3607e-06 2.32028e-06 0 
0 2.04042e-06 3.83474e-06 5.16653e-06 5.87516e-06 5.87516e-06 5.16653e-06 3.83474e-06 2.04042e-06 0 
0 1.51446e-06 2.84625e-06 3.83474e-06 4.3607e-06 4.3607e-06 3.83474e-06 2.84625e-06 1.51446e-06 0 
0 8.05825e-07 1.51446e-06 2.04042e-06 2.32028e-06 2.32028e-06 2.04042e-06 1.51446e-06 8.05825e-07 0 
0 0 0 0 0 0 0 0 0 0 
0 0 0 0 0 0 0 0 0 0 
0 6.49216e-07 1.22013e-06 1.64387e-06 1.86934e-06 1.86934e-06 1.64387e-06 1.22013e-06 6.49216e-07 0 
0 1.22013e-06 2.29309e-06 3.08947e-06 3.51322e-06 3.51322e-06 3.08947e-06 2.29309e-06 1.22013e-06 0 
0 1.64387e-06 3.08947e-06 4.16243e-06 4.73334e-06 4.73334e-06 4.16243e-06 3.08947e-06 1.64387e-06 0 
0 1.86934e-06 3.51322e-06 4.73334e-06 5.38256e-06 5.38256e-06 4.73334e-06 3.51322e-06 1.86934e-06 0 
0 1.86934e-06 3.51322e-06 4.73334e-06 5.38256e-06 5.38256e-06 4.73334e-06 3.51322e-06 1.86934e-06 0 
0 1.64387e-06 3.08947e-06 4.16243e-06 4.73334e-06 4.73334e-06 4.16243e-06 3.08947e-06 1.64387e-06 0 
0 1.22013e-06 2.29309e-06 3.08947e-06 3.51322e-06 3.51322e-06 3.08947e-06 2.29309e-06 1.22013e-06 0 
0 6.49216e-07 1.22013e-06 1.64387e-06 1.86934e-06 1.86934e-06 1.64387e-06 1.22013e-06 6.49216e-07 0 
0 0 0 0 0 0 0 0 0 0 
0 0 0 0 0 0 0 0 0 0 
0 5.23044e-07 9.83001e-07 1.32439e-06 1.50604e-06 1.50604e-06 1.32439e-06 9.83001e-07 5.23044e-07 0 
0 9.83001e-07 1.84744e-06 2.48905e-06 2.83044e-06 2.83044e-06 2.48905e-06 1.84744e-06 9.83001e-07 0 
0 1.32439e-06 2.48905e-06 3.35348e-06 3.81344e-06 3.81344e-06 3.35348e-06 2.48905e-06 1.32439e-06 0 
0 1.50604e-06 2.83044e-06 3.81344e-06 4.33648e-06 4.33648e-06 3.81344e-06 2.83044e-06 1.50604e-06 0 
0 1.50604e-06 2.83044e-06 3.81344e-06 4.33648e-06 4.33648e-06 3.81344e-06 2.83044e-06 1.50604e-06 0 
0 1.32439e-06 2.48905e-06 3.35348e-06 3.81344e-06 3.81344e-06 3.35348e-06 2.48905e-06 1.32439e-06 0 
0 9.83001e-07 1.84744e-06 2.48905e-06 2.83044e-06 2.83044e-06 2.48905e-06 1.84744e-06 9.83001e-07 0 
0 5.23044e-07 9.83001e-07 1.32439e-06 1.50604e-06 1.50604e-06 1.32439e-06 9.83001e-07 5.23044e-07 0 
0 0 0 0 0 0 0 0 0 0 
0 0 0 0 0 0 0 0 0 0 
0 4.21393e-07 7.91959e-07 1.067e-06 1.21335e-06 1.21335e-06 1.067e-06 7.91959e-07 4.21393e-07 0 
0 7.91959e-07 1.4884e-06 2.00531e-06 2.28036e-06 2.28036e-06 2.00531e-06 1.4884e-06 7.91959e-07 0 
0 1.067e-06 2.00531e-06 2.70175e-06 3.07231e-06 3.07231e-06 2.70175e-06 2.00531e-06 1.067e-06 0 
0 1.21335e-06 2.28036e-06 3.07231e-06 3.49371e-06 3.49371e-06 3.07231e-06 2.28036e-06 1.21335e-06 0 
0 1.21335e-06 2.28036e-06 3.07231e-06 3.49371e-06 3.49371e-06 3.07231e-06 2.28036e-06 1.21335e-06 0 
0 1.067e-06 2.00531e-06 2.70175e-06 3.07231e-06 3.07231e-06 2.70175e-06 2.00531e-06 1.067e-06 0 
0 7.91959e-07 1.4884e-06 2.00531e-06 2.28036e-06 2.28036e-06 2.00531e-06 1.4884e-06 7.91959e-07 0 
0 4.21393e-07 7.91959e-07 1.067e-06 1.21335e-06 1.21335e-06 1.067e-06 7.91959e-07 4.21393e-07 0 
0 0 0 0 0 0 0 0 0 0 
0 0 0 0 0 0 0 0 0 0 
0 3.39497e-07 6.38046e-07 8.59637e-07 9.77543e-07 9.77543e-07 8.59637e-07 6.38046e-07 3.39497e-07 0 
0 6.38046e-07 1.19913e-06 1.61559e-06 1.83718e-06 1.83718e-06 1.61559e-06 1.19913e-06 6.38046e-07 0 
0 8.59637e-07 1.61559e-06 2.17668e-06 2.47522e-06 2.47522e-06 2.17668e-06 1.61559e-06 8.59637e-07 0 
0 9.77543e-07 1.83718e-06 2.47522e-06 2.81472e-06 2.81472e-06 2.47522e-06 1.83718e-06 9.77543e-07 0 
0 9.77543e-07 1.83718e-06 2.47522e-06 2.81472e-06 2.81472e-06 2.47522e-06 1.83718e-06 9.77543e-07 0 
0 8.59637e-07 1.61559e-06 2.17668e-06 2.47522e-06 2.47522e-06 2.17668e-06 1.61559e-06 8.59637e-07 0 
0 6.38046e-07 1.19913e-06 1.61559e-06 1.83718e-06 1.83718e-06 1.61559e-06 1.19913e-06 6.38046e-07 0 
0 3.39497e-07 6.38046e-07 8.59637e-07 9.77543e-07 9.77543e-07 8.59637e-07 6.38046e-07 3.39497e-07 0 
0 0 0 0 0 0 0 0 0 0 
0 0 0 0 0 0 0 0 0 0 
0 2.73518e-07 5.14045e-07 6.92571e-07 7.87563e-07 7.87563e-07 6.92571e-07 5.14045e-07 2.73518e-07 0 
0 5.14045e-07 9.66089e-07 1.30161e-06 1.48013e-06 1.48013e-06 1.30161e-06 9.66089e-07 5.14045e-07 0 
0 6.92571e-07 1.30161e-06 1.75365e-06 1.99418e-06 1.99418e-06 1.75365e-06 1.30161e-06 6.92571e-07 0 
0 7.87563e-07 1.48013e-06 1.99418e-06 2.2677e-06 2.2677e-06 1.99418e-06 1.48013e-06 7.87563e-07 0 
0 7.87563e-07 1.48013e-06 1.99418e-06 2.2677e-06 2.2677e-06 1.99418e-06 1.48013e-06 7.87563e-07 0 
0 6.92571e-07 1.30161e-06 1.75365e-06 1.99418e-06 1.99418e-06 1.75365e-06 1.30161e-06 6.92571e-07 0 
0 5.14045e-07 9.66089e-07 1.30161e-06 1.48013e-06 1.48013e-06 1.30161e-06 9.66089e-07 5.14045e-07 0 
0 2.73518e-07 5.14045e-07 6.92571e-07 7.87563e-07 7.87563e-07 6.92571e-07 5.14045e-07 2.73518e-07 0 
0 0 0 0 0 0 0 0 0 0 
0 0 0 0 0 0 0 0 0 0 
0 2.20361e-07 4.14144e-07 5.57974e-07 6.34505e-07 6.34505e-07 5.57974e-07 4.14144e-07 2.20361e-07 0 
0 4.14144e-07 7.78336e-07 1.04865e-06 1.19248e-06 1.19248e-06 1.04865e-06 7.78336e-07 4.14144e-07 0 
0 5.57974e-07 1.04865e-06 1.41284e-06 1.60662e-06 1.60662e-06 1.41284e-06 1.04865e-06 5.57974e-07 0 
0 6.34505e-07 1.19248e-06 1.60662e-06 1.82698e-06 1.82698e-06 1.60662e-06 1.19248e-06 6.34505e-07 0 
0 6.34505e-07 1.19248e-06 1.60662e-06 1.82698e-06 1.82698e-06 1.60662e-06 1.19248e-06 6.34505e-07 0 
0 5.57974e-07 1.04865e-06 1.41284e-06 1.60662e-06 1.60662e-06 1.41284e-06 1.04865e-06 5.57974e-07 0 
0 4.14144e-07 7.78336e-07 1.04865e-06 1.19248e-06 1.19248e-06 1.04865e-06 7.78336e-07 4.14144e-07 0 
0 2.20361e-07 4.14144e-07 5.57974e-07 6.34505e-07 6.34505e-07 5.57974e-07 4.14144e-07 2.20361e-07 0 
0 0 0 0 0 0 0 0 0 0 
0 0 0 0 0 0 0 0 0 0 
0 1.77536e-07 3.33658e-07 4.49536e-07 5.11193e-07 5.11193e-07 4.49536e-07 3.33658e-07 1.77536e-07 0 
0 3.33658e-07 6.27071e-07 8.44851e-07 9.60729e-07 9.60729e-07 8.44851e-07 6.27071e-07 3.33658e-07 0 
0 4.49536e-07 8.44851e-07 1.13826e-06 1.29439e-06 1.29439e-06 1.13826e-06 8.44851e-07 4.49536e-07 0 
0 5.11193e-07 9.60729e-07 1.29439e-06 1.47192e-06 1.47192e-06 1.29439e-06 9.60729e-07 5.11193e-07 0 
0 5.11193e-07 9.60729e-07 1.29439e-06 1.47192e-06 1.47192e-06 1.29439e-06 9.60729e-07 5.11193e-07 0 
0 4.49536e-07 8.44851e-07 1.13826e-06 1.29439e-06 1.29439e-06 1.13826e-06 8.44851e-07 4.49536e-07 0 
0 3.33658e-07 6.27071e-07 8.44851e-07 9.60729e-07 9.60729e-07 8.44851e-07 6.27071e-07 3.33658e-07 0 
0 1.77536e-07 3.33658e-07 4.49536e-07 5.11193e-07 5.11193e-07 4.49536e-07 3.33658e-07 1.77536e-07 0 
0 0 0 0 0 0 0 0 0 0 
0 0 0 0 0 0 0 0 0 0 
0 1.43033e-07 2.68814e-07 3.62172e-07 4.11847e-07 4.11847e-07 3.62172e-07 2.68814e-07 1.43033e-07 0 
0 2.68814e-07 5.05205e-07 6.80661e-07 7.74019e-07 7.74019e-07 6.80661e-07 5.05205e-07 2.68814e-07 0 
0 3.62172e-07 6.80661e-07 9.17052e-07 1.04283e-06 1.04283e-06 9.17052e-07 6.80661e-07 3.62172e-07 0 
0 4.11847e-07 7.74019e-07 1.04283e-06 1.18587e-06 1.18587e-06 1.04283e-06 7.74019e-07 4.11847e-07 0 
0 4.11847e-07 7.74019e-07 1.04283e-06 1.18587e-06 1.18587e-06 1.04283e-06 7.74019e-07 4.11847e-07 0 
0 3.62172e-07 6.80661e-07 9.17052e-07 1.04283e-06 1.04283e-06 9.17052e-07 6.80661e-07 3.62172e-07 0 
0 2.68814e-07 5.05205e-07 6.80661e-07 7.74019e-07 7.74019e-07 6.80661e-07 5.05205e-07 2.68814e-07 0 
0 1.43033e-07 2.68814e-07 3.62172e-07 4.11847e-07 4.11847e-07 3.62172e-07 2.68814e-07 1.43033e-07 0 
0 0 0 0 0 0 0 0 0 0 
0 0 0 0 0 0 0 0 0 0 
0 1.15236e-07 2.16572e-07 2.91787e-07 3.31808e-07 3.31808e-07 2.91787e-07 2.16572e-07 1.15236e-07 0 
0 2.16572e-07 4.07023e-07 5.48381e-07 6.23596e-07 6.23596e-07 5.48381e-07 4.07023e-07 2.16572e-07 0 
0 2.91787e-07 5.48381e-07 7.38831e-07 8.40168e-07 8.40168e-07 7.38831e-07 5.48381e-07 2.91787e-07 0 
0 3.31808e-07 6.23596e-07 8.40168e-07 9.55404e-07 9.55404e-07 8.40168e-07 6.23596e-07 3.31808e-07 0 
0 3.31808e-07 6.23596e-07 8.40168e-07 9.55404e-07 9.55404e-07 8.40168e-07 6.23596e-07 3.31808e-07 0 
0 2.91787e-07 5.48381e-07 7.38831e-07 8.40168e-07 8.40168e-07 7.38831e-07 5.48381e-07 2.91787e-07 0 
0 2.16572e-07 4.07023e-07 5.48381e-07 6.23596e-07 6.23596e-07 5.48381e-07 4.07023e-07 2.16572e-07 0 
0 1.15236e-07 2.16572e-07 2.91787e-07 3.31808e-07 3.31808e-07 2.91787e-07 2.16572e-07 1.15236e-07 0 
0 0 0 0 0 0 0 0 0 0 
0 0 0 0 0 0 0 0 0 0 
0 9.28411e-08 1.74484e-07 2.35082e-07 2.67325e-07 2.67325e-07 2.35082e-07 1.74484e-07 9.28411e-08 0 
0 1.74484e-07 3.27923e-07 4.41809e-07 5.02407e-07 5.02407e-07 4.41809e-07 3.27923e-07 1.74484e-07 0 
0 2.35082e-07 4.41809e-07 5.95248e-07 6.76891e-07 6.76891e-07 5.95248e-07 4.41809e-07 2.35082e-07 0 
0 2.67325e-07 5.02407e-07 6.76891e-07 7.69732e-07 7.69732e-07 6.76891e-07 5.02407e-07 2.67325e-07 0 
0 2.67325e-07 5.02407e-07 6.76891e-07 7.69732e-07 7.69732e-07 6.76891e-07 5.02407e-07 2.67325e-07 0 
0 2.35082e-07 4.41809e-07 5.95248e-07 6.76891e-07 6.76891e-07 5.95248e-07 4.41809e-07 2.35082e-07 0 
0 1.74484e-07 3.27923e-07 4.41809e-07 5.02407e-07 5.02407e-07 4.41809e-07 3.27923e-07 1.74484e-07 0 
0 9.28411e-08 1.74484e-07 2.35082e-07 2.67325e-07 2.67325e-07 2.35082e-07 1.74484e-07 9.28411e-08 0 
0 0 0 0 0 0 0 0 0 0 
0 0 0 0 0 0 0 0 0 0 
0 7.47985e-08 1.40575e-07 1.89396e-07 2.15374e-07 2.15374e-07 1.89396e-07 1.40575e-07 7.47985e-08 0 
0 1.40575e-07 2.64195e-07 3.55949e-07 4.0477e-07 4.0477e-07 3.55949e-07 2.64195e-07 1.40575e-07 0 
0 1.89396e-07 3.55949e-07 4.79569e-07 5.45345e-07 5.45345e-07 4.79569e-07 3.55949e-07 1.89396e-07 0 
0 2.15374e-07 4.0477e-07 5.45345e-07 6.20144e-07 6.20144e-07 5.45345e-07 4.0477e-07 2.15374e-07 0 
0 2.15374e-07 4.0477e-07 5.45345e-07 6.20144e-07 6.20144e-07 5.45345e-07 4.0477e-07 2.15374e-07 0 
0 1.89396e-07 3.55949e-07 4.79569e-07 5.45345e-07 5.45345e-07 4.79569e-07 3.55949e-07 1.89396e-07 0 
0 1.40575e-07 2.64195e-07 3.55949e-07 4.0477e-07 4.0477e-07 3.55949e-07 2.64195e-07 1.40575e-07 0 
0 7.47985e-08 1.40575e-07 1.89396e-07 2.15374e-07 2.15374e-07 1.89396e-07 1.40575e-07 7.47985e-08 0 
0 0 0 0 0 0 0 0 0 0 
0 0 0 0 0 0 0 0 0 0 
0 6.02625e-08 1.13256e-07 1.5259e-07 1.73519e-07 1.73519e-07 1.5259e-07 1.13256e-07 6.02625e-08 0 
0 1.13256e-07 2.12853e-07 2.86775e-07 3.26109e-07 3.26109e-07 2.86775e-07 2.12853e-07 1.13256e-07 0 
0 1.5259e-07 2.86775e-07 3.86372e-07 4.39365e-07 4.39365e-07 3.86372e-07 2.86775e-07 1.5259e-07 0 
0 1.73519e-07 3.26109e-07 4.39365e-07 4.99628e-07 4.99628e-07 4.39365e-07 3.26109e-07 1.73519e-07 0 
0 1.73519e-07 3.26109e-07 4.39365e-07 4.99628e-07 4.99628e-07 4.39365e-07 3.26109e-07 1.73519e-07 0 
0 1.5259e-07 2.86775e-07 3.86372e-07 4.39365e-07 4.39365e-07 3.86372e-07 2.86775e-07 1.5259e-07 0 
0 1.13256e-07 2.12853e-07 2.86775e-07 3.26109e-07 3.26109e-07 2.86775e-07 2.12853e-07 1.13256e-07 0 
0 6.02625e-08 1.13256e-07 1.5259e-07 1.73519e-07 1.73519e-07 1.5259e-07 1.13256e-07 6.02625e-08 0 
0 0 0 0 0 0 0 0 0 0 
0 0 0 0 0 0 0 0 0 0 
0 4.85516e-08 9.12472e-08 1.22937e-07 1.39799e-07 1.39799e-07 1.22937e-07 9.12472e-08 4.85516e-08 0 
0 9.12472e-08 1.71489e-07 2.31046e-07 2.62736e-07 2.62736e-07 2.31046e-07 1.71489e-07 9.12472e-08 0 
0 1.22937e-07 2.31046e-07 3.11287e-07 3.53983e-07 3.53983e-07 3.11287e-07 2.31046e-07 1.22937e-07 0 
0 1.39799e-07 2.62736e-07 3.53983e-07 4.02535e-07 4.02535e-07 3.53983e-07 2.62736e-07 1.39799e-07 0 
0 1.39799e-07 2.62736e-07 3.53983e-07 4.02535e-07 4.02535e-07 3.53983e-07 2.62736e-07 1.39799e-07 0 
0 1.22937e-07 2.31046e-07 3.11287e-07 3.53983e-07 3.53983e-07 3.11287e-07 2.31046e-07 1.22937e-07 0 
0 9.12472e-08 1.71489e-07 2.31046e-07 2.62736e-07 2.62736e-07 2.31046e-07 1.71489e-07 9.12472e-08 0 
0 4.85516e-08 9.12472e-08 1.22937e-07 1.39799e-07 1.39799e-07 1.22937e-07 9.12472e-08 4.85516e-08 0 
0 0 0 0 0 0 0 0 0 0 
0 0 0 0 0 0 0 0 0 0 
0 3.91168e-08 7.35155e-08 9.90471e-08 1.12632e-07 1.12632e-07 9.90471e-08 7.35155e-08 3.91168e-08 0 
0 7.35155e-08 1.38164e-07 1.86148e-07 2.11679e-07 2.11679e-07 1.86148e-07 1.38164e-07 7.35155e-08 0 
0 9.90471e-08 1.86148e-07 2.50796e-07 2.85195e-07 2.85195e-07 2.50796e-07 1.86148e-07 9.90471e-08 0 
0 1.12632e-07 2.11679e-07 2.85195e-07 3.24312e-07 3.24312e-07 2.85195e-07 2.11679e-07 1.12632e-07 0 
0 1.12632e-07 2.11679e-07 2.85195e-07 3.24312e-07 3.24312e-07 2.85195e-07 2.11679e-07 1.12632e-07 0 
0 9.90471e-08 1.86148e-07 2.50796e-07 2.85195e-07 2.85195e-07 2.50796e-07 1.86148e-07 9.90471e-08 0 
0 7.35155e-08 1.38164e-07 1.86148e-07 2.11679e-07 2.11679e-07 1.86148e-07 1.38164e-07 7.35155e-08 0 
0 3.91168e-08 7.35155e-08 9.90471e-08 1.12632e-07 1.12632e-07 9.90471e-08 7.35155e-08 3.91168e-08 0 
0 0 0 0 0 0 0 0 0 0 
0 0 0 0 0 0 0 0 0 0 
0 3.15156e-08 5.923e-08 7.98004e-08 9.07456e-08 9.07456e-08 7.98004e-08 5.923e-08 3.15156e-08 0 
0 5.923e-08 1.11316e-07 1.49976e-07 1.70546e-07 1.70546e-07 1.49976e-07 1.11316e-07 5.923e-08 0 
0 7.98004e-08 1.49976e-07 2.02062e-07 2.29776e-07 2.29776e-07 2.02062e-07 1.49976e-07 7.98004e-08 0 
0 9.07456e-08 1.70546e-07 2.29776e-07 2.61292e-07 2.61292e-07 2.29776e-07 1.70546e-07 9.07456e-08 0 
0 9.07456e-08 1.70546e-07 2.29776e-07 2.61292e-07 2.61292e-07 2.29776e-07 1.70546e-07 9.07456e-08 0 
0 7.98004e-08 1.49976e-07 2.02062e-07 2.29776e-07 2.29776e-07 2.02062e-07 1.49976e-07 7.98004e-08 0 
0 5.923e-08 1.11316e-07 1.49976e-07 1.70546e-07 1.70546e-07 1.49976e-07 1.11316e-07 5.923e-08 0 
0 3.15156e-08 5.923e-08 7.98004e-08 9.07456e-08 9.07456e-08 7.98004e-08 5.923e-08 3.15156e-08 0 
0 0 0 0 0 0 0 0 0 0 
0 0 0 0 0 0 0 0 0 0 
0 2.53915e-08 4.77205e-08 6.42936e-08 7.3112e-08 7.3112e-08 6.42936e-08 4.77205e-08 2.53915e-08 0 
0 4.77205e-08 8.96851e-08 1.20832e-07 1.37406e-07 1.37406e-07 1.20832e-07 8.96851e-08 4.77205e-08 0 
0 6.42936e-08 1.20832e-07 1.62797e-07 1.85126e-07 1.85126e-07 1.62797e-07 1.20832e-07 6.42936e-08 0 
0 7.3112e-08 1.37406e-07 1.85126e-07 2.10518e-07 2.10518e-07 1.85126e-07 1.37406e-07 7.3112e-08 0 
0 7.3112e-08 1.37406e-07 1.85126e-07 2.10518e-07 2.10518e-07 1.85126e-07 1.37406e-07 7.3112e-08 0 
0 6.42936e-08 1.20832e-07 1.62797e-07 1.85126e-07 1.85126e-07 1.62797e-07 1.20832e-07 6.42936e-08 0 
0 4.77205e-08 8.96851e-08 1.20832e-07 1.37406e-07 1.37406e-07 1.20832e-07 8.96851e-08 4.77205e-08 0 
0 2.53915e-08 4.77205e-08 6.42936e-08 7.3112e-08 7.3112e-08 6.42936e-08 4.77205e-08 2.53915e-08 0 
0 0 0 0 0 0 0 0 0 0 
0 0 0 0 0 0 0 0 0 0 
0 2.04577e-08 3.84479e-08 5.18007e-08 5.89056e-08 5.89056e-08 5.18007e-08 3.84479e-08 2.04577e-08 0 
0 3.84479e-08 7.22584e-08 9.73535e-08 1.10706e-07 1.10706e-07 9.73535e-08 7.22584e-08 3.84479e-08 0 
0 5.18007e-08 9.73535e-08 1.31164e-07 1.49154e-07 1.49154e-07 1.31164e-07 9.73535e-08 5.18007e-08 0 
0 5.89056e-08 1.10706e-07 1.49154e-07 1.69612e-07 1.69612e-07 1.49154e-07 1.10706e-07 5.89056e-08 0 
0 5.89056e-08 1.10706e-07 1.49154e-07 1.69612e-07 1.69612e-07 1.49154e-07 1.10706e-07 5.89056e-08 0 
0 5.18007e-08 9.73535e-08 1.31164e-07 1.49154e-07 1.49154e-07 1.31164e-07 9.73535e-08 5.18007e-08 0 
0 3.84479e-08 7.22584e-08 9.73535e-08 1.10706e-07 1.10706e-07 9.73535e-08 7.22584e-08 3.84479e-08 0 
0 2.04577e-08 3.84479e-08 5.18007e-08 5.89056e-08 5.89056e-08 5.18007e-08 3.84479e-08 2.04577e-08 0 
0 0 0 0 0 0 0 0 0 0 
0 0 0 0 0 0 0 0 0 0 
0 1.64828e-08 3.09776e-08 4.1736e-08 4.74604e-08 4.74604e-08 4.1736e-08 3.09776e-08 1.64828e-08 0 
0 3.09776e-08 5.82188e-08 7.84379e-08 8.91963e-08 8.91963e-08 7.84379e-08 5.82188e-08 3.09776e-08 0 
0 4.1736e-08 7.84379e-08 1.05679e-07 1.20174e-07 1.20174e-07 1.05679e-07 7.84379e-08 4.1736e-08 0 
0 4.74604e-08 8.91963e-08 1.20174e-07 1.36657e-07 1.36657e-07 1.20174e-07 8.91963e-08 4.74604e-08 0 
0 4.74604e-08 8.91963e-08 1.20174e-07 1.36657e-07 1.36657e-07 1.20174e-07 8.91963e-08 4.74604e-08 0 
0 4.1736e-08 7.84379e-08 1.05679e-07 1.20174e-07 1.20174e-07 1.05679e-07 7.84379e-08 4.1736e-08 0 
0 3.09776e-08 5.82188e-08 7.84379e-08 8.91963e-08 8.91963e-08 7.84379e-08 5.82188e-08 3.09776e-08 0 
0 1.64828e-08 3.09776e-08 4.1736e-08 4.74604e-08 4.74604e-08 4.1736e-08 3.09776e-08 1.64828e-08 0 
0 0 0 0 0 0 0 0 0 0 
0 0 0 0 0 0 0 0 0 0 
0 1.32805e-08 2.49592e-08 3.36274e-08 3.82397e-08 3.82397e-08 3.36274e-08 2.49592e-08 1.32805e-08 0 
0 2.49592e-08 4.6908e-08 6.31989e-08 7.18672e-08 7.18672e-08 6.31989e-08 4.6908e-08 2.49592e-08 0 
0 3.36274e-08 6.31989e-08 8.51477e-08 9.68264e-08 9.68264e-08 8.51477e-08 6.31989e-08 3.36274e-08 0 
0 3.82397e-08 7.18672e-08 9.68264e-08 1.10107e-07 1.10107e-07 9.68264e-08 7.18672e-08 3.82397e-08 0 
0 3.82397e-08 7.18672e-08 9.68264e-08 1.10107e-07 1.10107e-07 9.68264e-08 7.18672e-08 3.82397e-08 0 
0 3.36274e-08 6.31989e-08 8.51477e-08 9.68264e-08 9.68264e-08 8.51477e-08 6.31989e-08 3.36274e-08 0 
0 2.49592e-08 4.6908e-08 6.31989e-08 7.18672e-08 7.18672e-08 6.31989e-08 4.6908e-08 2.49592e-08 0 
0 1.32805e-08 2.49592e-08 3.36274e-08 3.82397e-08 3.82397e-08 3.36274e-08 2.49592e-08 1.32805e-08 0 
0 0 0 0 0 0 0 0 0 0 
0 0 0 0 0 0 0 0 0 0 
0 1.07004e-08 2.01101e-08 2.70943e-08 3.08105e-08 3.08105e-08 2.70943e-08 2.01101e-08 1.07004e-08 0 
0 2.01101e-08 3.77946e-08 5.09205e-08 5.79047e-08 5.79047e-08 5.09205e-08 3.77946e-08 2.01101e-08 0 
0 2.70943e-08 5.09205e-08 6.86051e-08 7.80148e-08 7.80148e-08 6.86051e-08 5.09205e-08 2.70943e-08 0 
0 3.08105e-08 5.79047e-08 7.80148e-08 8.87152e-08 8.87152e-08 7.80148e-08 5.79047e-08 3.08105e-08 0 
0 3.08105e-08 5.79047e-08 7.80148e-08 8.87152e-08 8.87152e-08 7.80148e-08 5.79047e-08 3.08105e-08 0 
0 2.70943e-08 5.09205e-08 6.86051e-08 7.80148e-08 7.80148e-08 6.86051e-08 5.09205e-08 2.70943e-08 0 
0 2.01101e-08 3.77946e-08 5.09205e-08 5.79047e-08 5.79047e-08 5.09205e-08 3.77946e-08 2.01101e-08 0 
0 1.07004e-08 2.01101e-08 2.70943e-08 3.08105e-08 3.08105e-08 2.70943e-08 2.01101e-08 1.07004e-08 0 
0 0 0 0 0 0 0 0 0 0 
0 0 0 0 0 0 0 0 0 0 
0 8.62171e-09 1.62035e-08 2.18309e-08 2.48252e-08 2.48252e-08 2.18309e-08 1.62035e-08 8.62171e-09 0 
0 1.62035e-08 3.04526e-08 4.10287e-08 4.66562e-08 4.66562e-08 4.10287e-08 3.04526e-08 1.62035e-08 0 
0 2.18309e-08 4.10287e-08 5.52779e-08 6.28597e-08 6.28597e-08 5.52779e-08 4.10287e-08 2.18309e-08 0 
0 2.48252e-08 4.66562e-08 6.28597e-08 7.14814e-08 7.14814e-08 6.28597e-08 4.66562e-08 2.48252e-08 0 
0 2.48252e-08 4.66562e-08 6.28597e-08 7.14814e-08 7.14814e-08 6.28597e-08 4.66562e-08 2.48252e-08 0 
0 2.18309e-08 4.10287e-08 5.52779e-08 6.28597e-08 6.28597e-08 5.52779e-08 4.10287e-08 2.18309e-08 0 
0 1.62035e-08 3.04526e-08 4.10287e-08 4.66562e-08 4.66562e-08 4.10287e-08 3.04526e-08 1.62035e-08 0 
0 8.62171e-09 1.62035e-08 2.18309e-08 2.48252e-08 2.48252e-08 2.18309e-08 1.62035e-08 8.62171e-09 0 
0 0 0 0 0 0 0 0 0 0 
0 0 0 0 0 0 0 0 0 0 
0 6.94711e-09 1.30563e-08 1.75907e-08 2.00034e-08 2.00034e-08 1.75907e-08 1.30563e-08 6.94711e-09 0 
0 1.30563e-08 2.45378e-08 3.30597e-08 3.75941e-08 3.75941e-08 3.30597e-08 2.45378e-08 1.30563e-08 0 
0 1.75907e-08 3.30597e-08 4.45412e-08 5.06504e-08 5.06504e-08 4.45412e-08 3.30597e-08 1.75907e-08 0 
0 2.00034e-08 3.75941e-08 5.06504e-08 5.75975e-08 5.75975e-08 5.06504e-08 3.75941e-08 2.00034e-08 0 
0 2.00034e-08 3.75941e-08 5.06504e-08 5.75975e-08 5.75975e-08 5.06504e-08 3.75941e-08 2.00034e-08 0 
0 1.75907e-08 3.30597e-08 4.45412e-08 5.06504e-08 5.06504e-08 4.45412e-08 3.30597e-08 1.75907e-08 0 
0 1.30563e-08 2.45378e-08 3.30597e-08 3.75941e-08 3.75941e-08 3.30597e-08 2.45378e-08 1.30563e-08 0 
0 6.94711e-09 1.30563e-08 1.75907e-08 2.00034e-08 2.00034e-08 1.75907e-08 1.30563e-08 6.94711e-09 0 
0 0 0 0 0 0 0 0 0 0 
0 0 0 0 0 0 0 0 0 0 
0 5.59804e-09 1.05209e-08 1.41747e-08 1.61189e-08 1.61189e-08 1.41747e-08 1.05209e-08 5.59804e-09 0 
0 1.05209e-08 1.97728e-08 2.66398e-08 3.02936e-08 3.02936e-08 2.66398e-08 1.97728e-08 1.05209e-08 0 
0 1.41747e-08 2.66398e-08 3.58917e-08 4.08145e-08 4.08145e-08 3.58917e-08 2.66398e-08 1.41747e-08 0 
0 1.61189e-08 3.02936e-08 4.08145e-08 4.64125e-08 4.64125e-08 4.08145e-08 3.02936e-08 1.61189e-08 0 
0 1.61189e-08 3.02936e-08 4.08145e-08 4.64125e-08 4.64125e-08 4.08145e-08 3.02936e-08 1.61189e-08 0 
0 1.41747e-08 2.66398e-08 3.58917e-08 4.08145e-08 4.08145e-08 3.58917e-08 2.66398e-08 1.41747e-08 0 
0 1.05209e-08 1.97728e-08 2.66398e-08 3.02936e-08 3.02936e-08 2.66398e-08 1.97728e-08 1.05209e-08 0 
0 5.59804e-09 1.05209e-08 1.41747e-08 1.61189e-08 1.61189e-08 1.41747e-08 1.05209e-08 5.59804e-09 0 
0 0 0 0 0 0 0 0 0 0 
0 0 0 0 0 0 0 0 0 0 
0 4.51094e-09 8.4778e-09 1.14221e-08 1.29887e-08 1.29887e-08 1.14221e-08 8.4778e-09 4.51094e-09 0 
0 8.4778e-09 1.5933e-08 2.14665e-08 2.44108e-08 2.44108e-08 2.14665e-08 1.5933e-08 8.4778e-09 0 
0 1.14221e-08 2.14665e-08 2.89218e-08 3.28886e-08 3.28886e-08 2.89218e-08 2.14665e-08 1.14221e-08 0 
0 1.29887e-08 2.44108e-08 3.28886e-08 3.73996e-08 3.73996e-08 3.28886e-08 2.44108e-08 1.29887e-08 0 
0 1.29887e-08 2.44108e-08 3.28886e-08 3.73996e-08 3.73996e-08 3.28886e-08 2.44108e-08 1.29887e-08 0 
0 1.14221e-08 2.14665e-08 2.89218e-08 3.28886e-08 3.28886e-08 2.89218e-08 2.14665e-08 1.14221e-08 0 
0 8.4778e-09 1.5933e-08 2.14665e-08 2.44108e-08 2.44108e-08 2.14665e-08 1.5933e-08 8.4778e-09 0 
0 4.51094e-09 8.4778e-09 1.14221e-08 1.29887e-08 1.29887e-08 1.14221e-08 8.4778e-09 4.51094e-09 0 
0 0 0 0 0 0 0 0 0 0 
0 0 0 0 0 0 0 0 0 0 
0 3.63518e-09 6.83191e-09 9.2046e-09 1.04671e-08 1.04671e-08 9.2046e-09 6.83191e-09 3.63518e-09 0 
0 6.83191e-09 1.28398e-08 1.7299e-08 1.96717e-08 1.96717e-08 1.7299e-08 1.28398e-08 6.83191e-09 0 
0 9.2046e-09 1.7299e-08 2.33069e-08 2.65036e-08 2.65036e-08 2.33069e-08 1.7299e-08 9.2046e-09 0 
0 1.04671e-08 1.96717e-08 2.65036e-08 3.01388e-08 3.01388e-08 2.65036e-08 1.96717e-08 1.04671e-08 0 
0 1.04671e-08 1.96717e-08 2.65036e-08 3.01388e-08 3.01388e-08 2.65036e-08 1.96717e-08 1.04671e-08 0 
0 9.2046e-09 1.7299e-08 2.33069e-08 2.65036e-08 2.65036e-08 2.33069e-08 1.7299e-08 9.2046e-09 0 
0 6.83191e-09 1.28398e-08 1.7299e-08 1.96717e-08 1.96717e-08 1.7299e-08 1.28398e-08 6.83191e-09 0 
0 3.63518e-09 6.83191e-09 9.2046e-09 1.04671e-08 1.04671e-08 9.2046e-09 6.83191e-09 3.63518e-09 0 
0 0 0 0 0 0 0 0 0 0 
0 0 0 0 0 0 0 0 0 0 
0 2.92969e-09 5.50602e-09 7.41824e-09 8.43571e-09 8.43571e-09 7.41824e-09 5.50602e-09 2.92969e-09 0 
0 5.50602e-09 1.03479e-08 1.39417e-08 1.5854e-08 1.5854e-08 1.39417e-08 1.03479e-08 5.50602e-09 0 
0 7.41824e-09 1.39417e-08 1.87836e-08 2.136e-08 2.136e-08 1.87836e-08 1.39417e-08 7.41824e-09 0 
0 8.43571e-09 1.5854e-08 2.136e-08 2.42897e-08 2.42897e-08 2.136e-08 1.5854e-08 8.43571e-09 0 
0 8.43571e-09 1.5854e-08 2.136e-08 2.42897e-08 2.42897e-08 2.136e-08 1.5854e-08 8.43571e-09 0 
0 7.41824e-09 1.39417e-08 1.87836e-08 2.136e-08 2.136e-08 1.87836e-08 1.39417e-08 7.41824e-09 0 
0 5.50602e-09 1.03479e-08 1.39417e-08 1.5854e-08 1.5854e-08 1.39417e-08 1.03479e-08 5.50602e-09 0 
0 2.92969e-09 5.50602e-09 7.41824e-09 8.43571e-09 8.43571e-09 7.41824e-09 5.50602e-09 2.92969e-09 0 
0 0 0 0 0 0 0 0 0 0 
0 0 0 0 0 0 0 0 0 0 
0 2.36138e-09 4.43795e-09 5.97923e-09 6.79933e-09 6.79933e-09 5.97923e-09 4.43795e-09 2.36138e-09 0 
0 4.43795e-09 8.34062e-09 1.12373e-08 1.27786e-08 1.27786e-08 1.12373e-08 8.34062e-09 4.43795e-09 0 
0 5.97923e-09 1.12373e-08 1.51399e-08 1.72165e-08 1.72165e-08 1.51399e-08 1.12373e-08 5.97923e-09 0 
0 6.79933e-09 1.27786e-08 1.72165e-08 1.95779e-08 1.95779e-08 1.72165e-08 1.27786e-08 6.79933e-09 0 
0 6.79933e-09 1.27786e-08 1.72165e-08 1.95779e-08 1.95779e-08 1.72165e-08 1.27786e-08 6.79933e-09 0 
0 5.97923e-09 1.12373e-08 1.51399e-08 1.72165e-08 1.72165e-08 1.51399e-08 1.12373e-08 5.97923e-09 0 
0 4.43795e-09 8.34062e-09 1.12373e-08 1.27786e-08 1.27786e-08 1.12373e-08 8.34062e-09 4.43795e-09 0 
0 2.36138e-09 4.43795e-09 5.97923e-09 6.79933e-09 6.79933e-09 5.97923e-09 4.43795e-09 2.36138e-09 0 
0 0 0 0 0 0 0 0 0 0 
0 0 0 0 0 0 0 0 0 0 
0 1.90332e-09 3.57707e-09 4.81937e-09 5.48038e-09 5.48038e-09 4.81937e-09 3.57707e-09 1.90332e-09 0 
0 3.57707e-09 6.72269e-09 9.05745e-09 1.02998e-08 1.02998e-08 9.05745e-09 6.72269e-09 3.57707e-09 0 
0 4.81937e-09 9.05745e-09 1.22031e-08 1.38768e-08 1.38768e-08 1.22031e-08 9.05745e-09 4.81937e-09 0 
0 5.48038e-09 1.02998e-08 1.38768e-08 1.57801e-08 1.57801e-08 1.38768e-08 1.02998e-08 5.48038e-09 0 
0 5.48038e-09 1.02998e-08 1.38768e-08 1.57801e-08 1.57801e-08 1.38768e-08 1.02998e-08 5.48038e-09 0 
0 4.81937e-09 9.05745e-09 1.22031e-08 1.38768e-08 1.38768e-08 1.22031e-08 9.05745e-09 4.81937e-09 0 
0 3.57707e-09 6.72269e-09 9.05745e-09 1.02998e-08 1.02998e-08 9.05745e-09 6.72269e-09 3.57707e-09 0 
0 1.90332e-09 3.57707e-09 4.81937e-09 5.48038e-09 5.48038e-09 4.81937e-09 3.57707e-09 1.90332e-09 0 
0 0 0 0 0 0 0 0 0 0 
0 0 0 0 0 0 0 0 0 0 
0 1.53434e-09 2.88361e-09 3.88508e-09 4.41795e-09 4.41795e-09 3.88508e-09 2.88361e-09 1.53434e-09 0 
0 2.88361e-09 5.41941e-09 7.30156e-09 8.30302e-09 8.30302e-09 7.30156e-09 5.41941e-09 2.88361e-09 0 
0 3.88508e-09 7.30156e-09 9.83736e-09 1.11866e-08 1.11866e-08 9.83736e-09 7.30156e-09 3.88508e-09 0 
0 4.41795e-09 8.30302e-09 1.11866e-08 1.2721e-08 1.2721e-08 1.11866e-08 8.30302e-09 4.41795e-09 0 
0 4.41795e-09 8.30302e-09 1.11866e-08 1.2721e-08 1.2721e-08 1.11866e-08 8.30302e-09 4.41795e-09 0 
0 3.88508e-09 7.30156e-09 9.83736e-09 1.11866e-08 1.11866e-08 9.83736e-09 7.30156e-09 3.88508e-09 0 
0 2.88361e-09 5.41941e-09 7.30156e-09 8.30302e-09 8.30302e-09 7.30156e-09 5.41941e-09 2.88361e-09 0 
0 1.53434e-09 2.88361e-09 3.88508e-09 4.41795e-09 4.41795e-09 3.88508e-09 2.88361e-09 1.53434e-09 0 
0 0 0 0 0 0 0 0 0 0 
0 0 0 0 0 0 0 0 0 0 
0 1.23713e-09 2.32505e-09 3.13253e-09 3.56218e-09 3.56218e-09 3.13253e-09 2.32505e-09 1.23713e-09 0 
0 2.32505e-09 4.36967e-09 5.88723e-09 6.69472e-09 6.69472e-09 5.88723e-09 4.36967e-09 2.32505e-09 0 
0 3.13253e-09 5.88723e-09 7.93185e-09 9.01977e-09 9.01977e-09 7.93185e-09 5.88723e-09 3.13253e-09 0 
0 3.56218e-09 6.69472e-09 9.01977e-09 1.02569e-08 1.02569e-08 9.01977e-09 6.69472e-09 3.56218e-09 0 
0 3.56218e-09 6.69472e-09 9.01977e-09 1.02569e-08 1.02569e-08 9.01977e-09 6.69472e-09 3.56218e-09 0 
0 3.13253e-09 5.88723e-09 7.93185e-09 9.01977e-09 9.01977e-09 7.93185e-09 5.88723e-09 3.13253e-09 0 
0 2.32505e-09 4.36967e-09 5.88723e-09 6.69472e-09 6.69472e-09 5.88723e-09 4.36967e-09 2.32505e-09 0 
0 1.23713e-09 2.32505e-09 3.13253e-09 3.56218e-09 3.56218e-09 3.13253e-09 2.32505e-09 1.23713e-09 0 
0 0 0 0 0 0 0 0 0 0 
0 0 0 0 0 0 0 0 0 0 
0 9.97763e-10 1.87518e-09 2.52642e-09 2.87294e-09 2.87294e-09 2.52642e-09 1.87518e-09 9.97763e-10 0 
0 1.87518e-09 3.52419e-09 4.74812e-09 5.39937e-09 5.39937e-09 4.74812e-09 3.52419e-09 1.87518e-09 0 
0 2.52642e-09 4.74812e-09 6.39713e-09 7.27455e-09 7.27455e-09 6.39713e-09 4.74812e-09 2.52642e-09 0 
0 2.87294e-09 5.39937e-09 7.27455e-09 8.27231e-09 8.27231e-09 7.27455e-09 5.39937e-09 2.87294e-09 0 
0 2.87294e-09 5.39937e-09 7.27455e-09 8.27231e-09 8.27231e-09 7.27455e-09 5.39937e-09 2.87294e-09 0 
0 2.52642e-09 4.74812e-09 6.39713e-09 7.27455e-09 7.27455e-09 6.39713e-09 4.74812e-09 2.52642e-09 0 
0 1.87518e-09 3.52419e-09 4.74812e-09 5.39937e-09 5.39937e-09 4.74812e-09 3.52419e-09 1.87518e-09 0 
0 9.97763e-10 1.87518e-09 2.52642e-09 2.87294e-09 2.87294e-09 2.52642e-09 1.87518e-09 9.97763e-10 0 
0 0 0 0 0 0 0 0 0 0 
0 0 0 0 0 0 0 0 0 0 
0 8.04707e-10 1.51236e-09 2.03759e-09 2.31706e-09 2.31706e-09 2.03759e-09 1.51236e-09 8.04707e-10 0 
0 1.51236e-09 2.8423e-09 3.82942e-09 4.35465e-09 4.35465e-09 3.82942e-09 2.8423e-09 1.51236e-09 0 
0 2.03759e-09 3.82942e-09 5.15936e-09 5.86701e-09 5.86701e-09 5.15936e-09 3.82942e-09 2.03759e-09 0 
0 2.31706e-09 4.35465e-09 5.86701e-09 6.67172e-09 6.67172e-09 5.86701e-09 4.35465e-09 2.31706e-09 0 
0 2.31706e-09 4.35465e-09 5.86701e-09 6.67172e-09 6.67172e-09 5.86701e-09 4.35465e-09 2.31706e-09 0 
0 2.03759e-09 3.82942e-09 5.15936e-09 5.86701e-09 5.86701e-09 5.15936e-09 3.82942e-09 2.03759e-09 0 
0 1.51236e-09 2.8423e-09 3.82942e-09 4.35465e-09 4.35465e-09 3.82942e-09 2.8423e-09 1.51236e-09 0 
0 8.04707e-10 1.51236e-09 2.03759e-09 2.31706e-09 2.31706e-09 2.03759e-09 1.51236e-09 8.04707e-10 0 
0 0 0 0 0 0 0 0 0 0 
0 0 0 0 0 0 0 0 0 0 
0 6.49234e-10 1.22016e-09 1.64392e-09 1.8694e-09 1.8694e-09 1.64392e-09 1.22016e-09 6.49234e-10 0 
0 1.22016e-09 2.29315e-09 3.08956e-09 3.51331e-09 3.51331e-09 3.08956e-09 2.29315e-09 1.22016e-09 0 
0 1.64392e-09 3.08956e-09 4.16255e-09 4.73348e-09 4.73348e-09 4.16255e-09 3.08956e-09 1.64392e-09 0 
0 1.8694e-09 3.51331e-09 4.73348e-09 5.38271e-09 5.38271e-09 4.73348e-09 3.51331e-09 1.8694e-09 0 
0 1.8694e-09 3.51331e-09 4.73348e-09 5.38271e-09 5.38271e-09 4.73348e-09 3.51331e-09 1.8694e-09 0 
0 1.64392e-09 3.08956e-09 4.16255e-09 4.73348e-09 4.73348e-09 4.16255e-09 3.08956e-09 1.64392e-09 0 
0 1.22016e-09 2.29315e-09 3.08956e-09 3.51331e-09 3.51331e-09 3.08956e-09 2.29315e-09 1.22016e-09 0 
0 6.49234e-10 1.22016e-09 1.64392e-09 1.8694e-09 1.8694e-09 1.64392e-09 1.22016e-09 6.49234e-10 0 
0 0 0 0 0 0 0 0 0 0 
0 0 0 0 0 0 0 0 0 0 
0 5.24044e-10 9.84881e-10 1.32693e-09 1.50893e-09 1.50893e-09 1.32693e-09 9.84881e-10 5.24044e-10 0 
0 9.84881e-10 1.85097e-09 2.49381e-09 2.83585e-09 2.83585e-09 2.49381e-09 1.85097e-09 9.84881e-10 0 
0 1.32693e-09 2.49381e-09 3.3599e-09 3.82073e-09 3.82073e-09 3.3599e-09 2.49381e-09 1.32693e-09 0 
0 1.50893e-09 2.83585e-09 3.82073e-09 4.34478e-09 4.34478e-09 3.82073e-09 2.83585e-09 1.50893e-09 0 
0 1.50893e-09 2.83585e-09 3.82073e-09 4.34478e-09 4.34478e-09 3.82073e-09 2.83585e-09 1.50893e-09 0 
0 1.32693e-09 2.49381e-09 3.3599e-09 3.82073e-09 3.82073e-09 3.3599e-09 2.49381e-09 1.32693e-09 0 
0 9.84881e-10 1.85097e-09 2.49381e-09 2.83585e-09 2.83585e-09 2.49381e-09 1.85097e-09 9.84881e-10 0 
0 5.24044e-10 9.84881e-10 1.32693e-09 1.50893e-09 1.50893e-09 1.32693e-09 9.84881e-10 5.24044e-10 0 
0 0 0 0 0 0 0 0 0 0 
0 0 0 0 0 0 0 0 0 0 
0 4.23257e-10 7.95464e-10 1.07173e-09 1.21872e-09 1.21872e-09 1.07173e-09 7.95464e-10 4.23257e-10 0 
0 7.95464e-10 1.49498e-09 2.01418e-09 2.29045e-09 2.29045e-09 2.01418e-09 1.49498e-09 7.95464e-10 0 
0 1.07173e-09 2.01418e-09 2.7137e-09 3.08591e-09 3.08591e-09 2.7137e-09 2.01418e-09 1.07173e-09 0 
0 1.21872e-09 2.29045e-09 3.08591e-09 3.50917e-09 3.50917e-09 3.08591e-09 2.29045e-09 1.21872e-09 0 
0 1.21872e-09 2.29045e-09 3.08591e-09 3.50917e-09 3.50917e-09 3.08591e-09 2.29045e-09 1.21872e-09 0 
0 1.07173e-09 2.01418e-09 2.7137e-09 3.08591e-09 3.08591e-09 2.7137e-09 2.01418e-09 1.07173e-09 0 
0 7.95464e-10 1.49498e-09 2.01418e-09 2.29045e-09 2.29045e-09 2.01418e-09 1.49498e-09 7.95464e-10 0 
0 4.23257e-10 7.95464e-10 1.07173e-09 1.21872e-09 1.21872e-09 1.07173e-09 7.95464e-10 4.23257e-10 0 
0 0 0 0 0 0 0 0 0 0 
0 0 0 0 0 0 0 0 0 0 
0 3.41854e-10 6.42476e-10 8.65606e-10 9.8433e-10 9.8433e-10 8.65606e-10 6.42476e-10 3.41854e-10 0 
0 6.42476e-10 1.20746e-09 1.62681e-09 1.84994e-09 1.84994e-09 1.62681e-09 1.20746e-09 6.42476e-10 0 
0 8.65606e-10 1.62681e-09 2.19179e-09 2.49241e-09 2.49241e-09 2.19179e-09 1.62681e-09 8.65606e-10 0 
0 9.8433e-10 1.84994e-09 2.49241e-09 2.83427e-09 2.83427e-09 2.49241e-09 1.84994e-09 9.8433e-10 0 
0 9.8433e-10 1.84994e-09 2.49241e-09 2.83427e-09 2.83427e-09 2.49241e-09 1.84994e-09 9.8433e-10 0 
0 8.65606e-10 1.62681e-09 2.19179e-09 2.49241e-09 2.49241e-09 2.19179e-09 1.62681e-09 8.65606e-10 0 
0 6.42476e-10 1.20746e-09 1.62681e-09 1.84994e-09 1.84994e-09 1.62681e-09 1.20746e-09 6.42476e-10 0 
0 3.41854e-10 6.42476e-10 8.65606e-10 9.8433e-10 9.8433e-10 8.65606e-10 6.42476e-10 3.41854e-10 0 
0 0 0 0 0 0 0 0 0 0 
0 0 0 0 0 0 0 0 0 0 
0 2.76335e-10 5.19341e-10 6.99706e-10 7.95676e-10 7.95676e-10 6.99706e-10 5.19341e-10 2.76335e-10 0 
0 5.19341e-10 9.76041e-10 1.31502e-09 1.49538e-09 1.49538e-09 1.31502e-09 9.76041e-10 5.19341e-10 0 
0 6.99706e-10 1.31502e-09 1.77172e-09 2.01472e-09 2.01472e-09 1.77172e-09 1.31502e-09 6.99706e-10 0 
0 7.95676e-10 1.49538e-09 2.01472e-09 2.29106e-09 2.29106e-09 2.01472e-09 1.49538e-09 7.95676e-10 0 
0 7.95676e-10 1.49538e-09 2.01472e-09 2.29106e-09 2.29106e-09 2.01472e-09 1.49538e-09 7.95676e-10 0 
0 6.99706e-10 1.31502e-09 1.77172e-09 2.01472e-09 2.01472e-09 1.77172e-09 1.31502e-09 6.99706e-10 0 
0 5.19341e-10 9.76041e-10 1.31502e-09 1.49538e-09 1.49538e-09 1.31502e-09 9.76041e-10 5.19341e-10 0 
0 2.76335e-10 5.19341e-10 6.99706e-10 7.95676e-10 7.95676e-10 6.99706e-10 5.19341e-10 2.76335e-10 0 
0 0 0 0 0 0 0 0 0 0 
0 0 0 0 0 0 0 0 0 0 
0 2.23619e-10 4.20266e-10 5.66224e-10 6.43886e-10 6.43886e-10 5.66224e-10 4.20266e-10 2.23619e-10 0 
0 4.20266e-10 7.89843e-10 1.06415e-09 1.21011e-09 1.21011e-09 1.06415e-09 7.89843e-10 4.20266e-10 0 
0 5.66224e-10 1.06415e-09 1.43373e-09 1.63038e-09 1.63038e-09 1.43373e-09 1.06415e-09 5.66224e-10 0 
0 6.43886e-10 1.21011e-09 1.63038e-09 1.85399e-09 1.85399e-09 1.63038e-09 1.21011e-09 6.43886e-10 0 
0 6.43886e-10 1.21011e-09 1.63038e-09 1.85399e-09 1.85399e-09 1.63038e-09 1.21011e-09 6.43886e-10 0 
0 5.66224e-10 1.06415e-09 1.43373e-09 1.63038e-09 1.63038e-09 1.43373e-09 1.06415e-09 5.66224e-10 0 
0 4.20266e-10 7.89843e-10 1.06415e-09 1.21011e-09 1.21011e-09 1.06415e-09 7.89843e-10 4.20266e-10 0 
0 2.23619e-10 4.20266e-10 5.66224e-10 6.43886e-10 6.43886e-10 5.66224e-10 4.20266e-10 2.23619e-10 0 
0 0 0 0 0 0 0 0 0 0 
0 0 0 0 0 0 0 0 0 0 
0 1.81224e-10 3.40589e-10 4.58874e-10 5.21813e-10 5.21813e-10 4.58874e-10 3.40589e-10 1.81224e-10 0 
0 3.40589e-10 6.40098e-10 8.62402e-10 9.80687e-10 9.80687e-10 8.62402e-10 6.40098e-10 3.40589e-10 0 
0 4.58874e-10 8.62402e-10 1.16191e-09 1.32128e-09 1.32128e-09 1.16191e-09 8.62402e-10 4.58874e-10 0 
0 5.21813e-10 9.80687e-10 1.32128e-09 1.5025e-09 1.5025e-09 1.32128e-09 9.80687e-10 5.21813e-10 0 
0 5.21813e-10 9.80687e-10 1.32128e-09 1.5025e-09 1.5025e-09 1.32128e-09 9.80687e-10 5.21813e-10 0 
0 4.58874e-10 8.62402e-10 1.16191e-09 1.32128e-09 1.32128e-09 1.16191e-09 8.62402e-10 4.58874e-10 0 
0 3.40589e-10 6.40098e-10 8.62402e-10 9.80687e-10 9.80687e-10 8.62402e-10 6.40098e-10 3.40589e-10 0 
0 1.81224e-10 3.40589e-10 4.58874e-10 5.21813e-10 5.21813e-10 4.58874e-10 3.40589e-10 1.81224e-10 0 
0 0 0 0 0 0 0 0 0 0 
0 0 0 0 0 0 0 0 0 0 
0 1.46866e-10 2.76018e-10 3.71878e-10 4.22884e-10 4.22884e-10 3.71878e-10 2.76018e-10 1.46866e-10 0 
0 2.76018e-10 5.18743e-10 6.98901e-10 7.94761e-10 7.94761e-10 6.98901e-10 5.18743e-10 2.76018e-10 0 
0 3.71878e-10 6.98901e-10 9.41627e-10 1.07078e-09 1.07078e-09 9.41627e-10 6.98901e-10 3.71878e-10 0 
0 4.22884e-10 7.94761e-10 1.07078e-09 1.21764e-09 1.21764e-09 1.07078e-09 7.94761e-10 4.22884e-10 0 
0 4.22884e-10 7.94761e-10 1.07078e-09 1.21764e-09 1.21764e-09 1.07078e-09 7.94761e-10 4.22884e-10 0 
0 3.71878e-10 6.98901e-10 9.41627e-10 1.07078e-09 1.07078e-09 9.41627e-10 6.98901e-10 3.71878e-10 0 
0 2.76018e-10 5.18743e-10 6.98901e-10 7.94761e-10 7.94761e-10 6.98901e-10 5.18743e-10 2.76018e-10 0 
0 1.46866e-10 2.76018e-10 3.71878e-10 4.22884e-10 4.22884e-10 3.71878e-10 2.76018e-10 1.46866e-10 0 
0 0 0 0 0 0 0 0 0 0 
0 0 0 0 0 0 0 0 0 0 
0 1.19253e-10 2.24122e-10 3.01959e-10 3.43375e-10 3.43375e-10 3.01959e-10 2.24122e-10 1.19253e-10 0 
0 2.24122e-10 4.21211e-10 5.67497e-10 6.45333e-10 6.45333e-10 5.67497e-10 4.21211e-10 2.24122e-10 0 
0 3.01959e-10 5.67497e-10 7.64586e-10 8.69455e-10 8.69455e-10 7.64586e-10 5.67497e-10 3.01959e-10 0 
0 3.43375e-10 6.45333e-10 8.69455e-10 9.88708e-10 9.88708e-10 8.69455e-10 6.45333e-10 3.43375e-10 0 
0 3.43375e-10 6.45333e-10 8.69455e-10 9.88708e-10 9.88708e-10 8.69455e-10 6.45333e-10 3.43375e-10 0 
0 3.01959e-10 5.67497e-10 7.64586e-10 8.69455e-10 8.69455e-10 7.64586e-10 5.67497e-10 3.01959e-10 0 
0 2.24122e-10 4.21211e-10 5.67497e-10 6.45333e-10 6.45333e-10 5.67497e-10 4.21211e-10 2.24122e-10 0 
0 1.19253e-10 2.24122e-10 3.01959e-10 3.43375e-10 3.43375e-10 3.01959e-10 2.24122e-10 1.19253e-10 0 
0 0 0 0 0 0 0 0 0 0 
0 0 0 0 0 0 0 0 0 0 
0 9.70807e-11 1.82452e-10 2.45817e-10 2.79533e-10 2.79533e-10 2.45817e-10 1.82452e-10 9.70807e-11 0 
0 1.82452e-10 3.42898e-10 4.61985e-10 5.25349e-10 5.25349e-10 4.61985e-10 3.42898e-10 1.82452e-10 0 
0 2.45817e-10 4.61985e-10 6.2243e-10 7.07801e-10 7.07801e-10 6.2243e-10 4.61985e-10 2.45817e-10 0 
0 2.79533e-10 5.25349e-10 7.07801e-10 8.04882e-10 8.04882e-10 7.07801e-10 5.25349e-10 2.79533e-10 0 
0 2.79533e-10 5.25349e-10 7.07801e-10 8.04882e-10 8.04882e-10 7.07801e-10 5.25349e-10 2.79533e-10 0 
0 2.45817e-10 4.61985e-10 6.2243e-10 7.07801e-10 7.07801e-10 6.2243e-10 4.61985e-10 2.45817e-10 0 
0 1.82452e-10 3.42898e-10 4.61985e-10 5.25349e-10 5.25349e-10 4.61985e-10 3.42898e-10 1.82452e-10 0 
0 9.70807e-11 1.82452e-10 2.45817e-10 2.79533e-10 2.79533e-10 2.45817e-10 1.82452e-10 9.70807e-11 0 
0 0 0 0 0 0 0 0 0 0 
0 0 0 0 0 0 0 0 0 0 
0 7.93009e-11 1.49037e-10 2.00797e-10 2.28338e-10 2.28338e-10 2.00797e-10 1.49037e-10 7.93009e-11 0 
0 1.49037e-10 2.80098e-10 3.77375e-10 4.29135e-10 4.29135e-10 3.77375e-10 2.80098e-10 1.49037e-10 0 
0 2.00797e-10 3.77375e-10 5.08436e-10 5.78172e-10 5.78172e-10 5.08436e-10 3.77375e-10 2.00797e-10 0 
0 2.28338e-10 4.29135e-10 5.78172e-10 6.57473e-10 6.57473e-10 5.78172e-10 4.29135e-10 2.28338e-10 0 
0 2.28338e-10 4.29135e-10 5.78172e-10 6.57473e-10 6.57473e-10 5.78172e-10 4.29135e-10 2.28338e-10 0 
0 2.00797e-10 3.77375e-10 5.08436e-10 5.78172e-10 5.78172e-10 5.08436e-10 3.77375e-10 2.00797e-10 0 
0 1.49037e-10 2.80098e-10 3.77375e-10 4.29135e-10 4.29135e-10 3.77375e-10 2.80098e-10 1.49037e-10 0 
0 7.93009e-11 1.49037e-10 2.00797e-10 2.28338e-10 2.28338e-10 2.00797e-10 1.49037e-10 7.93009e-11 0 
0 0 0 0 0 0 0 0 0 0 
